/*--------------------------------*- C++ -*----------------------------------*\
| =========                 |                                                 |
| \\      /  F ield         | OpenFOAM: The Open Source CFD Toolbox           |
|  \\    /   O peration     | Version:  2412                                  |
|   \\  /    A nd           | Website:  www.openfoam.com                      |
|    \\/     M anipulation  |                                                 |
\*---------------------------------------------------------------------------*/
FoamFile
{
    version     2.0;
    format      ascii;
    arch        "LSB;label=32;scalar=64";
    class       faceList;
    location    "constant/steel_cylinder/polyMesh";
    object      faces;
}
// * * * * * * * * * * * * * * * * * * * * * * * * * * * * * * * * * * * * * //


4887
(
3(54 71 422)
3(54 422 64)
3(71 64 422)
3(332 422 71)
3(485 422 332)
3(485 71 422)
3(485 332 71)
3(332 422 54)
3(71 332 54)
3(332 485 423)
3(332 423 422)
3(485 422 423)
3(333 423 485)
3(486 423 333)
3(486 485 423)
3(486 333 485)
3(333 423 332)
3(485 333 332)
3(333 486 424)
3(333 424 423)
3(486 423 424)
3(334 424 486)
3(487 424 334)
3(487 486 424)
3(487 334 486)
3(334 424 333)
3(486 334 333)
3(334 487 425)
3(334 425 424)
3(487 424 425)
3(335 425 487)
3(488 425 335)
3(488 487 425)
3(488 335 487)
3(335 425 334)
3(487 335 334)
3(335 488 426)
3(335 426 425)
3(488 425 426)
3(336 426 488)
3(489 426 336)
3(489 488 426)
3(489 336 488)
3(336 426 335)
3(488 336 335)
3(336 489 427)
3(336 427 426)
3(489 426 427)
3(337 427 489)
3(490 427 337)
3(490 489 427)
3(490 337 489)
3(337 427 336)
3(489 337 336)
3(337 490 428)
3(337 428 427)
3(490 427 428)
3(338 428 490)
3(491 428 338)
3(491 490 428)
3(491 338 490)
3(338 428 337)
3(490 338 337)
3(338 491 429)
3(338 429 428)
3(491 428 429)
3(339 429 491)
3(492 429 339)
3(492 491 429)
3(492 339 491)
3(339 429 338)
3(491 339 338)
3(339 492 430)
3(339 430 429)
3(492 429 430)
3(340 430 492)
3(493 430 340)
3(493 492 430)
3(493 340 492)
3(340 430 339)
3(492 340 339)
3(340 493 256)
3(340 256 430)
3(493 430 256)
3(246 256 493)
3(263 493 256)
3(263 246 493)
3(246 256 340)
3(493 246 340)
3(5 65 287)
3(65 49 287)
3(5 287 49)
3(104 287 65)
3(431 287 104)
3(431 104 65)
3(431 65 287)
3(65 104 5)
3(104 287 5)
3(104 431 288)
3(431 287 288)
3(104 288 287)
3(105 288 431)
3(432 288 105)
3(432 105 431)
3(432 431 288)
3(431 105 104)
3(105 288 104)
3(105 432 289)
3(432 288 289)
3(105 289 288)
3(106 289 432)
3(433 289 106)
3(433 106 432)
3(433 432 289)
3(432 106 105)
3(106 289 105)
3(106 433 290)
3(433 289 290)
3(106 290 289)
3(107 290 433)
3(434 290 107)
3(434 107 433)
3(434 433 290)
3(433 107 106)
3(107 290 106)
3(107 434 291)
3(434 290 291)
3(107 291 290)
3(108 291 434)
3(435 291 108)
3(435 108 434)
3(435 434 291)
3(434 108 107)
3(108 291 107)
3(108 435 292)
3(435 291 292)
3(108 292 291)
3(109 292 435)
3(436 292 109)
3(436 109 435)
3(436 435 292)
3(435 109 108)
3(109 292 108)
3(109 436 293)
3(436 292 293)
3(109 293 292)
3(110 293 436)
3(437 293 110)
3(437 110 436)
3(437 436 293)
3(436 110 109)
3(110 293 109)
3(110 437 294)
3(437 293 294)
3(110 294 293)
3(111 294 437)
3(438 294 111)
3(438 111 437)
3(438 437 294)
3(437 111 110)
3(111 294 110)
3(111 438 295)
3(438 294 295)
3(111 295 294)
3(112 295 438)
3(439 295 112)
3(439 112 438)
3(439 438 295)
3(438 112 111)
3(112 295 111)
3(112 439 241)
3(439 295 241)
3(112 241 295)
3(32 241 439)
3(257 32 439)
3(257 439 241)
3(439 32 112)
3(32 241 112)
3(53 59 359)
3(53 359 57)
3(59 57 359)
3(323 359 59)
3(377 359 323)
3(377 323 59)
3(377 59 359)
3(323 359 53)
3(59 323 53)
3(323 377 360)
3(323 360 359)
3(377 359 360)
3(324 360 377)
3(378 360 324)
3(378 324 377)
3(378 377 360)
3(324 360 323)
3(377 324 323)
3(324 378 361)
3(324 361 360)
3(378 360 361)
3(325 361 378)
3(379 361 325)
3(379 325 378)
3(379 378 361)
3(325 361 324)
3(378 325 324)
3(325 379 362)
3(325 362 361)
3(379 361 362)
3(326 362 379)
3(380 362 326)
3(380 326 379)
3(380 379 362)
3(326 362 325)
3(379 326 325)
3(326 380 363)
3(326 363 362)
3(380 362 363)
3(327 363 380)
3(381 363 327)
3(381 327 380)
3(381 380 363)
3(327 363 326)
3(380 327 326)
3(327 381 364)
3(327 364 363)
3(381 363 364)
3(328 364 381)
3(382 364 328)
3(382 328 381)
3(382 381 364)
3(328 364 327)
3(381 328 327)
3(328 382 365)
3(328 365 364)
3(382 364 365)
3(329 365 382)
3(383 365 329)
3(383 329 382)
3(383 382 365)
3(329 365 328)
3(382 329 328)
3(329 383 366)
3(329 366 365)
3(383 365 366)
3(330 366 383)
3(384 366 330)
3(384 330 383)
3(384 383 366)
3(330 366 329)
3(383 330 329)
3(330 384 367)
3(330 367 366)
3(384 366 367)
3(331 367 384)
3(385 367 331)
3(385 331 384)
3(385 384 367)
3(331 367 330)
3(384 331 330)
3(331 385 249)
3(331 249 367)
3(385 367 249)
3(245 249 385)
3(251 245 385)
3(251 385 249)
3(245 249 331)
3(385 245 331)
3(63 76 449)
3(76 67 449)
3(63 449 67)
3(413 449 76)
3(530 449 413)
3(530 76 449)
3(530 413 76)
3(76 413 63)
3(413 449 63)
3(413 530 450)
3(530 449 450)
3(413 450 449)
3(414 450 530)
3(531 450 414)
3(531 530 450)
3(531 414 530)
3(530 414 413)
3(414 450 413)
3(414 531 451)
3(531 450 451)
3(414 451 450)
3(415 451 531)
3(532 451 415)
3(532 531 451)
3(532 415 531)
3(531 415 414)
3(415 451 414)
3(415 532 452)
3(532 451 452)
3(415 452 451)
3(416 452 532)
3(533 452 416)
3(533 532 452)
3(533 416 532)
3(532 416 415)
3(416 452 415)
3(416 533 453)
3(533 452 453)
3(416 453 452)
3(417 453 533)
3(534 453 417)
3(534 533 453)
3(534 417 533)
3(533 417 416)
3(417 453 416)
3(417 534 454)
3(534 453 454)
3(417 454 453)
3(418 454 534)
3(535 454 418)
3(535 534 454)
3(535 418 534)
3(534 418 417)
3(418 454 417)
3(418 535 455)
3(535 454 455)
3(418 455 454)
3(419 455 535)
3(536 455 419)
3(536 535 455)
3(536 419 535)
3(535 419 418)
3(419 455 418)
3(419 536 456)
3(536 455 456)
3(419 456 455)
3(420 456 536)
3(537 456 420)
3(537 536 456)
3(537 420 536)
3(536 420 419)
3(420 456 419)
3(420 537 457)
3(537 456 457)
3(420 457 456)
3(421 457 537)
3(538 457 421)
3(538 537 457)
3(538 421 537)
3(537 421 420)
3(421 457 420)
3(421 538 259)
3(538 457 259)
3(421 259 457)
3(255 259 538)
3(268 538 259)
3(268 255 538)
3(538 255 421)
3(255 259 421)
3(72 54 422)
3(64 72 422)
3(422 332 72)
3(494 332 422)
3(494 422 72)
3(494 72 332)
3(72 54 332)
3(494 332 423)
3(422 494 423)
3(423 333 494)
3(495 333 423)
3(495 423 494)
3(495 494 333)
3(494 332 333)
3(495 333 424)
3(423 495 424)
3(424 334 495)
3(496 334 424)
3(496 424 495)
3(496 495 334)
3(495 333 334)
3(496 334 425)
3(424 496 425)
3(425 335 496)
3(497 335 425)
3(497 425 496)
3(497 496 335)
3(496 334 335)
3(497 335 426)
3(425 497 426)
3(426 336 497)
3(498 336 426)
3(498 426 497)
3(498 497 336)
3(497 335 336)
3(498 336 427)
3(426 498 427)
3(427 337 498)
3(499 337 427)
3(499 427 498)
3(499 498 337)
3(498 336 337)
3(499 337 428)
3(427 499 428)
3(428 338 499)
3(500 338 428)
3(500 428 499)
3(500 499 338)
3(499 337 338)
3(500 338 429)
3(428 500 429)
3(429 339 500)
3(501 339 429)
3(501 429 500)
3(501 500 339)
3(500 338 339)
3(501 339 430)
3(429 501 430)
3(430 340 501)
3(502 340 430)
3(502 430 501)
3(502 501 340)
3(501 339 340)
3(502 340 256)
3(430 502 256)
3(256 246 502)
3(264 256 502)
3(264 502 246)
3(502 340 246)
3(67 76 314)
3(67 314 52)
3(76 52 314)
3(449 314 76)
3(530 314 449)
3(530 76 314)
3(449 314 67)
3(449 530 315)
3(449 315 314)
3(530 314 315)
3(450 315 530)
3(531 315 450)
3(531 530 315)
3(450 315 449)
3(450 531 316)
3(450 316 315)
3(531 315 316)
3(451 316 531)
3(532 316 451)
3(532 531 316)
3(451 316 450)
3(451 532 317)
3(451 317 316)
3(532 316 317)
3(452 317 532)
3(533 317 452)
3(533 532 317)
3(452 317 451)
3(452 533 318)
3(452 318 317)
3(533 317 318)
3(453 318 533)
3(534 318 453)
3(534 533 318)
3(453 318 452)
3(453 534 319)
3(453 319 318)
3(534 318 319)
3(454 319 534)
3(535 319 454)
3(535 534 319)
3(454 319 453)
3(454 535 320)
3(454 320 319)
3(535 319 320)
3(455 320 535)
3(536 320 455)
3(536 535 320)
3(455 320 454)
3(455 536 321)
3(455 321 320)
3(536 320 321)
3(456 321 536)
3(537 321 456)
3(537 536 321)
3(456 321 455)
3(456 537 322)
3(456 322 321)
3(537 321 322)
3(457 322 537)
3(538 322 457)
3(538 537 322)
3(457 322 456)
3(457 538 244)
3(457 244 322)
3(538 322 244)
3(259 244 538)
3(268 538 244)
3(259 244 457)
3(6 65 104)
3(113 104 65)
3(431 104 113)
3(431 113 65)
3(65 113 6)
3(113 431 105)
3(114 105 431)
3(432 105 114)
3(432 114 431)
3(431 114 113)
3(114 432 106)
3(115 106 432)
3(433 106 115)
3(433 115 432)
3(432 115 114)
3(115 433 107)
3(116 107 433)
3(434 107 116)
3(434 116 433)
3(433 116 115)
3(116 434 108)
3(117 108 434)
3(435 108 117)
3(435 117 434)
3(434 117 116)
3(117 435 109)
3(118 109 435)
3(436 109 118)
3(436 118 435)
3(435 118 117)
3(118 436 110)
3(119 110 436)
3(437 110 119)
3(437 119 436)
3(436 119 118)
3(119 437 111)
3(120 111 437)
3(438 111 120)
3(438 120 437)
3(437 120 119)
3(120 438 112)
3(121 112 438)
3(439 112 121)
3(439 121 438)
3(438 121 120)
3(121 439 32)
3(33 32 439)
3(257 33 439)
3(439 33 121)
3(64 71 395)
3(71 61 395)
3(64 395 61)
3(422 395 71)
3(485 395 422)
3(485 71 395)
3(422 395 64)
3(422 485 396)
3(485 395 396)
3(422 396 395)
3(423 396 485)
3(486 396 423)
3(486 485 396)
3(423 396 422)
3(423 486 397)
3(486 396 397)
3(423 397 396)
3(424 397 486)
3(487 397 424)
3(487 486 397)
3(424 397 423)
3(424 487 398)
3(487 397 398)
3(424 398 397)
3(425 398 487)
3(488 398 425)
3(488 487 398)
3(425 398 424)
3(425 488 399)
3(488 398 399)
3(425 399 398)
3(426 399 488)
3(489 399 426)
3(489 488 399)
3(426 399 425)
3(426 489 400)
3(489 399 400)
3(426 400 399)
3(427 400 489)
3(490 400 427)
3(490 489 400)
3(427 400 426)
3(427 490 401)
3(490 400 401)
3(427 401 400)
3(428 401 490)
3(491 401 428)
3(491 490 401)
3(428 401 427)
3(428 491 402)
3(491 401 402)
3(428 402 401)
3(429 402 491)
3(492 402 429)
3(492 491 402)
3(429 402 428)
3(429 492 403)
3(492 402 403)
3(429 403 402)
3(430 403 492)
3(493 403 430)
3(493 492 403)
3(430 403 429)
3(430 493 253)
3(493 403 253)
3(430 253 403)
3(256 253 493)
3(263 493 253)
3(256 253 430)
3(65 53 359)
3(57 65 359)
3(359 323 65)
3(431 323 359)
3(431 359 65)
3(431 65 323)
3(65 53 323)
3(431 323 360)
3(359 431 360)
3(360 324 431)
3(432 324 360)
3(432 360 431)
3(432 431 324)
3(431 323 324)
3(432 324 361)
3(360 432 361)
3(361 325 432)
3(433 325 361)
3(433 361 432)
3(433 432 325)
3(432 324 325)
3(433 325 362)
3(361 433 362)
3(362 326 433)
3(434 326 362)
3(434 362 433)
3(434 433 326)
3(433 325 326)
3(434 326 363)
3(362 434 363)
3(363 327 434)
3(435 327 363)
3(435 363 434)
3(435 434 327)
3(434 326 327)
3(435 327 364)
3(363 435 364)
3(364 328 435)
3(436 328 364)
3(436 364 435)
3(436 435 328)
3(435 327 328)
3(436 328 365)
3(364 436 365)
3(365 329 436)
3(437 329 365)
3(437 365 436)
3(437 436 329)
3(436 328 329)
3(437 329 366)
3(365 437 366)
3(366 330 437)
3(438 330 366)
3(438 366 437)
3(438 437 330)
3(437 329 330)
3(438 330 367)
3(366 438 367)
3(367 331 438)
3(439 331 367)
3(439 367 438)
3(439 438 331)
3(438 330 331)
3(439 331 249)
3(367 439 249)
3(249 245 439)
3(257 249 439)
3(257 439 245)
3(439 331 245)
3(66 76 413)
3(66 413 63)
3(440 413 76)
3(530 413 440)
3(530 440 76)
3(440 413 66)
3(76 440 66)
3(440 530 414)
3(440 414 413)
3(441 414 530)
3(531 414 441)
3(531 441 530)
3(441 414 440)
3(530 441 440)
3(441 531 415)
3(441 415 414)
3(442 415 531)
3(532 415 442)
3(532 442 531)
3(442 415 441)
3(531 442 441)
3(442 532 416)
3(442 416 415)
3(443 416 532)
3(533 416 443)
3(533 443 532)
3(443 416 442)
3(532 443 442)
3(443 533 417)
3(443 417 416)
3(444 417 533)
3(534 417 444)
3(534 444 533)
3(444 417 443)
3(533 444 443)
3(444 534 418)
3(444 418 417)
3(445 418 534)
3(535 418 445)
3(535 445 534)
3(445 418 444)
3(534 445 444)
3(445 535 419)
3(445 419 418)
3(446 419 535)
3(536 419 446)
3(536 446 535)
3(446 419 445)
3(535 446 445)
3(446 536 420)
3(446 420 419)
3(447 420 536)
3(537 420 447)
3(537 447 536)
3(447 420 446)
3(536 447 446)
3(447 537 421)
3(447 421 420)
3(448 421 537)
3(538 421 448)
3(538 448 537)
3(448 421 447)
3(537 448 447)
3(448 538 255)
3(448 255 421)
3(258 255 538)
3(268 258 538)
3(258 255 448)
3(538 258 448)
3(47 74 404)
3(47 404 62)
3(74 62 404)
3(269 404 74)
3(512 404 269)
3(512 74 404)
3(512 269 74)
3(269 404 47)
3(74 269 47)
3(269 512 405)
3(269 405 404)
3(512 404 405)
3(270 405 512)
3(513 405 270)
3(513 512 405)
3(513 270 512)
3(270 405 269)
3(512 270 269)
3(270 513 406)
3(270 406 405)
3(513 405 406)
3(271 406 513)
3(514 406 271)
3(514 513 406)
3(514 271 513)
3(271 406 270)
3(513 271 270)
3(271 514 407)
3(271 407 406)
3(514 406 407)
3(272 407 514)
3(515 407 272)
3(515 514 407)
3(515 272 514)
3(272 407 271)
3(514 272 271)
3(272 515 408)
3(272 408 407)
3(515 407 408)
3(273 408 515)
3(516 408 273)
3(516 515 408)
3(516 273 515)
3(273 408 272)
3(515 273 272)
3(273 516 409)
3(273 409 408)
3(516 408 409)
3(274 409 516)
3(517 409 274)
3(517 516 409)
3(517 274 516)
3(274 409 273)
3(516 274 273)
3(274 517 410)
3(274 410 409)
3(517 409 410)
3(275 410 517)
3(518 410 275)
3(518 517 410)
3(518 275 517)
3(275 410 274)
3(517 275 274)
3(275 518 411)
3(275 411 410)
3(518 410 411)
3(276 411 518)
3(519 411 276)
3(519 518 411)
3(519 276 518)
3(276 411 275)
3(518 276 275)
3(276 519 412)
3(276 412 411)
3(519 411 412)
3(277 412 519)
3(520 412 277)
3(520 519 412)
3(520 277 519)
3(277 412 276)
3(519 277 276)
3(277 520 254)
3(277 254 412)
3(520 412 254)
3(239 254 520)
3(266 520 254)
3(266 239 520)
3(239 254 277)
3(520 239 277)
3(71 47 404)
3(62 71 404)
3(404 269 71)
3(485 269 404)
3(485 404 71)
3(485 71 269)
3(71 47 269)
3(485 269 405)
3(404 485 405)
3(405 270 485)
3(486 270 405)
3(486 405 485)
3(486 485 270)
3(485 269 270)
3(486 270 406)
3(405 486 406)
3(406 271 486)
3(487 271 406)
3(487 406 486)
3(487 486 271)
3(486 270 271)
3(487 271 407)
3(406 487 407)
3(407 272 487)
3(488 272 407)
3(488 407 487)
3(488 487 272)
3(487 271 272)
3(488 272 408)
3(407 488 408)
3(408 273 488)
3(489 273 408)
3(489 408 488)
3(489 488 273)
3(488 272 273)
3(489 273 409)
3(408 489 409)
3(409 274 489)
3(490 274 409)
3(490 409 489)
3(490 489 274)
3(489 273 274)
3(490 274 410)
3(409 490 410)
3(410 275 490)
3(491 275 410)
3(491 410 490)
3(491 490 275)
3(490 274 275)
3(491 275 411)
3(410 491 411)
3(411 276 491)
3(492 276 411)
3(492 411 491)
3(492 491 276)
3(491 275 276)
3(492 276 412)
3(411 492 412)
3(412 277 492)
3(493 277 412)
3(493 412 492)
3(493 492 277)
3(492 276 277)
3(493 277 254)
3(412 493 254)
3(254 239 493)
3(263 254 493)
3(263 493 239)
3(493 277 239)
3(56 62 305)
3(56 305 51)
3(62 51 305)
3(350 305 62)
3(404 305 350)
3(404 62 305)
3(404 350 62)
3(350 305 56)
3(62 350 56)
3(350 404 306)
3(350 306 305)
3(404 305 306)
3(351 306 404)
3(405 306 351)
3(405 404 306)
3(405 351 404)
3(351 306 350)
3(404 351 350)
3(351 405 307)
3(351 307 306)
3(405 306 307)
3(352 307 405)
3(406 307 352)
3(406 405 307)
3(406 352 405)
3(352 307 351)
3(405 352 351)
3(352 406 308)
3(352 308 307)
3(406 307 308)
3(353 308 406)
3(407 308 353)
3(407 406 308)
3(407 353 406)
3(353 308 352)
3(406 353 352)
3(353 407 309)
3(353 309 308)
3(407 308 309)
3(354 309 407)
3(408 309 354)
3(408 407 309)
3(408 354 407)
3(354 309 353)
3(407 354 353)
3(354 408 310)
3(354 310 309)
3(408 309 310)
3(355 310 408)
3(409 310 355)
3(409 408 310)
3(409 355 408)
3(355 310 354)
3(408 355 354)
3(355 409 311)
3(355 311 310)
3(409 310 311)
3(356 311 409)
3(410 311 356)
3(410 409 311)
3(410 356 409)
3(356 311 355)
3(409 356 355)
3(356 410 312)
3(356 312 311)
3(410 311 312)
3(357 312 410)
3(411 312 357)
3(411 410 312)
3(411 357 410)
3(357 312 356)
3(410 357 356)
3(357 411 313)
3(357 313 312)
3(411 312 313)
3(358 313 411)
3(412 313 358)
3(412 411 313)
3(412 358 411)
3(358 313 357)
3(411 358 357)
3(358 412 243)
3(358 243 313)
3(412 313 243)
3(248 243 412)
3(254 412 243)
3(254 248 412)
3(248 243 358)
3(412 248 358)
3(50 72 422)
3(50 422 64)
3(296 422 72)
3(494 422 296)
3(494 296 72)
3(296 422 50)
3(72 296 50)
3(296 494 423)
3(296 423 422)
3(297 423 494)
3(495 423 297)
3(495 297 494)
3(297 423 296)
3(494 297 296)
3(297 495 424)
3(297 424 423)
3(298 424 495)
3(496 424 298)
3(496 298 495)
3(298 424 297)
3(495 298 297)
3(298 496 425)
3(298 425 424)
3(299 425 496)
3(497 425 299)
3(497 299 496)
3(299 425 298)
3(496 299 298)
3(299 497 426)
3(299 426 425)
3(300 426 497)
3(498 426 300)
3(498 300 497)
3(300 426 299)
3(497 300 299)
3(300 498 427)
3(300 427 426)
3(301 427 498)
3(499 427 301)
3(499 301 498)
3(301 427 300)
3(498 301 300)
3(301 499 428)
3(301 428 427)
3(302 428 499)
3(500 428 302)
3(500 302 499)
3(302 428 301)
3(499 302 301)
3(302 500 429)
3(302 429 428)
3(303 429 500)
3(501 429 303)
3(501 303 500)
3(303 429 302)
3(500 303 302)
3(303 501 430)
3(303 430 429)
3(304 430 501)
3(502 430 304)
3(502 304 501)
3(304 430 303)
3(501 304 303)
3(304 502 256)
3(304 256 430)
3(242 256 502)
3(264 242 502)
3(242 256 304)
3(502 242 304)
3(68 56 305)
3(51 68 305)
3(305 350 68)
3(458 350 305)
3(458 68 350)
3(458 305 68)
3(68 56 350)
3(458 350 306)
3(305 458 306)
3(306 351 458)
3(459 351 306)
3(459 458 351)
3(459 306 458)
3(458 350 351)
3(459 351 307)
3(306 459 307)
3(307 352 459)
3(460 352 307)
3(460 459 352)
3(460 307 459)
3(459 351 352)
3(460 352 308)
3(307 460 308)
3(308 353 460)
3(461 353 308)
3(461 460 353)
3(461 308 460)
3(460 352 353)
3(461 353 309)
3(308 461 309)
3(309 354 461)
3(462 354 309)
3(462 461 354)
3(462 309 461)
3(461 353 354)
3(462 354 310)
3(309 462 310)
3(310 355 462)
3(463 355 310)
3(463 462 355)
3(463 310 462)
3(462 354 355)
3(463 355 311)
3(310 463 311)
3(311 356 463)
3(464 356 311)
3(464 463 356)
3(464 311 463)
3(463 355 356)
3(464 356 312)
3(311 464 312)
3(312 357 464)
3(465 357 312)
3(465 464 357)
3(465 312 464)
3(464 356 357)
3(465 357 313)
3(312 465 313)
3(313 358 465)
3(466 358 313)
3(466 465 358)
3(466 313 465)
3(465 357 358)
3(466 358 243)
3(313 466 243)
3(243 248 466)
3(260 466 248)
3(260 243 466)
3(466 358 248)
3(67 69 296)
3(67 296 50)
3(69 50 296)
3(449 296 69)
3(467 296 449)
3(467 449 69)
3(467 69 296)
3(449 296 67)
3(69 449 67)
3(449 467 297)
3(449 297 296)
3(467 296 297)
3(450 297 467)
3(468 297 450)
3(468 450 467)
3(468 467 297)
3(450 297 449)
3(467 450 449)
3(450 468 298)
3(450 298 297)
3(468 297 298)
3(451 298 468)
3(469 298 451)
3(469 451 468)
3(469 468 298)
3(451 298 450)
3(468 451 450)
3(451 469 299)
3(451 299 298)
3(469 298 299)
3(452 299 469)
3(470 299 452)
3(470 452 469)
3(470 469 299)
3(452 299 451)
3(469 452 451)
3(452 470 300)
3(452 300 299)
3(470 299 300)
3(453 300 470)
3(471 300 453)
3(471 453 470)
3(471 470 300)
3(453 300 452)
3(470 453 452)
3(453 471 301)
3(453 301 300)
3(471 300 301)
3(454 301 471)
3(472 301 454)
3(472 454 471)
3(472 471 301)
3(454 301 453)
3(471 454 453)
3(454 472 302)
3(454 302 301)
3(472 301 302)
3(455 302 472)
3(473 302 455)
3(473 455 472)
3(473 472 302)
3(455 302 454)
3(472 455 454)
3(455 473 303)
3(455 303 302)
3(473 302 303)
3(456 303 473)
3(474 303 456)
3(474 456 473)
3(474 473 303)
3(456 303 455)
3(473 456 455)
3(456 474 304)
3(456 304 303)
3(474 303 304)
3(457 304 474)
3(475 304 457)
3(475 457 474)
3(475 474 304)
3(457 304 456)
3(474 457 456)
3(457 475 242)
3(457 242 304)
3(475 304 242)
3(259 242 475)
3(261 259 475)
3(261 475 242)
3(259 242 457)
3(475 259 457)
3(75 59 323)
3(53 75 323)
3(323 377 75)
3(521 377 323)
3(521 75 377)
3(521 323 75)
3(75 59 377)
3(521 377 324)
3(323 521 324)
3(324 378 521)
3(522 378 324)
3(522 521 378)
3(522 324 521)
3(521 377 378)
3(522 378 325)
3(324 522 325)
3(325 379 522)
3(523 379 325)
3(523 522 379)
3(523 325 522)
3(522 378 379)
3(523 379 326)
3(325 523 326)
3(326 380 523)
3(524 380 326)
3(524 523 380)
3(524 326 523)
3(523 379 380)
3(524 380 327)
3(326 524 327)
3(327 381 524)
3(525 381 327)
3(525 524 381)
3(525 327 524)
3(524 380 381)
3(525 381 328)
3(327 525 328)
3(328 382 525)
3(526 382 328)
3(526 525 382)
3(526 328 525)
3(525 381 382)
3(526 382 329)
3(328 526 329)
3(329 383 526)
3(527 383 329)
3(527 526 383)
3(527 329 526)
3(526 382 383)
3(527 383 330)
3(329 527 330)
3(330 384 527)
3(528 384 330)
3(528 527 384)
3(528 330 527)
3(527 383 384)
3(528 384 331)
3(330 528 331)
3(331 385 528)
3(529 385 331)
3(529 528 385)
3(529 331 528)
3(528 384 385)
3(529 385 245)
3(331 529 245)
3(245 251 529)
3(267 529 251)
3(267 245 529)
3(529 385 251)
3(67 50 422)
3(64 67 422)
3(422 296 67)
3(449 296 422)
3(449 422 67)
3(449 296 423)
3(422 449 423)
3(423 297 449)
3(450 297 423)
3(450 423 449)
3(450 297 424)
3(423 450 424)
3(424 298 450)
3(451 298 424)
3(451 424 450)
3(451 298 425)
3(424 451 425)
3(425 299 451)
3(452 299 425)
3(452 425 451)
3(452 299 426)
3(425 452 426)
3(426 300 452)
3(453 300 426)
3(453 426 452)
3(453 300 427)
3(426 453 427)
3(427 301 453)
3(454 301 427)
3(454 427 453)
3(454 301 428)
3(427 454 428)
3(428 302 454)
3(455 302 428)
3(455 428 454)
3(455 302 429)
3(428 455 429)
3(429 303 455)
3(456 303 429)
3(456 429 455)
3(456 303 430)
3(429 456 430)
3(430 304 456)
3(457 304 430)
3(457 430 456)
3(457 304 256)
3(430 457 256)
3(256 242 457)
3(259 256 457)
3(62 74 305)
3(74 51 305)
3(404 305 74)
3(512 305 404)
3(512 74 305)
3(404 512 306)
3(512 305 306)
3(405 306 512)
3(513 306 405)
3(513 512 306)
3(405 513 307)
3(513 306 307)
3(406 307 513)
3(514 307 406)
3(514 513 307)
3(406 514 308)
3(514 307 308)
3(407 308 514)
3(515 308 407)
3(515 514 308)
3(407 515 309)
3(515 308 309)
3(408 309 515)
3(516 309 408)
3(516 515 309)
3(408 516 310)
3(516 309 310)
3(409 310 516)
3(517 310 409)
3(517 516 310)
3(409 517 311)
3(517 310 311)
3(410 311 517)
3(518 311 410)
3(518 517 311)
3(410 518 312)
3(518 311 312)
3(411 312 518)
3(519 312 411)
3(519 518 312)
3(411 519 313)
3(519 312 313)
3(412 313 519)
3(520 313 412)
3(520 519 313)
3(412 520 243)
3(520 313 243)
3(254 243 520)
3(266 520 243)
3(49 65 359)
3(49 359 57)
3(287 359 65)
3(431 359 287)
3(287 359 49)
3(287 431 360)
3(287 360 359)
3(288 360 431)
3(432 360 288)
3(288 360 287)
3(288 432 361)
3(288 361 360)
3(289 361 432)
3(433 361 289)
3(289 361 288)
3(289 433 362)
3(289 362 361)
3(290 362 433)
3(434 362 290)
3(290 362 289)
3(290 434 363)
3(290 363 362)
3(291 363 434)
3(435 363 291)
3(291 363 290)
3(291 435 364)
3(291 364 363)
3(292 364 435)
3(436 364 292)
3(292 364 291)
3(292 436 365)
3(292 365 364)
3(293 365 436)
3(437 365 293)
3(293 365 292)
3(293 437 366)
3(293 366 365)
3(294 366 437)
3(438 366 294)
3(294 366 293)
3(294 438 367)
3(294 367 366)
3(295 367 438)
3(439 367 295)
3(295 367 294)
3(295 439 249)
3(295 249 367)
3(241 249 439)
3(241 249 295)
3(61 71 404)
3(61 404 62)
3(395 404 71)
3(485 404 395)
3(395 404 61)
3(395 485 405)
3(395 405 404)
3(396 405 485)
3(486 405 396)
3(396 405 395)
3(396 486 406)
3(396 406 405)
3(397 406 486)
3(487 406 397)
3(397 406 396)
3(397 487 407)
3(397 407 406)
3(398 407 487)
3(488 407 398)
3(398 407 397)
3(398 488 408)
3(398 408 407)
3(399 408 488)
3(489 408 399)
3(399 408 398)
3(399 489 409)
3(399 409 408)
3(400 409 489)
3(490 409 400)
3(400 409 399)
3(400 490 410)
3(400 410 409)
3(401 410 490)
3(491 410 401)
3(401 410 400)
3(401 491 411)
3(401 411 410)
3(402 411 491)
3(492 411 402)
3(402 411 401)
3(402 492 412)
3(402 412 411)
3(403 412 492)
3(493 412 403)
3(403 412 402)
3(403 493 254)
3(403 254 412)
3(253 254 493)
3(253 254 403)
3(53 65 122)
3(65 7 122)
3(53 122 7)
3(323 122 65)
3(431 122 323)
3(431 65 122)
3(323 122 53)
3(323 431 123)
3(431 122 123)
3(323 123 122)
3(324 123 431)
3(432 123 324)
3(432 431 123)
3(324 123 323)
3(324 432 124)
3(432 123 124)
3(324 124 123)
3(325 124 432)
3(433 124 325)
3(433 432 124)
3(325 124 324)
3(325 433 125)
3(433 124 125)
3(325 125 124)
3(326 125 433)
3(434 125 326)
3(434 433 125)
3(326 125 325)
3(326 434 126)
3(434 125 126)
3(326 126 125)
3(327 126 434)
3(435 126 327)
3(435 434 126)
3(327 126 326)
3(327 435 127)
3(435 126 127)
3(327 127 126)
3(328 127 435)
3(436 127 328)
3(436 435 127)
3(328 127 327)
3(328 436 128)
3(436 127 128)
3(328 128 127)
3(329 128 436)
3(437 128 329)
3(437 436 128)
3(329 128 328)
3(329 437 129)
3(437 128 129)
3(329 129 128)
3(330 129 437)
3(438 129 330)
3(438 437 129)
3(330 129 329)
3(330 438 130)
3(438 129 130)
3(330 130 129)
3(331 130 438)
3(439 130 331)
3(439 438 130)
3(331 130 330)
3(331 439 34)
3(439 130 34)
3(331 34 130)
3(245 34 439)
3(257 439 34)
3(245 34 331)
3(7 65 113)
3(122 113 65)
3(431 113 122)
3(122 431 114)
3(123 114 431)
3(432 114 123)
3(123 432 115)
3(124 115 432)
3(433 115 124)
3(124 433 116)
3(125 116 433)
3(434 116 125)
3(125 434 117)
3(126 117 434)
3(435 117 126)
3(126 435 118)
3(127 118 435)
3(436 118 127)
3(127 436 119)
3(128 119 436)
3(437 119 128)
3(128 437 120)
3(129 120 437)
3(438 120 129)
3(129 438 121)
3(130 121 438)
3(439 121 130)
3(130 439 33)
3(34 33 439)
3(2 51 20)
3(51 0 20)
3(77 20 51)
3(305 20 77)
3(305 51 20)
3(305 77 51)
3(51 77 2)
3(77 305 21)
3(305 20 21)
3(78 21 305)
3(306 21 78)
3(306 305 21)
3(306 78 305)
3(305 78 77)
3(78 306 22)
3(306 21 22)
3(79 22 306)
3(307 22 79)
3(307 306 22)
3(307 79 306)
3(306 79 78)
3(79 307 23)
3(307 22 23)
3(80 23 307)
3(308 23 80)
3(308 307 23)
3(308 80 307)
3(307 80 79)
3(80 308 24)
3(308 23 24)
3(81 24 308)
3(309 24 81)
3(309 308 24)
3(309 81 308)
3(308 81 80)
3(81 309 25)
3(309 24 25)
3(82 25 309)
3(310 25 82)
3(310 309 25)
3(310 82 309)
3(309 82 81)
3(82 310 26)
3(310 25 26)
3(83 26 310)
3(311 26 83)
3(311 310 26)
3(311 83 310)
3(310 83 82)
3(83 311 27)
3(311 26 27)
3(84 27 311)
3(312 27 84)
3(312 311 27)
3(312 84 311)
3(311 84 83)
3(84 312 28)
3(312 27 28)
3(85 28 312)
3(313 28 85)
3(313 312 28)
3(313 85 312)
3(312 85 84)
3(85 313 1)
3(313 28 1)
3(29 1 313)
3(243 313 1)
3(243 29 313)
3(313 29 85)
3(15 50 185)
3(50 14 185)
3(194 185 50)
3(296 185 194)
3(296 194 50)
3(296 50 185)
3(50 194 15)
3(194 296 186)
3(296 185 186)
3(195 186 296)
3(297 186 195)
3(297 195 296)
3(297 296 186)
3(296 195 194)
3(195 297 187)
3(297 186 187)
3(196 187 297)
3(298 187 196)
3(298 196 297)
3(298 297 187)
3(297 196 195)
3(196 298 188)
3(298 187 188)
3(197 188 298)
3(299 188 197)
3(299 197 298)
3(299 298 188)
3(298 197 196)
3(197 299 189)
3(299 188 189)
3(198 189 299)
3(300 189 198)
3(300 198 299)
3(300 299 189)
3(299 198 197)
3(198 300 190)
3(300 189 190)
3(199 190 300)
3(301 190 199)
3(301 199 300)
3(301 300 190)
3(300 199 198)
3(199 301 191)
3(301 190 191)
3(200 191 301)
3(302 191 200)
3(302 200 301)
3(302 301 191)
3(301 200 199)
3(200 302 192)
3(302 191 192)
3(201 192 302)
3(303 192 201)
3(303 201 302)
3(303 302 192)
3(302 201 200)
3(201 303 193)
3(303 192 193)
3(202 193 303)
3(304 193 202)
3(304 202 303)
3(304 303 193)
3(303 202 201)
3(202 304 41)
3(304 193 41)
3(42 41 304)
3(242 42 304)
3(242 304 41)
3(304 42 202)
3(5 49 95)
3(49 4 95)
3(287 5 95)
3(287 95 104)
3(49 95 287)
3(104 287 96)
3(287 95 96)
3(288 104 96)
3(288 96 105)
3(287 96 288)
3(105 288 97)
3(288 96 97)
3(289 105 97)
3(289 97 106)
3(288 97 289)
3(106 289 98)
3(289 97 98)
3(290 106 98)
3(290 98 107)
3(289 98 290)
3(107 290 99)
3(290 98 99)
3(291 107 99)
3(291 99 108)
3(290 99 291)
3(108 291 100)
3(291 99 100)
3(292 108 100)
3(292 100 109)
3(291 100 292)
3(109 292 101)
3(292 100 101)
3(293 109 101)
3(293 101 110)
3(292 101 293)
3(110 293 102)
3(293 101 102)
3(294 110 102)
3(294 102 111)
3(293 102 294)
3(111 294 103)
3(294 102 103)
3(295 111 103)
3(295 103 112)
3(294 103 295)
3(112 295 31)
3(295 103 31)
3(241 112 31)
3(295 31 241)
3(19 47 221)
3(47 18 221)
3(230 221 47)
3(269 221 230)
3(269 47 221)
3(269 230 47)
3(47 230 19)
3(230 269 222)
3(269 221 222)
3(231 222 269)
3(270 222 231)
3(270 269 222)
3(270 231 269)
3(269 231 230)
3(231 270 223)
3(270 222 223)
3(232 223 270)
3(271 223 232)
3(271 270 223)
3(271 232 270)
3(270 232 231)
3(232 271 224)
3(271 223 224)
3(233 224 271)
3(272 224 233)
3(272 271 224)
3(272 233 271)
3(271 233 232)
3(233 272 225)
3(272 224 225)
3(234 225 272)
3(273 225 234)
3(273 272 225)
3(273 234 272)
3(272 234 233)
3(234 273 226)
3(273 225 226)
3(235 226 273)
3(274 226 235)
3(274 273 226)
3(274 235 273)
3(273 235 234)
3(235 274 227)
3(274 226 227)
3(236 227 274)
3(275 227 236)
3(275 274 227)
3(275 236 274)
3(274 236 235)
3(236 275 228)
3(275 227 228)
3(237 228 275)
3(276 228 237)
3(276 275 228)
3(276 237 275)
3(275 237 236)
3(237 276 229)
3(276 228 229)
3(238 229 276)
3(277 229 238)
3(277 276 229)
3(277 238 276)
3(276 238 237)
3(238 277 45)
3(277 229 45)
3(46 45 277)
3(239 277 45)
3(239 46 277)
3(277 46 238)
3(17 54 203)
3(54 16 203)
3(212 203 54)
3(332 203 212)
3(332 212 54)
3(332 54 203)
3(54 212 17)
3(212 332 204)
3(332 203 204)
3(213 204 332)
3(333 204 213)
3(333 213 332)
3(333 332 204)
3(332 213 212)
3(213 333 205)
3(333 204 205)
3(214 205 333)
3(334 205 214)
3(334 214 333)
3(334 333 205)
3(333 214 213)
3(214 334 206)
3(334 205 206)
3(215 206 334)
3(335 206 215)
3(335 215 334)
3(335 334 206)
3(334 215 214)
3(215 335 207)
3(335 206 207)
3(216 207 335)
3(336 207 216)
3(336 216 335)
3(336 335 207)
3(335 216 215)
3(216 336 208)
3(336 207 208)
3(217 208 336)
3(337 208 217)
3(337 217 336)
3(337 336 208)
3(336 217 216)
3(217 337 209)
3(337 208 209)
3(218 209 337)
3(338 209 218)
3(338 218 337)
3(338 337 209)
3(337 218 217)
3(218 338 210)
3(338 209 210)
3(219 210 338)
3(339 210 219)
3(339 219 338)
3(339 338 210)
3(338 219 218)
3(219 339 211)
3(339 210 211)
3(220 211 339)
3(340 211 220)
3(340 220 339)
3(340 339 211)
3(339 220 219)
3(220 340 43)
3(340 211 43)
3(44 43 340)
3(246 44 340)
3(246 340 43)
3(340 44 220)
3(10 48 140)
3(48 9 140)
3(149 140 48)
3(278 140 149)
3(278 149 48)
3(278 48 140)
3(48 149 10)
3(149 278 141)
3(278 140 141)
3(150 141 278)
3(279 141 150)
3(279 150 278)
3(279 278 141)
3(278 150 149)
3(150 279 142)
3(279 141 142)
3(151 142 279)
3(280 142 151)
3(280 151 279)
3(280 279 142)
3(279 151 150)
3(151 280 143)
3(280 142 143)
3(152 143 280)
3(281 143 152)
3(281 152 280)
3(281 280 143)
3(280 152 151)
3(152 281 144)
3(281 143 144)
3(153 144 281)
3(282 144 153)
3(282 153 281)
3(282 281 144)
3(281 153 152)
3(153 282 145)
3(282 144 145)
3(154 145 282)
3(283 145 154)
3(283 154 282)
3(283 282 145)
3(282 154 153)
3(154 283 146)
3(283 145 146)
3(155 146 283)
3(284 146 155)
3(284 155 283)
3(284 283 146)
3(283 155 154)
3(155 284 147)
3(284 146 147)
3(156 147 284)
3(285 147 156)
3(285 156 284)
3(285 284 147)
3(284 156 155)
3(156 285 148)
3(285 147 148)
3(157 148 285)
3(286 148 157)
3(286 157 285)
3(286 285 148)
3(285 157 156)
3(157 286 36)
3(286 148 36)
3(37 36 286)
3(240 37 286)
3(240 286 36)
3(286 37 157)
3(8 53 122)
3(131 122 53)
3(323 122 131)
3(323 131 53)
3(53 131 8)
3(131 323 123)
3(132 123 323)
3(324 123 132)
3(324 132 323)
3(323 132 131)
3(132 324 124)
3(133 124 324)
3(325 124 133)
3(325 133 324)
3(324 133 132)
3(133 325 125)
3(134 125 325)
3(326 125 134)
3(326 134 325)
3(325 134 133)
3(134 326 126)
3(135 126 326)
3(327 126 135)
3(327 135 326)
3(326 135 134)
3(135 327 127)
3(136 127 327)
3(328 127 136)
3(328 136 327)
3(327 136 135)
3(136 328 128)
3(137 128 328)
3(329 128 137)
3(329 137 328)
3(328 137 136)
3(137 329 129)
3(138 129 329)
3(330 129 138)
3(330 138 329)
3(329 138 137)
3(138 330 130)
3(139 130 330)
3(331 130 139)
3(331 139 330)
3(330 139 138)
3(139 331 34)
3(35 34 331)
3(245 35 331)
3(331 35 139)
3(13 52 167)
3(52 12 167)
3(176 167 52)
3(314 167 176)
3(314 176 52)
3(314 52 167)
3(52 176 13)
3(176 314 168)
3(314 167 168)
3(177 168 314)
3(315 168 177)
3(315 177 314)
3(315 314 168)
3(314 177 176)
3(177 315 169)
3(315 168 169)
3(178 169 315)
3(316 169 178)
3(316 178 315)
3(316 315 169)
3(315 178 177)
3(178 316 170)
3(316 169 170)
3(179 170 316)
3(317 170 179)
3(317 179 316)
3(317 316 170)
3(316 179 178)
3(179 317 171)
3(317 170 171)
3(180 171 317)
3(318 171 180)
3(318 180 317)
3(318 317 171)
3(317 180 179)
3(180 318 172)
3(318 171 172)
3(181 172 318)
3(319 172 181)
3(319 181 318)
3(319 318 172)
3(318 181 180)
3(181 319 173)
3(319 172 173)
3(182 173 319)
3(320 173 182)
3(320 182 319)
3(320 319 173)
3(319 182 181)
3(182 320 174)
3(320 173 174)
3(183 174 320)
3(321 174 183)
3(321 183 320)
3(321 320 174)
3(320 183 182)
3(183 321 175)
3(321 174 175)
3(184 175 321)
3(322 175 184)
3(322 184 321)
3(322 321 175)
3(321 184 183)
3(184 322 39)
3(322 175 39)
3(40 39 322)
3(244 40 322)
3(244 322 39)
3(322 40 184)
3(60 61 368)
3(60 368 58)
3(61 58 368)
3(386 368 61)
3(395 368 386)
3(395 61 368)
3(395 386 61)
3(386 368 60)
3(61 386 60)
3(386 395 369)
3(386 369 368)
3(395 368 369)
3(387 369 395)
3(396 369 387)
3(396 395 369)
3(396 387 395)
3(387 369 386)
3(395 387 386)
3(387 396 370)
3(387 370 369)
3(396 369 370)
3(388 370 396)
3(397 370 388)
3(397 396 370)
3(397 388 396)
3(388 370 387)
3(396 388 387)
3(388 397 371)
3(388 371 370)
3(397 370 371)
3(389 371 397)
3(398 371 389)
3(398 397 371)
3(398 389 397)
3(389 371 388)
3(397 389 388)
3(389 398 372)
3(389 372 371)
3(398 371 372)
3(390 372 398)
3(399 372 390)
3(399 398 372)
3(399 390 398)
3(390 372 389)
3(398 390 389)
3(390 399 373)
3(390 373 372)
3(399 372 373)
3(391 373 399)
3(400 373 391)
3(400 399 373)
3(400 391 399)
3(391 373 390)
3(399 391 390)
3(391 400 374)
3(391 374 373)
3(400 373 374)
3(392 374 400)
3(401 374 392)
3(401 400 374)
3(401 392 400)
3(392 374 391)
3(400 392 391)
3(392 401 375)
3(392 375 374)
3(401 374 375)
3(393 375 401)
3(402 375 393)
3(402 401 375)
3(402 393 401)
3(393 375 392)
3(401 393 392)
3(393 402 376)
3(393 376 375)
3(402 375 376)
3(394 376 402)
3(403 376 394)
3(403 402 376)
3(403 394 402)
3(394 376 393)
3(402 394 393)
3(394 403 250)
3(394 250 376)
3(403 376 250)
3(252 250 403)
3(253 403 250)
3(253 252 403)
3(252 250 394)
3(403 252 394)
3(59 60 368)
3(59 368 58)
3(377 368 60)
3(386 368 377)
3(386 377 60)
3(377 368 59)
3(60 377 59)
3(377 386 369)
3(377 369 368)
3(378 369 386)
3(387 369 378)
3(387 378 386)
3(378 369 377)
3(386 378 377)
3(378 387 370)
3(378 370 369)
3(379 370 387)
3(388 370 379)
3(388 379 387)
3(379 370 378)
3(387 379 378)
3(379 388 371)
3(379 371 370)
3(380 371 388)
3(389 371 380)
3(389 380 388)
3(380 371 379)
3(388 380 379)
3(380 389 372)
3(380 372 371)
3(381 372 389)
3(390 372 381)
3(390 381 389)
3(381 372 380)
3(389 381 380)
3(381 390 373)
3(381 373 372)
3(382 373 390)
3(391 373 382)
3(391 382 390)
3(382 373 381)
3(390 382 381)
3(382 391 374)
3(382 374 373)
3(383 374 391)
3(392 374 383)
3(392 383 391)
3(383 374 382)
3(391 383 382)
3(383 392 375)
3(383 375 374)
3(384 375 392)
3(393 375 384)
3(393 384 392)
3(384 375 383)
3(392 384 383)
3(384 393 376)
3(384 376 375)
3(385 376 393)
3(394 376 385)
3(394 385 393)
3(385 376 384)
3(393 385 384)
3(385 394 250)
3(385 250 376)
3(251 250 394)
3(252 251 394)
3(251 250 385)
3(394 251 385)
3(57 59 368)
3(57 368 58)
3(359 368 59)
3(377 368 359)
3(359 368 57)
3(359 377 369)
3(359 369 368)
3(360 369 377)
3(378 369 360)
3(360 369 359)
3(360 378 370)
3(360 370 369)
3(361 370 378)
3(379 370 361)
3(361 370 360)
3(361 379 371)
3(361 371 370)
3(362 371 379)
3(380 371 362)
3(362 371 361)
3(362 380 372)
3(362 372 371)
3(363 372 380)
3(381 372 363)
3(363 372 362)
3(363 381 373)
3(363 373 372)
3(364 373 381)
3(382 373 364)
3(364 373 363)
3(364 382 374)
3(364 374 373)
3(365 374 382)
3(383 374 365)
3(365 374 364)
3(365 383 375)
3(365 375 374)
3(366 375 383)
3(384 375 366)
3(366 375 365)
3(366 384 376)
3(366 376 375)
3(367 376 384)
3(385 376 367)
3(367 376 366)
3(367 385 250)
3(367 250 376)
3(249 250 385)
3(249 250 367)
3(57 58 350)
3(58 56 350)
3(57 350 56)
3(368 57 350)
3(368 350 359)
3(359 350 57)
3(58 350 368)
3(359 368 351)
3(368 350 351)
3(359 351 350)
3(369 359 351)
3(369 351 360)
3(360 351 359)
3(368 351 369)
3(360 369 352)
3(369 351 352)
3(360 352 351)
3(370 360 352)
3(370 352 361)
3(361 352 360)
3(369 352 370)
3(361 370 353)
3(370 352 353)
3(361 353 352)
3(371 361 353)
3(371 353 362)
3(362 353 361)
3(370 353 371)
3(362 371 354)
3(371 353 354)
3(362 354 353)
3(372 362 354)
3(372 354 363)
3(363 354 362)
3(371 354 372)
3(363 372 355)
3(372 354 355)
3(363 355 354)
3(373 363 355)
3(373 355 364)
3(364 355 363)
3(372 355 373)
3(364 373 356)
3(373 355 356)
3(364 356 355)
3(374 364 356)
3(374 356 365)
3(365 356 364)
3(373 356 374)
3(365 374 357)
3(374 356 357)
3(365 357 356)
3(375 365 357)
3(375 357 366)
3(366 357 365)
3(374 357 375)
3(366 375 358)
3(375 357 358)
3(366 358 357)
3(376 366 358)
3(376 358 367)
3(367 358 366)
3(375 358 376)
3(367 376 248)
3(376 358 248)
3(367 248 358)
3(250 367 248)
3(249 248 367)
3(376 248 250)
3(58 62 350)
3(368 350 62)
3(404 350 368)
3(404 368 62)
3(62 368 58)
3(368 404 351)
3(369 351 404)
3(405 351 369)
3(405 369 404)
3(404 369 368)
3(369 405 352)
3(370 352 405)
3(406 352 370)
3(406 370 405)
3(405 370 369)
3(370 406 353)
3(371 353 406)
3(407 353 371)
3(407 371 406)
3(406 371 370)
3(371 407 354)
3(372 354 407)
3(408 354 372)
3(408 372 407)
3(407 372 371)
3(372 408 355)
3(373 355 408)
3(409 355 373)
3(409 373 408)
3(408 373 372)
3(373 409 356)
3(374 356 409)
3(410 356 374)
3(410 374 409)
3(409 374 373)
3(374 410 357)
3(375 357 410)
3(411 357 375)
3(411 375 410)
3(410 375 374)
3(375 411 358)
3(376 358 411)
3(412 358 376)
3(412 376 411)
3(411 376 375)
3(376 412 248)
3(250 248 412)
3(254 250 412)
3(412 250 376)
3(69 67 314)
3(52 69 314)
3(314 449 69)
3(467 449 314)
3(467 314 69)
3(467 449 315)
3(314 467 315)
3(315 450 467)
3(468 450 315)
3(468 315 467)
3(468 450 316)
3(315 468 316)
3(316 451 468)
3(469 451 316)
3(469 316 468)
3(469 451 317)
3(316 469 317)
3(317 452 469)
3(470 452 317)
3(470 317 469)
3(470 452 318)
3(317 470 318)
3(318 453 470)
3(471 453 318)
3(471 318 470)
3(471 453 319)
3(318 471 319)
3(319 454 471)
3(472 454 319)
3(472 319 471)
3(472 454 320)
3(319 472 320)
3(320 455 472)
3(473 455 320)
3(473 320 472)
3(473 455 321)
3(320 473 321)
3(321 456 473)
3(474 456 321)
3(474 321 473)
3(474 456 322)
3(321 474 322)
3(322 457 474)
3(475 457 322)
3(475 322 474)
3(475 457 244)
3(322 475 244)
3(244 259 475)
3(261 244 475)
3(61 62 368)
3(404 61 368)
3(404 368 395)
3(395 404 369)
3(405 395 369)
3(405 369 396)
3(396 405 370)
3(406 396 370)
3(406 370 397)
3(397 406 371)
3(407 397 371)
3(407 371 398)
3(398 407 372)
3(408 398 372)
3(408 372 399)
3(399 408 373)
3(409 399 373)
3(409 373 400)
3(400 409 374)
3(410 400 374)
3(410 374 401)
3(401 410 375)
3(411 401 375)
3(411 375 402)
3(402 411 376)
3(412 402 376)
3(412 376 403)
3(403 412 250)
3(254 403 250)
3(49 57 350)
3(49 350 56)
3(359 49 350)
3(359 350 287)
3(287 350 49)
3(287 359 351)
3(287 351 350)
3(360 287 351)
3(360 351 288)
3(288 351 287)
3(288 360 352)
3(288 352 351)
3(361 288 352)
3(361 352 289)
3(289 352 288)
3(289 361 353)
3(289 353 352)
3(362 289 353)
3(362 353 290)
3(290 353 289)
3(290 362 354)
3(290 354 353)
3(363 290 354)
3(363 354 291)
3(291 354 290)
3(291 363 355)
3(291 355 354)
3(364 291 355)
3(364 355 292)
3(292 355 291)
3(292 364 356)
3(292 356 355)
3(365 292 356)
3(365 356 293)
3(293 356 292)
3(293 365 357)
3(293 357 356)
3(366 293 357)
3(366 357 294)
3(294 357 293)
3(294 366 358)
3(294 358 357)
3(367 294 358)
3(367 358 295)
3(295 358 294)
3(295 367 248)
3(295 248 358)
3(249 295 248)
3(241 248 295)
3(11 66 149)
3(66 10 149)
3(158 149 66)
3(440 149 158)
3(440 66 149)
3(440 158 66)
3(66 158 11)
3(158 440 150)
3(440 149 150)
3(159 150 440)
3(441 150 159)
3(441 440 150)
3(441 159 440)
3(440 159 158)
3(159 441 151)
3(441 150 151)
3(160 151 441)
3(442 151 160)
3(442 441 151)
3(442 160 441)
3(441 160 159)
3(160 442 152)
3(442 151 152)
3(161 152 442)
3(443 152 161)
3(443 442 152)
3(443 161 442)
3(442 161 160)
3(161 443 153)
3(443 152 153)
3(162 153 443)
3(444 153 162)
3(444 443 153)
3(444 162 443)
3(443 162 161)
3(162 444 154)
3(444 153 154)
3(163 154 444)
3(445 154 163)
3(445 444 154)
3(445 163 444)
3(444 163 162)
3(163 445 155)
3(445 154 155)
3(164 155 445)
3(446 155 164)
3(446 445 155)
3(446 164 445)
3(445 164 163)
3(164 446 156)
3(446 155 156)
3(165 156 446)
3(447 156 165)
3(447 446 156)
3(447 165 446)
3(446 165 164)
3(165 447 157)
3(447 156 157)
3(166 157 447)
3(448 157 166)
3(448 447 157)
3(448 166 447)
3(447 166 165)
3(166 448 37)
3(448 157 37)
3(38 37 448)
3(258 448 37)
3(258 38 448)
3(448 38 166)
3(66 48 149)
3(149 278 66)
3(440 278 149)
3(440 66 278)
3(66 48 278)
3(440 278 150)
3(150 279 440)
3(441 279 150)
3(441 440 279)
3(440 278 279)
3(441 279 151)
3(151 280 441)
3(442 280 151)
3(442 441 280)
3(441 279 280)
3(442 280 152)
3(152 281 442)
3(443 281 152)
3(443 442 281)
3(442 280 281)
3(443 281 153)
3(153 282 443)
3(444 282 153)
3(444 443 282)
3(443 281 282)
3(444 282 154)
3(154 283 444)
3(445 283 154)
3(445 444 283)
3(444 282 283)
3(445 283 155)
3(155 284 445)
3(446 284 155)
3(446 445 284)
3(445 283 284)
3(446 284 156)
3(156 285 446)
3(447 285 156)
3(447 446 285)
3(446 284 285)
3(447 285 157)
3(157 286 447)
3(448 286 157)
3(448 447 286)
3(447 285 286)
3(448 286 37)
3(37 240 448)
3(258 448 240)
3(448 286 240)
3(56 68 341)
3(56 341 55)
3(68 55 341)
3(350 341 68)
3(458 341 350)
3(458 68 341)
3(350 341 56)
3(350 458 342)
3(350 342 341)
3(458 341 342)
3(351 342 458)
3(459 342 351)
3(459 458 342)
3(351 342 350)
3(351 459 343)
3(351 343 342)
3(459 342 343)
3(352 343 459)
3(460 343 352)
3(460 459 343)
3(352 343 351)
3(352 460 344)
3(352 344 343)
3(460 343 344)
3(353 344 460)
3(461 344 353)
3(461 460 344)
3(353 344 352)
3(353 461 345)
3(353 345 344)
3(461 344 345)
3(354 345 461)
3(462 345 354)
3(462 461 345)
3(354 345 353)
3(354 462 346)
3(354 346 345)
3(462 345 346)
3(355 346 462)
3(463 346 355)
3(463 462 346)
3(355 346 354)
3(355 463 347)
3(355 347 346)
3(463 346 347)
3(356 347 463)
3(464 347 356)
3(464 463 347)
3(356 347 355)
3(356 464 348)
3(356 348 347)
3(464 347 348)
3(357 348 464)
3(465 348 357)
3(465 464 348)
3(357 348 356)
3(357 465 349)
3(357 349 348)
3(465 348 349)
3(358 349 465)
3(466 349 358)
3(466 465 349)
3(358 349 357)
3(358 466 247)
3(358 247 349)
3(466 349 247)
3(248 247 466)
3(260 466 247)
3(248 247 358)
3(63 60 377)
3(59 63 377)
3(377 386 63)
3(413 386 377)
3(413 63 386)
3(413 377 63)
3(63 60 386)
3(413 386 378)
3(377 413 378)
3(378 387 413)
3(414 387 378)
3(414 413 387)
3(414 378 413)
3(413 386 387)
3(414 387 379)
3(378 414 379)
3(379 388 414)
3(415 388 379)
3(415 414 388)
3(415 379 414)
3(414 387 388)
3(415 388 380)
3(379 415 380)
3(380 389 415)
3(416 389 380)
3(416 415 389)
3(416 380 415)
3(415 388 389)
3(416 389 381)
3(380 416 381)
3(381 390 416)
3(417 390 381)
3(417 416 390)
3(417 381 416)
3(416 389 390)
3(417 390 382)
3(381 417 382)
3(382 391 417)
3(418 391 382)
3(418 417 391)
3(418 382 417)
3(417 390 391)
3(418 391 383)
3(382 418 383)
3(383 392 418)
3(419 392 383)
3(419 418 392)
3(419 383 418)
3(418 391 392)
3(419 392 384)
3(383 419 384)
3(384 393 419)
3(420 393 384)
3(420 419 393)
3(420 384 419)
3(419 392 393)
3(420 393 385)
3(384 420 385)
3(385 394 420)
3(421 394 385)
3(421 420 394)
3(421 385 420)
3(420 393 394)
3(421 394 251)
3(385 421 251)
3(251 252 421)
3(255 421 252)
3(255 251 421)
3(421 394 252)
3(64 61 386)
3(60 64 386)
3(386 395 64)
3(422 395 386)
3(422 386 64)
3(422 395 387)
3(386 422 387)
3(387 396 422)
3(423 396 387)
3(423 387 422)
3(423 396 388)
3(387 423 388)
3(388 397 423)
3(424 397 388)
3(424 388 423)
3(424 397 389)
3(388 424 389)
3(389 398 424)
3(425 398 389)
3(425 389 424)
3(425 398 390)
3(389 425 390)
3(390 399 425)
3(426 399 390)
3(426 390 425)
3(426 399 391)
3(390 426 391)
3(391 400 426)
3(427 400 391)
3(427 391 426)
3(427 400 392)
3(391 427 392)
3(392 401 427)
3(428 401 392)
3(428 392 427)
3(428 401 393)
3(392 428 393)
3(393 402 428)
3(429 402 393)
3(429 393 428)
3(429 402 394)
3(393 429 394)
3(394 403 429)
3(430 403 394)
3(430 394 429)
3(430 403 252)
3(394 430 252)
3(252 253 430)
3(256 252 430)
3(63 67 386)
3(67 60 386)
3(449 63 386)
3(449 386 413)
3(67 386 449)
3(413 449 387)
3(449 386 387)
3(450 413 387)
3(450 387 414)
3(449 387 450)
3(414 450 388)
3(450 387 388)
3(451 414 388)
3(451 388 415)
3(450 388 451)
3(415 451 389)
3(451 388 389)
3(452 415 389)
3(452 389 416)
3(451 389 452)
3(416 452 390)
3(452 389 390)
3(453 416 390)
3(453 390 417)
3(452 390 453)
3(417 453 391)
3(453 390 391)
3(454 417 391)
3(454 391 418)
3(453 391 454)
3(418 454 392)
3(454 391 392)
3(455 418 392)
3(455 392 419)
3(454 392 455)
3(419 455 393)
3(455 392 393)
3(456 419 393)
3(456 393 420)
3(455 393 456)
3(420 456 394)
3(456 393 394)
3(457 420 394)
3(457 394 421)
3(456 394 457)
3(421 457 252)
3(457 394 252)
3(259 421 252)
3(457 252 259)
3(49 56 341)
3(49 341 55)
3(350 49 341)
3(350 341 287)
3(287 341 49)
3(287 350 342)
3(287 342 341)
3(351 287 342)
3(351 342 288)
3(288 342 287)
3(288 351 343)
3(288 343 342)
3(352 288 343)
3(352 343 289)
3(289 343 288)
3(289 352 344)
3(289 344 343)
3(353 289 344)
3(353 344 290)
3(290 344 289)
3(290 353 345)
3(290 345 344)
3(354 290 345)
3(354 345 291)
3(291 345 290)
3(291 354 346)
3(291 346 345)
3(355 291 346)
3(355 346 292)
3(292 346 291)
3(292 355 347)
3(292 347 346)
3(356 292 347)
3(356 347 293)
3(293 347 292)
3(293 356 348)
3(293 348 347)
3(357 293 348)
3(357 348 294)
3(294 348 293)
3(294 357 349)
3(294 349 348)
3(358 294 349)
3(358 349 295)
3(295 349 294)
3(295 358 247)
3(295 247 349)
3(248 295 247)
3(241 247 295)
3(48 66 413)
3(48 413 63)
3(278 413 66)
3(440 413 278)
3(278 413 48)
3(278 440 414)
3(278 414 413)
3(279 414 440)
3(441 414 279)
3(279 414 278)
3(279 441 415)
3(279 415 414)
3(280 415 441)
3(442 415 280)
3(280 415 279)
3(280 442 416)
3(280 416 415)
3(281 416 442)
3(443 416 281)
3(281 416 280)
3(281 443 417)
3(281 417 416)
3(282 417 443)
3(444 417 282)
3(282 417 281)
3(282 444 418)
3(282 418 417)
3(283 418 444)
3(445 418 283)
3(283 418 282)
3(283 445 419)
3(283 419 418)
3(284 419 445)
3(446 419 284)
3(284 419 283)
3(284 446 420)
3(284 420 419)
3(285 420 446)
3(447 420 285)
3(285 420 284)
3(285 447 421)
3(285 421 420)
3(286 421 447)
3(448 421 286)
3(286 421 285)
3(286 448 255)
3(286 255 421)
3(240 255 448)
3(240 255 286)
3(75 63 377)
3(377 413 75)
3(521 413 377)
3(521 75 413)
3(75 63 413)
3(521 413 378)
3(378 414 521)
3(522 414 378)
3(522 521 414)
3(521 413 414)
3(522 414 379)
3(379 415 522)
3(523 415 379)
3(523 522 415)
3(522 414 415)
3(523 415 380)
3(380 416 523)
3(524 416 380)
3(524 523 416)
3(523 415 416)
3(524 416 381)
3(381 417 524)
3(525 417 381)
3(525 524 417)
3(524 416 417)
3(525 417 382)
3(382 418 525)
3(526 418 382)
3(526 525 418)
3(525 417 418)
3(526 418 383)
3(383 419 526)
3(527 419 383)
3(527 526 419)
3(526 418 419)
3(527 419 384)
3(384 420 527)
3(528 420 384)
3(528 527 420)
3(527 419 420)
3(528 420 385)
3(385 421 528)
3(529 421 385)
3(529 528 421)
3(528 420 421)
3(529 421 251)
3(251 255 529)
3(267 529 255)
3(529 421 255)
3(75 48 413)
3(413 278 75)
3(521 278 413)
3(521 75 278)
3(75 48 278)
3(521 278 414)
3(414 279 521)
3(522 279 414)
3(522 521 279)
3(521 278 279)
3(522 279 415)
3(415 280 522)
3(523 280 415)
3(523 522 280)
3(522 279 280)
3(523 280 416)
3(416 281 523)
3(524 281 416)
3(524 523 281)
3(523 280 281)
3(524 281 417)
3(417 282 524)
3(525 282 417)
3(525 524 282)
3(524 281 282)
3(525 282 418)
3(418 283 525)
3(526 283 418)
3(526 525 283)
3(525 282 283)
3(526 283 419)
3(419 284 526)
3(527 284 419)
3(527 526 284)
3(526 283 284)
3(527 284 420)
3(420 285 527)
3(528 285 420)
3(528 527 285)
3(527 284 285)
3(528 285 421)
3(421 286 528)
3(529 286 421)
3(529 528 286)
3(528 285 286)
3(529 286 255)
3(255 240 529)
3(267 529 240)
3(529 286 240)
3(51 74 20)
3(74 0 20)
3(305 20 74)
3(512 20 305)
3(512 74 20)
3(305 512 21)
3(512 20 21)
3(306 21 512)
3(513 21 306)
3(513 512 21)
3(306 513 22)
3(513 21 22)
3(307 22 513)
3(514 22 307)
3(514 513 22)
3(307 514 23)
3(514 22 23)
3(308 23 514)
3(515 23 308)
3(515 514 23)
3(308 515 24)
3(515 23 24)
3(309 24 515)
3(516 24 309)
3(516 515 24)
3(309 516 25)
3(516 24 25)
3(310 25 516)
3(517 25 310)
3(517 516 25)
3(310 517 26)
3(517 25 26)
3(311 26 517)
3(518 26 311)
3(518 517 26)
3(311 518 27)
3(518 26 27)
3(312 27 518)
3(519 27 312)
3(519 518 27)
3(312 519 28)
3(519 27 28)
3(313 28 519)
3(520 28 313)
3(520 519 28)
3(313 520 1)
3(520 28 1)
3(243 1 520)
3(266 520 1)
3(16 72 194)
3(72 15 194)
3(203 194 72)
3(494 194 203)
3(494 203 72)
3(494 72 194)
3(72 203 16)
3(203 494 195)
3(494 194 195)
3(204 195 494)
3(495 195 204)
3(495 204 494)
3(495 494 195)
3(494 204 203)
3(204 495 196)
3(495 195 196)
3(205 196 495)
3(496 196 205)
3(496 205 495)
3(496 495 196)
3(495 205 204)
3(205 496 197)
3(496 196 197)
3(206 197 496)
3(497 197 206)
3(497 206 496)
3(497 496 197)
3(496 206 205)
3(206 497 198)
3(497 197 198)
3(207 198 497)
3(498 198 207)
3(498 207 497)
3(498 497 198)
3(497 207 206)
3(207 498 199)
3(498 198 199)
3(208 199 498)
3(499 199 208)
3(499 208 498)
3(499 498 199)
3(498 208 207)
3(208 499 200)
3(499 199 200)
3(209 200 499)
3(500 200 209)
3(500 209 499)
3(500 499 200)
3(499 209 208)
3(209 500 201)
3(500 200 201)
3(210 201 500)
3(501 201 210)
3(501 210 500)
3(501 500 201)
3(500 210 209)
3(210 501 202)
3(501 201 202)
3(211 202 501)
3(502 202 211)
3(502 211 501)
3(502 501 202)
3(501 211 210)
3(211 502 42)
3(502 202 42)
3(43 42 502)
3(264 43 502)
3(264 502 42)
3(502 43 211)
3(0 74 230)
3(74 19 230)
3(20 230 74)
3(512 230 20)
3(512 74 230)
3(20 512 231)
3(512 230 231)
3(21 231 512)
3(513 231 21)
3(513 512 231)
3(21 513 232)
3(513 231 232)
3(22 232 513)
3(514 232 22)
3(514 513 232)
3(22 514 233)
3(514 232 233)
3(23 233 514)
3(515 233 23)
3(515 514 233)
3(23 515 234)
3(515 233 234)
3(24 234 515)
3(516 234 24)
3(516 515 234)
3(24 516 235)
3(516 234 235)
3(25 235 516)
3(517 235 25)
3(517 516 235)
3(25 517 236)
3(517 235 236)
3(26 236 517)
3(518 236 26)
3(518 517 236)
3(26 518 237)
3(518 236 237)
3(27 237 518)
3(519 237 27)
3(519 518 237)
3(27 519 238)
3(519 237 238)
3(28 238 519)
3(520 238 28)
3(520 519 238)
3(28 520 46)
3(520 238 46)
3(1 46 520)
3(266 520 46)
3(48 73 140)
3(73 9 140)
3(278 140 73)
3(503 140 278)
3(503 73 140)
3(503 278 73)
3(73 278 48)
3(278 503 141)
3(503 140 141)
3(279 141 503)
3(504 141 279)
3(504 503 141)
3(504 279 503)
3(503 279 278)
3(279 504 142)
3(504 141 142)
3(280 142 504)
3(505 142 280)
3(505 504 142)
3(505 280 504)
3(504 280 279)
3(280 505 143)
3(505 142 143)
3(281 143 505)
3(506 143 281)
3(506 505 143)
3(506 281 505)
3(505 281 280)
3(281 506 144)
3(506 143 144)
3(282 144 506)
3(507 144 282)
3(507 506 144)
3(507 282 506)
3(506 282 281)
3(282 507 145)
3(507 144 145)
3(283 145 507)
3(508 145 283)
3(508 507 145)
3(508 283 507)
3(507 283 282)
3(283 508 146)
3(508 145 146)
3(284 146 508)
3(509 146 284)
3(509 508 146)
3(509 284 508)
3(508 284 283)
3(284 509 147)
3(509 146 147)
3(285 147 509)
3(510 147 285)
3(510 509 147)
3(510 285 509)
3(509 285 284)
3(285 510 148)
3(510 147 148)
3(286 148 510)
3(511 148 286)
3(511 510 148)
3(511 286 510)
3(510 286 285)
3(286 511 36)
3(511 148 36)
3(240 36 511)
3(265 511 36)
3(265 240 511)
3(511 240 286)
3(14 69 176)
3(69 13 176)
3(185 176 69)
3(467 176 185)
3(467 69 176)
3(467 185 69)
3(69 185 14)
3(185 467 177)
3(467 176 177)
3(186 177 467)
3(468 177 186)
3(468 467 177)
3(468 186 467)
3(467 186 185)
3(186 468 178)
3(468 177 178)
3(187 178 468)
3(469 178 187)
3(469 468 178)
3(469 187 468)
3(468 187 186)
3(187 469 179)
3(469 178 179)
3(188 179 469)
3(470 179 188)
3(470 469 179)
3(470 188 469)
3(469 188 187)
3(188 470 180)
3(470 179 180)
3(189 180 470)
3(471 180 189)
3(471 470 180)
3(471 189 470)
3(470 189 188)
3(189 471 181)
3(471 180 181)
3(190 181 471)
3(472 181 190)
3(472 471 181)
3(472 190 471)
3(471 190 189)
3(190 472 182)
3(472 181 182)
3(191 182 472)
3(473 182 191)
3(473 472 182)
3(473 191 472)
3(472 191 190)
3(191 473 183)
3(473 182 183)
3(192 183 473)
3(474 183 192)
3(474 473 183)
3(474 192 473)
3(473 192 191)
3(192 474 184)
3(474 183 184)
3(193 184 474)
3(475 184 193)
3(475 474 184)
3(475 193 474)
3(474 193 192)
3(193 475 40)
3(475 184 40)
3(41 40 475)
3(261 475 40)
3(261 41 475)
3(475 41 193)
3(69 52 176)
3(176 314 69)
3(467 314 176)
3(467 314 177)
3(177 315 467)
3(468 315 177)
3(468 315 178)
3(178 316 468)
3(469 316 178)
3(469 316 179)
3(179 317 469)
3(470 317 179)
3(470 317 180)
3(180 318 470)
3(471 318 180)
3(471 318 181)
3(181 319 471)
3(472 319 181)
3(472 319 182)
3(182 320 472)
3(473 320 182)
3(473 320 183)
3(183 321 473)
3(474 321 183)
3(474 321 184)
3(184 322 474)
3(475 322 184)
3(475 322 40)
3(40 244 475)
3(70 54 212)
3(17 70 212)
3(212 332 70)
3(476 332 212)
3(476 212 70)
3(476 70 332)
3(70 54 332)
3(476 332 213)
3(212 476 213)
3(213 333 476)
3(477 333 213)
3(477 213 476)
3(477 476 333)
3(476 332 333)
3(477 333 214)
3(213 477 214)
3(214 334 477)
3(478 334 214)
3(478 214 477)
3(478 477 334)
3(477 333 334)
3(478 334 215)
3(214 478 215)
3(215 335 478)
3(479 335 215)
3(479 215 478)
3(479 478 335)
3(478 334 335)
3(479 335 216)
3(215 479 216)
3(216 336 479)
3(480 336 216)
3(480 216 479)
3(480 479 336)
3(479 335 336)
3(480 336 217)
3(216 480 217)
3(217 337 480)
3(481 337 217)
3(481 217 480)
3(481 480 337)
3(480 336 337)
3(481 337 218)
3(217 481 218)
3(218 338 481)
3(482 338 218)
3(482 218 481)
3(482 481 338)
3(481 337 338)
3(482 338 219)
3(218 482 219)
3(219 339 482)
3(483 339 219)
3(483 219 482)
3(483 482 339)
3(482 338 339)
3(483 339 220)
3(219 483 220)
3(220 340 483)
3(484 340 220)
3(484 220 483)
3(484 483 340)
3(483 339 340)
3(484 340 44)
3(220 484 44)
3(44 246 484)
3(262 44 484)
3(262 484 246)
3(484 340 246)
3(49 55 95)
3(55 4 95)
3(341 49 95)
3(341 95 287)
3(55 95 341)
3(287 341 96)
3(341 95 96)
3(342 287 96)
3(342 96 288)
3(341 96 342)
3(288 342 97)
3(342 96 97)
3(343 288 97)
3(343 97 289)
3(342 97 343)
3(289 343 98)
3(343 97 98)
3(344 289 98)
3(344 98 290)
3(343 98 344)
3(290 344 99)
3(344 98 99)
3(345 290 99)
3(345 99 291)
3(344 99 345)
3(291 345 100)
3(345 99 100)
3(346 291 100)
3(346 100 292)
3(345 100 346)
3(292 346 101)
3(346 100 101)
3(347 292 101)
3(347 101 293)
3(346 101 347)
3(293 347 102)
3(347 101 102)
3(348 293 102)
3(348 102 294)
3(347 102 348)
3(294 348 103)
3(348 102 103)
3(349 294 103)
3(349 103 295)
3(348 103 349)
3(295 349 31)
3(349 103 31)
3(247 295 31)
3(349 31 247)
3(54 72 203)
3(332 203 72)
3(494 203 332)
3(332 494 204)
3(333 204 494)
3(495 204 333)
3(333 495 205)
3(334 205 495)
3(496 205 334)
3(334 496 206)
3(335 206 496)
3(497 206 335)
3(335 497 207)
3(336 207 497)
3(498 207 336)
3(336 498 208)
3(337 208 498)
3(499 208 337)
3(337 499 209)
3(338 209 499)
3(500 209 338)
3(338 500 210)
3(339 210 500)
3(501 210 339)
3(339 501 211)
3(340 211 501)
3(502 211 340)
3(340 502 43)
3(246 43 502)
3(9 73 131)
3(73 8 131)
3(140 131 73)
3(503 131 140)
3(503 73 131)
3(140 503 132)
3(503 131 132)
3(141 132 503)
3(504 132 141)
3(504 503 132)
3(141 504 133)
3(504 132 133)
3(142 133 504)
3(505 133 142)
3(505 504 133)
3(142 505 134)
3(505 133 134)
3(143 134 505)
3(506 134 143)
3(506 505 134)
3(143 506 135)
3(506 134 135)
3(144 135 506)
3(507 135 144)
3(507 506 135)
3(144 507 136)
3(507 135 136)
3(145 136 507)
3(508 136 145)
3(508 507 136)
3(145 508 137)
3(508 136 137)
3(146 137 508)
3(509 137 146)
3(509 508 137)
3(146 509 138)
3(509 137 138)
3(147 138 509)
3(510 138 147)
3(510 509 138)
3(147 510 139)
3(510 138 139)
3(148 139 510)
3(511 139 148)
3(511 510 139)
3(148 511 35)
3(511 139 35)
3(36 35 511)
3(265 511 35)
3(47 70 221)
3(70 18 221)
3(269 221 70)
3(476 221 269)
3(476 70 221)
3(476 269 70)
3(70 269 47)
3(269 476 222)
3(476 221 222)
3(270 222 476)
3(477 222 270)
3(477 476 222)
3(477 270 476)
3(476 270 269)
3(270 477 223)
3(477 222 223)
3(271 223 477)
3(478 223 271)
3(478 477 223)
3(478 271 477)
3(477 271 270)
3(271 478 224)
3(478 223 224)
3(272 224 478)
3(479 224 272)
3(479 478 224)
3(479 272 478)
3(478 272 271)
3(272 479 225)
3(479 224 225)
3(273 225 479)
3(480 225 273)
3(480 479 225)
3(480 273 479)
3(479 273 272)
3(273 480 226)
3(480 225 226)
3(274 226 480)
3(481 226 274)
3(481 480 226)
3(481 274 480)
3(480 274 273)
3(274 481 227)
3(481 226 227)
3(275 227 481)
3(482 227 275)
3(482 481 227)
3(482 275 481)
3(481 275 274)
3(275 482 228)
3(482 227 228)
3(276 228 482)
3(483 228 276)
3(483 482 228)
3(483 276 482)
3(482 276 275)
3(276 483 229)
3(483 228 229)
3(277 229 483)
3(484 229 277)
3(484 483 229)
3(484 277 483)
3(483 277 276)
3(277 484 45)
3(484 229 45)
3(239 45 484)
3(262 484 45)
3(262 239 484)
3(484 239 277)
3(68 51 77)
3(2 68 77)
3(77 305 68)
3(458 305 77)
3(458 77 68)
3(458 305 78)
3(77 458 78)
3(78 306 458)
3(459 306 78)
3(459 78 458)
3(459 306 79)
3(78 459 79)
3(79 307 459)
3(460 307 79)
3(460 79 459)
3(460 307 80)
3(79 460 80)
3(80 308 460)
3(461 308 80)
3(461 80 460)
3(461 308 81)
3(80 461 81)
3(81 309 461)
3(462 309 81)
3(462 81 461)
3(462 309 82)
3(81 462 82)
3(82 310 462)
3(463 310 82)
3(463 82 462)
3(463 310 83)
3(82 463 83)
3(83 311 463)
3(464 311 83)
3(464 83 463)
3(464 311 84)
3(83 464 84)
3(84 312 464)
3(465 312 84)
3(465 84 464)
3(465 312 85)
3(84 465 85)
3(85 313 465)
3(466 313 85)
3(466 85 465)
3(466 313 29)
3(85 466 29)
3(29 243 466)
3(260 29 466)
3(4 55 86)
3(55 3 86)
3(95 86 55)
3(341 86 95)
3(341 55 86)
3(95 341 87)
3(341 86 87)
3(96 87 341)
3(342 87 96)
3(342 341 87)
3(96 342 88)
3(342 87 88)
3(97 88 342)
3(343 88 97)
3(343 342 88)
3(97 343 89)
3(343 88 89)
3(98 89 343)
3(344 89 98)
3(344 343 89)
3(98 344 90)
3(344 89 90)
3(99 90 344)
3(345 90 99)
3(345 344 90)
3(99 345 91)
3(345 90 91)
3(100 91 345)
3(346 91 100)
3(346 345 91)
3(100 346 92)
3(346 91 92)
3(101 92 346)
3(347 92 101)
3(347 346 92)
3(101 347 93)
3(347 92 93)
3(102 93 347)
3(348 93 102)
3(348 347 93)
3(102 348 94)
3(348 93 94)
3(103 94 348)
3(349 94 103)
3(349 348 94)
3(103 349 30)
3(349 94 30)
3(31 30 349)
3(247 349 30)
3(72 50 194)
3(194 296 72)
3(494 296 194)
3(494 296 195)
3(195 297 494)
3(495 297 195)
3(495 297 196)
3(196 298 495)
3(496 298 196)
3(496 298 197)
3(197 299 496)
3(497 299 197)
3(497 299 198)
3(198 300 497)
3(498 300 198)
3(498 300 199)
3(199 301 498)
3(499 301 199)
3(499 301 200)
3(200 302 499)
3(500 302 200)
3(500 302 201)
3(201 303 500)
3(501 303 201)
3(501 303 202)
3(202 304 501)
3(502 304 202)
3(502 304 42)
3(42 242 502)
3(50 69 185)
3(296 185 69)
3(467 185 296)
3(296 467 186)
3(297 186 467)
3(468 186 297)
3(297 468 187)
3(298 187 468)
3(469 187 298)
3(298 469 188)
3(299 188 469)
3(470 188 299)
3(299 470 189)
3(300 189 470)
3(471 189 300)
3(300 471 190)
3(301 190 471)
3(472 190 301)
3(301 472 191)
3(302 191 472)
3(473 191 302)
3(302 473 192)
3(303 192 473)
3(474 192 303)
3(303 474 193)
3(304 193 474)
3(475 193 304)
3(304 475 41)
3(242 41 475)
3(18 70 212)
3(221 212 70)
3(476 212 221)
3(221 476 213)
3(222 213 476)
3(477 213 222)
3(222 477 214)
3(223 214 477)
3(478 214 223)
3(223 478 215)
3(224 215 478)
3(479 215 224)
3(224 479 216)
3(225 216 479)
3(480 216 225)
3(225 480 217)
3(226 217 480)
3(481 217 226)
3(226 481 218)
3(227 218 481)
3(482 218 227)
3(227 482 219)
3(228 219 482)
3(483 219 228)
3(228 483 220)
3(229 220 483)
3(484 220 229)
3(229 484 44)
3(45 44 484)
3(3 68 77)
3(86 77 68)
3(458 77 86)
3(458 86 68)
3(68 86 3)
3(86 458 78)
3(87 78 458)
3(459 78 87)
3(459 87 458)
3(458 87 86)
3(87 459 79)
3(88 79 459)
3(460 79 88)
3(460 88 459)
3(459 88 87)
3(88 460 80)
3(89 80 460)
3(461 80 89)
3(461 89 460)
3(460 89 88)
3(89 461 81)
3(90 81 461)
3(462 81 90)
3(462 90 461)
3(461 90 89)
3(90 462 82)
3(91 82 462)
3(463 82 91)
3(463 91 462)
3(462 91 90)
3(91 463 83)
3(92 83 463)
3(464 83 92)
3(464 92 463)
3(463 92 91)
3(92 464 84)
3(93 84 464)
3(465 84 93)
3(465 93 464)
3(464 93 92)
3(93 465 85)
3(94 85 465)
3(466 85 94)
3(466 94 465)
3(465 94 93)
3(94 466 29)
3(30 29 466)
3(260 30 466)
3(466 30 94)
3(73 53 131)
3(131 323 73)
3(503 323 131)
3(503 73 323)
3(73 53 323)
3(503 323 132)
3(132 324 503)
3(504 324 132)
3(504 503 324)
3(503 323 324)
3(504 324 133)
3(133 325 504)
3(505 325 133)
3(505 504 325)
3(504 324 325)
3(505 325 134)
3(134 326 505)
3(506 326 134)
3(506 505 326)
3(505 325 326)
3(506 326 135)
3(135 327 506)
3(507 327 135)
3(507 506 327)
3(506 326 327)
3(507 327 136)
3(136 328 507)
3(508 328 136)
3(508 507 328)
3(507 327 328)
3(508 328 137)
3(137 329 508)
3(509 329 137)
3(509 508 329)
3(508 328 329)
3(509 329 138)
3(138 330 509)
3(510 330 138)
3(510 509 330)
3(509 329 330)
3(510 330 139)
3(139 331 510)
3(511 331 139)
3(511 510 331)
3(510 330 331)
3(511 331 35)
3(35 245 511)
3(265 511 245)
3(511 331 245)
3(74 47 230)
3(230 269 74)
3(512 269 230)
3(512 269 231)
3(231 270 512)
3(513 270 231)
3(513 270 232)
3(232 271 513)
3(514 271 232)
3(514 271 233)
3(233 272 514)
3(515 272 233)
3(515 272 234)
3(234 273 515)
3(516 273 234)
3(516 273 235)
3(235 274 516)
3(517 274 235)
3(517 274 236)
3(236 275 517)
3(518 275 236)
3(518 275 237)
3(237 276 518)
3(519 276 237)
3(519 276 238)
3(238 277 519)
3(520 277 238)
3(520 277 46)
3(46 239 520)
3(12 76 158)
3(76 11 158)
3(167 158 76)
3(530 158 167)
3(530 167 76)
3(530 76 158)
3(76 167 12)
3(167 530 159)
3(530 158 159)
3(168 159 530)
3(531 159 168)
3(531 168 530)
3(531 530 159)
3(530 168 167)
3(168 531 160)
3(531 159 160)
3(169 160 531)
3(532 160 169)
3(532 169 531)
3(532 531 160)
3(531 169 168)
3(169 532 161)
3(532 160 161)
3(170 161 532)
3(533 161 170)
3(533 170 532)
3(533 532 161)
3(532 170 169)
3(170 533 162)
3(533 161 162)
3(171 162 533)
3(534 162 171)
3(534 171 533)
3(534 533 162)
3(533 171 170)
3(171 534 163)
3(534 162 163)
3(172 163 534)
3(535 163 172)
3(535 172 534)
3(535 534 163)
3(534 172 171)
3(172 535 164)
3(535 163 164)
3(173 164 535)
3(536 164 173)
3(536 173 535)
3(536 535 164)
3(535 173 172)
3(173 536 165)
3(536 164 165)
3(174 165 536)
3(537 165 174)
3(537 174 536)
3(537 536 165)
3(536 174 173)
3(174 537 166)
3(537 165 166)
3(175 166 537)
3(538 166 175)
3(538 175 537)
3(538 537 166)
3(537 175 174)
3(175 538 38)
3(538 166 38)
3(39 38 538)
3(268 39 538)
3(268 538 38)
3(538 39 175)
3(52 76 167)
3(314 167 76)
3(530 167 314)
3(314 530 168)
3(315 168 530)
3(531 168 315)
3(315 531 169)
3(316 169 531)
3(532 169 316)
3(316 532 170)
3(317 170 532)
3(533 170 317)
3(317 533 171)
3(318 171 533)
3(534 171 318)
3(318 534 172)
3(319 172 534)
3(535 172 319)
3(319 535 173)
3(320 173 535)
3(536 173 320)
3(320 536 174)
3(321 174 536)
3(537 174 321)
3(321 537 175)
3(322 175 537)
3(538 175 322)
3(322 538 39)
3(244 39 538)
3(67 64 386)
3(386 422 67)
3(449 422 386)
3(449 422 387)
3(387 423 449)
3(450 423 387)
3(450 423 388)
3(388 424 450)
3(451 424 388)
3(451 424 389)
3(389 425 451)
3(452 425 389)
3(452 425 390)
3(390 426 452)
3(453 426 390)
3(453 426 391)
3(391 427 453)
3(454 427 391)
3(454 427 392)
3(392 428 454)
3(455 428 392)
3(455 428 393)
3(393 429 455)
3(456 429 393)
3(456 429 394)
3(394 430 456)
3(457 430 394)
3(457 430 252)
3(252 256 457)
3(76 66 158)
3(158 440 76)
3(530 440 158)
3(530 440 159)
3(159 441 530)
3(531 441 159)
3(531 441 160)
3(160 442 531)
3(532 442 160)
3(532 442 161)
3(161 443 532)
3(533 443 161)
3(533 443 162)
3(162 444 533)
3(534 444 162)
3(534 444 163)
3(163 445 534)
3(535 445 163)
3(535 445 164)
3(164 446 535)
3(536 446 164)
3(536 446 165)
3(165 447 536)
3(537 447 165)
3(537 447 166)
3(166 448 537)
3(538 448 166)
3(538 448 38)
3(38 258 538)
3(70 71 332)
3(476 332 71)
3(485 332 476)
3(485 476 71)
3(71 476 70)
3(476 485 333)
3(477 333 485)
3(486 333 477)
3(486 477 485)
3(485 477 476)
3(477 486 334)
3(478 334 486)
3(487 334 478)
3(487 478 486)
3(486 478 477)
3(478 487 335)
3(479 335 487)
3(488 335 479)
3(488 479 487)
3(487 479 478)
3(479 488 336)
3(480 336 488)
3(489 336 480)
3(489 480 488)
3(488 480 479)
3(480 489 337)
3(481 337 489)
3(490 337 481)
3(490 481 489)
3(489 481 480)
3(481 490 338)
3(482 338 490)
3(491 338 482)
3(491 482 490)
3(490 482 481)
3(482 491 339)
3(483 339 491)
3(492 339 483)
3(492 483 491)
3(491 483 482)
3(483 492 340)
3(484 340 492)
3(493 340 484)
3(493 484 492)
3(492 484 483)
3(484 493 246)
3(262 246 493)
3(263 262 493)
3(493 262 484)
3(71 70 269)
3(269 476 71)
3(485 476 269)
3(485 476 270)
3(270 477 485)
3(486 477 270)
3(486 477 271)
3(271 478 486)
3(487 478 271)
3(487 478 272)
3(272 479 487)
3(488 479 272)
3(488 479 273)
3(273 480 488)
3(489 480 273)
3(489 480 274)
3(274 481 489)
3(490 481 274)
3(490 481 275)
3(275 482 490)
3(491 482 275)
3(491 482 276)
3(276 483 491)
3(492 483 276)
3(492 483 277)
3(277 484 492)
3(493 484 277)
3(493 484 239)
3(239 262 493)
3(55 68 86)
3(341 86 68)
3(458 86 341)
3(341 458 87)
3(342 87 458)
3(459 87 342)
3(342 459 88)
3(343 88 459)
3(460 88 343)
3(343 460 89)
3(344 89 460)
3(461 89 344)
3(344 461 90)
3(345 90 461)
3(462 90 345)
3(345 462 91)
3(346 91 462)
3(463 91 346)
3(346 463 92)
3(347 92 463)
3(464 92 347)
3(347 464 93)
3(348 93 464)
3(465 93 348)
3(348 465 94)
3(349 94 465)
3(466 94 349)
3(349 466 30)
3(247 30 466)
3(73 75 323)
3(503 323 75)
3(521 323 503)
3(521 503 75)
3(75 503 73)
3(503 521 324)
3(504 324 521)
3(522 324 504)
3(522 504 521)
3(521 504 503)
3(504 522 325)
3(505 325 522)
3(523 325 505)
3(523 505 522)
3(522 505 504)
3(505 523 326)
3(506 326 523)
3(524 326 506)
3(524 506 523)
3(523 506 505)
3(506 524 327)
3(507 327 524)
3(525 327 507)
3(525 507 524)
3(524 507 506)
3(507 525 328)
3(508 328 525)
3(526 328 508)
3(526 508 525)
3(525 508 507)
3(508 526 329)
3(509 329 526)
3(527 329 509)
3(527 509 526)
3(526 509 508)
3(509 527 330)
3(510 330 527)
3(528 330 510)
3(528 510 527)
3(527 510 509)
3(510 528 331)
3(511 331 528)
3(529 331 511)
3(529 511 528)
3(528 511 510)
3(511 529 245)
3(265 245 529)
3(267 265 529)
3(529 265 511)
3(75 73 278)
3(278 503 75)
3(521 503 278)
3(521 503 279)
3(279 504 521)
3(522 504 279)
3(522 504 280)
3(280 505 522)
3(523 505 280)
3(523 505 281)
3(281 506 523)
3(524 506 281)
3(524 506 282)
3(282 507 524)
3(525 507 282)
3(525 507 283)
3(283 508 525)
3(526 508 283)
3(526 508 284)
3(284 509 526)
3(527 509 284)
3(527 509 285)
3(285 510 527)
3(528 510 285)
3(528 510 286)
3(286 511 528)
3(529 511 286)
3(529 511 240)
3(240 265 529)
3(263 256 246)
3(257 241 32)
3(251 249 245)
3(268 259 255)
3(264 246 256)
3(268 244 259)
3(6 104 5)
3(113 104 6)
3(113 105 104)
3(114 105 113)
3(114 106 105)
3(115 106 114)
3(115 107 106)
3(116 107 115)
3(116 108 107)
3(117 108 116)
3(117 109 108)
3(118 109 117)
3(118 110 109)
3(119 110 118)
3(119 111 110)
3(120 111 119)
3(120 112 111)
3(121 112 120)
3(121 32 112)
3(257 32 33)
3(33 32 121)
3(263 253 256)
3(257 245 249)
3(268 255 258)
3(266 254 239)
3(263 239 254)
3(254 243 248)
3(264 256 242)
3(260 248 243)
3(261 242 259)
3(267 251 245)
3(259 242 256)
3(266 243 254)
3(257 249 241)
3(263 254 253)
3(257 34 245)
3(7 113 6)
3(122 113 7)
3(122 114 113)
3(123 114 122)
3(123 115 114)
3(124 115 123)
3(124 116 115)
3(125 116 124)
3(125 117 116)
3(126 117 125)
3(126 118 117)
3(127 118 126)
3(127 119 118)
3(128 119 127)
3(128 120 119)
3(129 120 128)
3(129 121 120)
3(130 121 129)
3(130 33 121)
3(257 33 34)
3(34 33 130)
3(2 20 0)
3(77 20 2)
3(77 21 20)
3(78 21 77)
3(78 22 21)
3(79 22 78)
3(79 23 22)
3(80 23 79)
3(80 24 23)
3(81 24 80)
3(81 25 24)
3(82 25 81)
3(82 26 25)
3(83 26 82)
3(83 27 26)
3(84 27 83)
3(84 28 27)
3(85 28 84)
3(85 1 28)
3(243 1 29)
3(29 1 85)
3(15 185 14)
3(194 185 15)
3(194 186 185)
3(195 186 194)
3(195 187 186)
3(196 187 195)
3(196 188 187)
3(197 188 196)
3(197 189 188)
3(198 189 197)
3(198 190 189)
3(199 190 198)
3(199 191 190)
3(200 191 199)
3(200 192 191)
3(201 192 200)
3(201 193 192)
3(202 193 201)
3(202 41 193)
3(242 41 42)
3(42 41 202)
3(5 95 4)
3(104 95 5)
3(104 96 95)
3(105 96 104)
3(105 97 96)
3(106 97 105)
3(106 98 97)
3(107 98 106)
3(107 99 98)
3(108 99 107)
3(108 100 99)
3(109 100 108)
3(109 101 100)
3(110 101 109)
3(110 102 101)
3(111 102 110)
3(111 103 102)
3(112 103 111)
3(112 31 103)
3(241 31 32)
3(32 31 112)
3(19 221 18)
3(230 221 19)
3(230 222 221)
3(231 222 230)
3(231 223 222)
3(232 223 231)
3(232 224 223)
3(233 224 232)
3(233 225 224)
3(234 225 233)
3(234 226 225)
3(235 226 234)
3(235 227 226)
3(236 227 235)
3(236 228 227)
3(237 228 236)
3(237 229 228)
3(238 229 237)
3(238 45 229)
3(239 45 46)
3(46 45 238)
3(17 203 16)
3(212 203 17)
3(212 204 203)
3(213 204 212)
3(213 205 204)
3(214 205 213)
3(214 206 205)
3(215 206 214)
3(215 207 206)
3(216 207 215)
3(216 208 207)
3(217 208 216)
3(217 209 208)
3(218 209 217)
3(218 210 209)
3(219 210 218)
3(219 211 210)
3(220 211 219)
3(220 43 211)
3(246 43 44)
3(44 43 220)
3(10 140 9)
3(149 140 10)
3(149 141 140)
3(150 141 149)
3(150 142 141)
3(151 142 150)
3(151 143 142)
3(152 143 151)
3(152 144 143)
3(153 144 152)
3(153 145 144)
3(154 145 153)
3(154 146 145)
3(155 146 154)
3(155 147 146)
3(156 147 155)
3(156 148 147)
3(157 148 156)
3(157 36 148)
3(240 36 37)
3(37 36 157)
3(8 122 7)
3(131 122 8)
3(131 123 122)
3(132 123 131)
3(132 124 123)
3(133 124 132)
3(133 125 124)
3(134 125 133)
3(134 126 125)
3(135 126 134)
3(135 127 126)
3(136 127 135)
3(136 128 127)
3(137 128 136)
3(137 129 128)
3(138 129 137)
3(138 130 129)
3(139 130 138)
3(139 34 130)
3(245 34 35)
3(35 34 139)
3(13 167 12)
3(176 167 13)
3(176 168 167)
3(177 168 176)
3(177 169 168)
3(178 169 177)
3(178 170 169)
3(179 170 178)
3(179 171 170)
3(180 171 179)
3(180 172 171)
3(181 172 180)
3(181 173 172)
3(182 173 181)
3(182 174 173)
3(183 174 182)
3(183 175 174)
3(184 175 183)
3(184 39 175)
3(244 39 40)
3(40 39 184)
3(253 250 252)
3(252 250 251)
3(251 250 249)
3(250 248 249)
3(254 248 250)
3(261 259 244)
3(254 250 253)
3(249 248 241)
3(11 149 10)
3(158 149 11)
3(158 150 149)
3(159 150 158)
3(159 151 150)
3(160 151 159)
3(160 152 151)
3(161 152 160)
3(161 153 152)
3(162 153 161)
3(162 154 153)
3(163 154 162)
3(163 155 154)
3(164 155 163)
3(164 156 155)
3(165 156 164)
3(165 157 156)
3(166 157 165)
3(166 37 157)
3(258 37 38)
3(38 37 166)
3(258 240 37)
3(260 247 248)
3(255 252 251)
3(256 253 252)
3(259 252 255)
3(248 247 241)
3(258 255 240)
3(267 255 251)
3(267 240 255)
3(266 1 243)
3(16 194 15)
3(203 194 16)
3(203 195 194)
3(204 195 203)
3(204 196 195)
3(205 196 204)
3(205 197 196)
3(206 197 205)
3(206 198 197)
3(207 198 206)
3(207 199 198)
3(208 199 207)
3(208 200 199)
3(209 200 208)
3(209 201 200)
3(210 201 209)
3(210 202 201)
3(211 202 210)
3(211 42 202)
3(264 42 43)
3(43 42 211)
3(0 230 19)
3(20 230 0)
3(20 231 230)
3(21 231 20)
3(21 232 231)
3(22 232 21)
3(22 233 232)
3(23 233 22)
3(23 234 233)
3(24 234 23)
3(24 235 234)
3(25 235 24)
3(25 236 235)
3(26 236 25)
3(26 237 236)
3(27 237 26)
3(27 238 237)
3(28 238 27)
3(28 46 238)
3(266 46 1)
3(1 46 28)
3(265 36 240)
3(14 176 13)
3(185 176 14)
3(185 177 176)
3(186 177 185)
3(186 178 177)
3(187 178 186)
3(187 179 178)
3(188 179 187)
3(188 180 179)
3(189 180 188)
3(189 181 180)
3(190 181 189)
3(190 182 181)
3(191 182 190)
3(191 183 182)
3(192 183 191)
3(192 184 183)
3(193 184 192)
3(193 40 184)
3(261 40 41)
3(41 40 193)
3(261 244 40)
3(262 246 44)
3(247 31 241)
3(264 43 246)
3(9 131 8)
3(140 131 9)
3(140 132 131)
3(141 132 140)
3(141 133 132)
3(142 133 141)
3(142 134 133)
3(143 134 142)
3(143 135 134)
3(144 135 143)
3(144 136 135)
3(145 136 144)
3(145 137 136)
3(146 137 145)
3(146 138 137)
3(147 138 146)
3(147 139 138)
3(148 139 147)
3(148 35 139)
3(265 35 36)
3(36 35 148)
3(262 45 239)
3(260 243 29)
3(4 86 3)
3(95 86 4)
3(95 87 86)
3(96 87 95)
3(96 88 87)
3(97 88 96)
3(97 89 88)
3(98 89 97)
3(98 90 89)
3(99 90 98)
3(99 91 90)
3(100 91 99)
3(100 92 91)
3(101 92 100)
3(101 93 92)
3(102 93 101)
3(102 94 93)
3(103 94 102)
3(103 30 94)
3(247 30 31)
3(31 30 103)
3(264 242 42)
3(261 41 242)
3(18 212 17)
3(221 212 18)
3(221 213 212)
3(222 213 221)
3(222 214 213)
3(223 214 222)
3(223 215 214)
3(224 215 223)
3(224 216 215)
3(225 216 224)
3(225 217 216)
3(226 217 225)
3(226 218 217)
3(227 218 226)
3(227 219 218)
3(228 219 227)
3(228 220 219)
3(229 220 228)
3(229 44 220)
3(262 44 45)
3(45 44 229)
3(3 77 2)
3(86 77 3)
3(86 78 77)
3(87 78 86)
3(87 79 78)
3(88 79 87)
3(88 80 79)
3(89 80 88)
3(89 81 80)
3(90 81 89)
3(90 82 81)
3(91 82 90)
3(91 83 82)
3(92 83 91)
3(92 84 83)
3(93 84 92)
3(93 85 84)
3(94 85 93)
3(94 29 85)
3(260 29 30)
3(30 29 94)
3(265 245 35)
3(266 239 46)
3(12 158 11)
3(167 158 12)
3(167 159 158)
3(168 159 167)
3(168 160 159)
3(169 160 168)
3(169 161 160)
3(170 161 169)
3(170 162 161)
3(171 162 170)
3(171 163 162)
3(172 163 171)
3(172 164 163)
3(173 164 172)
3(173 165 164)
3(174 165 173)
3(174 166 165)
3(175 166 174)
3(175 38 166)
3(268 38 39)
3(39 38 175)
3(268 39 244)
3(259 256 252)
3(268 258 38)
3(263 246 262)
3(263 262 239)
3(260 30 247)
3(267 245 265)
3(267 265 240)
3(54 64 71)
3(5 49 65)
3(53 57 59)
3(63 67 76)
3(64 54 72)
3(67 52 76)
3(6 5 65)
3(64 61 71)
3(57 53 65)
3(66 63 76)
3(47 62 74)
3(62 47 71)
3(56 51 62)
3(50 64 72)
3(51 56 68)
3(67 50 69)
3(53 59 75)
3(64 50 67)
3(62 51 74)
3(49 57 65)
3(61 62 71)
3(53 7 65)
3(7 6 65)
3(2 0 51)
3(15 14 50)
3(5 4 49)
3(19 18 47)
3(17 16 54)
3(10 9 48)
3(8 7 53)
3(13 12 52)
3(60 58 61)
3(59 58 60)
3(57 58 59)
3(57 56 58)
3(58 56 62)
3(52 67 69)
3(61 58 62)
3(49 56 57)
3(11 10 66)
3(10 48 66)
3(56 55 68)
3(59 60 63)
3(60 61 64)
3(63 60 67)
3(49 55 56)
3(48 63 66)
3(59 63 75)
3(63 48 75)
3(51 0 74)
3(16 15 72)
3(0 19 74)
3(48 9 73)
3(14 13 69)
3(13 52 69)
3(17 54 70)
3(49 4 55)
3(54 16 72)
3(9 8 73)
3(47 18 70)
3(2 51 68)
3(4 3 55)
3(15 50 72)
3(50 14 69)
3(18 17 70)
3(3 2 68)
3(8 53 73)
3(19 47 74)
3(12 11 76)
3(52 12 76)
3(60 64 67)
3(11 66 76)
3(70 54 71)
3(47 70 71)
3(55 3 68)
3(73 53 75)
3(48 73 75)
)


// ************************************************************************* //
