/*--------------------------------*- C++ -*----------------------------------*\
| =========                 |                                                 |
| \\      /  F ield         | OpenFOAM: The Open Source CFD Toolbox           |
|  \\    /   O peration     | Version:  2412                                  |
|   \\  /    A nd           | Website:  www.openfoam.com                      |
|    \\/     M anipulation  |                                                 |
\*---------------------------------------------------------------------------*/
FoamFile
{
    version     2.0;
    format      ascii;
    arch        "LSB;label=32;scalar=64";
    note        "nPoints:539  nCells:2310  nFaces:4887  nInternalFaces:4353";
    class       labelList;
    location    "constant/steel_cylinder/polyMesh";
    object      neighbour;
}
// * * * * * * * * * * * * * * * * * * * * * * * * * * * * * * * * * * * * * //


4353
(
2
120
212
2
3
211
2161
122
2160
5
123
215
5
6
214
2164
125
2163
8
126
218
8
9
217
2167
128
2166
11
129
221
11
12
220
2170
131
2169
14
132
224
14
15
223
2173
134
2172
17
135
227
17
18
226
2176
137
2175
20
138
230
20
21
229
2179
140
2178
23
141
233
23
24
232
2182
143
2181
26
144
236
26
27
235
2185
146
2184
29
147
239
29
238
2188
149
2187
32
572
752
32
33
181
571
180
751
35
575
755
35
36
184
574
183
754
38
578
758
38
39
187
577
186
757
41
581
761
41
42
190
580
189
760
44
584
764
44
45
193
583
192
763
47
587
767
47
48
196
586
195
766
50
590
770
50
51
199
589
198
769
53
593
773
53
54
202
592
201
772
56
596
776
56
57
205
595
204
775
59
599
779
59
208
598
207
778
62
240
992
62
63
482
991
242
480
65
243
995
65
66
485
994
245
483
68
246
998
68
69
488
997
248
486
71
249
1001
71
72
491
1000
251
489
74
252
1004
74
75
494
1003
254
492
77
255
1007
77
78
497
1006
257
495
80
258
1010
80
81
500
1009
260
498
83
261
1013
83
84
503
1012
263
501
86
264
1016
86
87
506
1015
266
504
89
267
1019
89
509
1018
269
507
92
152
1322
92
93
151
271
270
1321
95
155
1325
95
96
154
274
273
1324
98
158
1328
98
99
157
277
276
1327
101
161
1331
101
102
160
280
279
1330
104
164
1334
104
105
163
283
282
1333
107
167
1337
107
108
166
286
285
1336
110
170
1340
110
111
169
289
288
1339
113
173
1343
113
114
172
292
291
1342
116
176
1346
116
117
175
295
294
1345
119
179
1349
119
178
298
297
1348
122
390
122
123
391
1711
1712
125
393
125
126
394
1714
1715
128
396
128
129
397
1717
1718
131
399
131
132
400
1720
1721
134
402
134
135
403
1723
1724
137
405
137
138
406
1726
1727
140
408
140
141
409
1729
1730
143
411
143
144
412
1732
1733
146
414
146
147
415
1735
1736
149
417
149
418
1738
1739
152
1080
2072
152
153
2071
1082
155
1083
2075
155
156
2074
1085
158
1086
2078
158
159
2077
1088
161
1089
2081
161
162
2080
1091
164
1092
2084
164
165
2083
1094
167
1095
2087
167
168
2086
1097
170
1098
2090
170
171
2089
1100
173
1101
2093
173
174
2092
1103
176
1104
2096
176
177
2095
1106
179
1107
2099
179
2098
1109
182
182
183
661
660
185
185
186
664
663
188
188
189
667
666
191
191
192
670
669
194
194
195
673
672
197
197
198
676
675
200
200
201
679
678
203
203
204
682
681
206
206
207
685
684
209
209
688
687
212
602
1292
212
213
601
1291
215
605
1295
215
216
604
1294
218
608
1298
218
219
607
1297
221
611
1301
221
222
610
1300
224
614
1304
224
225
613
1303
227
617
1307
227
228
616
1306
230
620
1310
230
231
619
1309
233
623
1313
233
234
622
1312
236
626
1316
236
237
625
1315
239
629
1319
239
628
1318
242
570
242
243
571
631
632
245
573
245
246
574
634
635
248
576
248
249
577
637
638
251
579
251
252
580
640
641
254
582
254
255
583
643
644
257
585
257
258
586
646
647
260
588
260
261
589
649
650
263
591
263
264
592
652
653
266
594
266
267
595
655
656
269
597
269
598
658
659
272
1380
272
273
2131
1381
2132
275
1383
275
276
2134
1384
2135
278
1386
278
279
2137
1387
2138
281
1389
281
282
2140
1390
2141
284
1392
284
285
2143
1393
2144
287
1395
287
288
2146
1396
2147
290
1398
290
291
2149
1399
2150
293
1401
293
294
2152
1402
2153
296
1404
296
297
2155
1405
2156
299
1407
299
2158
1408
2159
302
330
542
302
303
541
2011
332
2012
305
333
545
305
306
544
2014
335
2015
308
336
548
308
309
547
2017
338
2018
311
339
551
311
312
550
2020
341
2021
314
342
554
314
315
553
2023
344
2024
317
345
557
317
318
556
2026
347
2027
320
348
560
320
321
559
2029
350
2030
323
351
563
323
324
562
2032
353
2033
326
354
566
326
327
565
2035
356
2036
329
357
569
329
568
2038
359
2039
332
600
332
333
601
2191
2190
335
603
335
336
604
2194
2193
338
606
338
339
607
2197
2196
341
609
341
342
610
2200
2199
344
612
344
345
613
2203
2202
347
615
347
348
616
2206
2205
350
618
350
351
619
2209
2208
353
621
353
354
622
2212
2211
356
624
356
357
625
2215
2214
359
627
359
628
2218
2217
362
420
540
362
363
542
1051
422
1050
365
423
543
365
366
545
1054
425
1053
368
426
546
368
369
548
1057
428
1056
371
429
549
371
372
551
1060
431
1059
374
432
552
374
375
554
1063
434
1062
377
435
555
377
378
557
1066
437
1065
380
438
558
380
381
560
1069
440
1068
383
441
561
383
384
563
1072
443
1071
386
444
564
386
387
566
1075
446
1074
389
447
567
389
569
1078
449
1077
392
510
392
393
1861
512
1862
395
513
395
396
1864
515
1865
398
516
398
399
1867
518
1868
401
519
401
402
1870
521
1871
404
522
404
405
1873
524
1874
407
525
407
408
1876
527
1877
410
528
410
411
1879
530
1880
413
531
413
414
1882
533
1883
416
534
416
417
1885
536
1886
419
537
419
1888
539
1889
422
1802
422
423
1231
1801
1232
425
1805
425
426
1234
1804
1235
428
1808
428
429
1237
1807
1238
431
1811
431
432
1240
1810
1241
434
1814
434
435
1243
1813
1244
437
1817
437
438
1246
1816
1247
440
1820
440
441
1249
1819
1250
443
1823
443
444
1252
1822
1253
446
1826
446
447
1255
1825
1256
449
1829
449
1258
1828
1259
452
512
1892
452
453
1081
1891
511
1082
455
515
1895
455
456
1084
1894
514
1085
458
518
1898
458
459
1087
1897
517
1088
461
521
1901
461
462
1090
1900
520
1091
464
524
1904
464
465
1093
1903
523
1094
467
527
1907
467
468
1096
1906
526
1097
470
530
1910
470
471
1099
1909
529
1100
473
533
1913
473
474
1102
1912
532
1103
476
536
1916
476
477
1105
1915
535
1106
479
539
1919
479
1108
1918
538
1109
482
2250
482
483
1411
2251
1410
485
2253
485
486
1414
2254
1413
488
2256
488
489
1417
2257
1416
491
2259
491
492
1420
2260
1419
494
2262
494
495
1423
2263
1422
497
2265
497
498
1426
2266
1425
500
2268
500
501
1429
2269
1428
503
2271
503
504
1432
2272
1431
506
2274
506
507
1435
2275
1434
509
2277
509
1438
2278
1437
512
2102
512
513
2101
515
2105
515
516
2104
518
2108
518
519
2107
521
2111
521
522
2110
524
2114
524
525
2113
527
2117
527
528
2116
530
2120
530
531
2119
533
2123
533
534
2122
536
2126
536
537
2125
539
2129
539
2128
542
1472
542
543
1471
545
1475
545
546
1474
548
1478
548
549
1477
551
1481
551
552
1480
554
1484
554
555
1483
557
1487
557
558
1486
560
1490
560
561
1489
563
1493
563
564
1492
566
1496
566
567
1495
569
1499
569
1498
572
1142
572
573
1141
575
1145
575
576
1144
578
1148
578
579
1147
581
1151
581
582
1150
584
1154
584
585
1153
587
1157
587
588
1156
590
1160
590
591
1159
593
1163
593
594
1162
596
1166
596
597
1165
599
1169
599
1168
602
1112
602
603
1111
605
1115
605
606
1114
608
1118
608
609
1117
611
1121
611
612
1120
614
1124
614
615
1123
617
1127
617
618
1126
620
1130
620
621
1129
623
1133
623
624
1132
626
1136
626
627
1135
629
1139
629
1138
632
662
870
632
633
661
871
635
665
873
635
636
664
874
638
668
876
638
639
667
877
641
671
879
641
642
670
880
644
674
882
644
645
673
883
647
677
885
647
648
676
886
650
680
888
650
651
679
889
653
683
891
653
654
682
892
656
686
894
656
657
685
895
659
689
897
659
688
898
662
662
663
665
665
666
668
668
669
671
671
672
674
674
675
677
677
678
680
680
681
683
683
684
686
686
687
689
689
692
1470
692
693
1472
1802
1800
695
1473
695
696
1475
1805
1803
698
1476
698
699
1478
1808
1806
701
1479
701
702
1481
1811
1809
704
1482
704
705
1484
1814
1812
707
1485
707
708
1487
1817
1815
710
1488
710
711
1490
1820
1818
713
1491
713
714
1493
1823
1821
716
1494
716
717
1496
1826
1824
719
1497
719
1499
1829
1827
722
1890
722
723
1862
1892
1860
725
1893
725
726
1865
1895
1863
728
1896
728
729
1868
1898
1866
731
1899
731
732
1871
1901
1869
734
1902
734
735
1874
1904
1872
737
1905
737
738
1877
1907
1875
740
1908
740
741
1880
1910
1878
743
1911
743
744
1883
1913
1881
746
1914
746
747
1886
1916
1884
749
1917
749
1889
1919
1887
752
1680
752
753
1681
755
1683
755
756
1684
758
1686
758
759
1687
761
1689
761
762
1690
764
1692
764
765
1693
767
1695
767
768
1696
770
1698
770
771
1699
773
1701
773
774
1702
776
1704
776
777
1705
779
1707
779
1708
782
1770
782
783
1772
2012
2010
785
1773
785
786
1775
2015
2013
788
1776
788
789
1778
2018
2016
791
1779
791
792
1781
2021
2019
794
1782
794
795
1784
2024
2022
797
1785
797
798
1787
2027
2025
800
1788
800
801
1790
2030
2028
803
1791
803
804
1793
2033
2031
806
1794
806
807
1796
2036
2034
809
1797
809
1799
2039
2037
812
1710
812
813
1652
1712
1650
815
1713
815
816
1655
1715
1653
818
1716
818
819
1658
1718
1656
821
1719
821
822
1661
1721
1659
824
1722
824
825
1664
1724
1662
827
1725
827
828
1667
1727
1665
830
1728
830
831
1670
1730
1668
833
1731
833
834
1673
1733
1671
836
1734
836
837
1676
1736
1674
839
1737
839
1679
1739
1677
842
1560
842
843
1202
1562
1200
845
1563
845
846
1205
1565
1203
848
1566
848
849
1208
1568
1206
851
1569
851
852
1211
1571
1209
854
1572
854
855
1214
1574
1212
857
1575
857
858
1217
1577
1215
860
1578
860
861
1220
1580
1218
863
1581
863
864
1223
1583
1221
866
1584
866
867
1226
1586
1224
869
1587
869
1229
1589
1227
872
872
873
1982
1980
875
875
876
1985
1983
878
878
879
1988
1986
881
881
882
1991
1989
884
884
885
1994
1992
887
887
888
1997
1995
890
890
891
2000
1998
893
893
894
2003
2001
896
896
897
2006
2004
899
899
2009
2007
902
2070
902
903
1622
2072
1620
905
2073
905
906
1625
2075
1623
908
2076
908
909
1628
2078
1626
911
2079
911
912
1631
2081
1629
914
2082
914
915
1634
2084
1632
917
2085
917
918
1637
2087
1635
920
2088
920
921
1640
2090
1638
923
2091
923
924
1643
2093
1641
926
2094
926
927
1646
2096
1644
929
2097
929
1649
2099
1647
932
960
1110
932
933
1111
1292
961
1290
935
963
1113
935
936
1114
1295
964
1293
938
966
1116
938
939
1117
1298
967
1296
941
969
1119
941
942
1120
1301
970
1299
944
972
1122
944
945
1123
1304
973
1302
947
975
1125
947
948
1126
1307
976
1305
950
978
1128
950
951
1129
1310
979
1308
953
981
1131
953
954
1132
1313
982
1311
956
984
1134
956
957
1135
1316
985
1314
959
987
1137
959
1138
1319
988
1317
962
990
962
963
1262
991
1260
965
993
965
966
1265
994
1263
968
996
968
969
1268
997
1266
971
999
971
972
1271
1000
1269
974
1002
974
975
1274
1003
1272
977
1005
977
978
1277
1006
1275
980
1008
980
981
1280
1009
1278
983
1011
983
984
1283
1012
1281
986
1014
986
987
1286
1015
1284
989
1017
989
1289
1018
1287
992
1022
992
993
1021
995
1025
995
996
1024
998
1028
998
999
1027
1001
1031
1001
1002
1030
1004
1034
1004
1005
1033
1007
1037
1007
1008
1036
1010
1040
1010
1011
1039
1013
1043
1013
1014
1042
1016
1046
1016
1017
1045
1019
1049
1019
1048
1022
1050
1140
1022
1023
1142
1052
1025
1053
1143
1025
1026
1145
1055
1028
1056
1146
1028
1029
1148
1058
1031
1059
1149
1031
1032
1151
1061
1034
1062
1152
1034
1035
1154
1064
1037
1065
1155
1037
1038
1157
1067
1040
1068
1158
1040
1041
1160
1070
1043
1071
1161
1043
1044
1163
1073
1046
1074
1164
1046
1047
1166
1076
1049
1077
1167
1049
1169
1079
1052
1052
1053
1112
1110
1055
1055
1056
1115
1113
1058
1058
1059
1118
1116
1061
1061
1062
1121
1119
1064
1064
1065
1124
1122
1067
1067
1068
1127
1125
1070
1070
1071
1130
1128
1073
1073
1074
1133
1131
1076
1076
1077
1136
1134
1079
1079
1139
1137
1082
1622
1082
1083
1621
1085
1625
1085
1086
1624
1088
1628
1088
1089
1627
1091
1631
1091
1092
1630
1094
1634
1094
1095
1633
1097
1637
1097
1098
1636
1100
1640
1100
1101
1639
1103
1643
1103
1104
1642
1106
1646
1106
1107
1645
1109
1649
1109
1648
1112
1112
1113
1115
1115
1116
1118
1118
1119
1121
1121
1122
1124
1124
1125
1127
1127
1128
1130
1130
1131
1133
1133
1134
1136
1136
1137
1139
1139
1142
1352
1142
1143
1351
1145
1355
1145
1146
1354
1148
1358
1148
1149
1357
1151
1361
1151
1152
1360
1154
1364
1154
1155
1363
1157
1367
1157
1158
1366
1160
1370
1160
1161
1369
1163
1373
1163
1164
1372
1166
1376
1166
1167
1375
1169
1379
1169
1378
1172
1200
1172
1173
1201
2132
2130
1175
1203
1175
1176
1204
2135
2133
1178
1206
1178
1179
1207
2138
2136
1181
1209
1181
1182
1210
2141
2139
1184
1212
1184
1185
1213
2144
2142
1187
1215
1187
1188
1216
2147
2145
1190
1218
1190
1191
1219
2150
2148
1193
1221
1193
1194
1222
2153
2151
1196
1224
1196
1197
1225
2156
2154
1199
1227
1199
1228
2159
2157
1202
1202
1203
1381
1382
1205
1205
1206
1384
1385
1208
1208
1209
1387
1388
1211
1211
1212
1390
1391
1214
1214
1215
1393
1394
1217
1217
1218
1396
1397
1220
1220
1221
1399
1400
1223
1223
1224
1402
1403
1226
1226
1227
1405
1406
1229
1229
1408
1409
1232
1350
2222
1232
1233
2221
1352
1235
1353
2225
1235
1236
2224
1355
1238
1356
2228
1238
1239
2227
1358
1241
1359
2231
1241
1242
2230
1361
1244
1362
2234
1244
1245
2233
1364
1247
1365
2237
1247
1248
2236
1367
1250
1368
2240
1250
1251
2239
1370
1253
1371
2243
1253
1254
2242
1373
1256
1374
2246
1256
1257
2245
1376
1259
1377
2249
1259
2248
1379
1262
1410
1262
1263
1321
1412
1320
1265
1413
1265
1266
1324
1415
1323
1268
1416
1268
1269
1327
1418
1326
1271
1419
1271
1272
1330
1421
1329
1274
1422
1274
1275
1333
1424
1332
1277
1425
1277
1278
1336
1427
1335
1280
1428
1280
1281
1339
1430
1338
1283
1431
1283
1284
1342
1433
1341
1286
1434
1286
1287
1345
1436
1344
1289
1437
1289
1348
1439
1347
1292
2100
1292
1293
2102
1295
2103
1295
1296
2105
1298
2106
1298
1299
2108
1301
2109
1301
1302
2111
1304
2112
1304
1305
2114
1307
2115
1307
1308
2117
1310
2118
1310
1311
2120
1313
2121
1313
1314
2123
1316
2124
1316
1317
2126
1319
2127
1319
2129
1322
2100
1322
1323
2101
1325
2103
1325
1326
2104
1328
2106
1328
1329
2107
1331
2109
1331
1332
2110
1334
2112
1334
1335
2113
1337
2115
1337
1338
2116
1340
2118
1340
1341
2119
1343
2121
1343
1344
2122
1346
2124
1346
1347
2125
1349
2127
1349
2128
1352
1682
1352
1353
1681
1355
1685
1355
1356
1684
1358
1688
1358
1359
1687
1361
1691
1361
1362
1690
1364
1694
1364
1365
1693
1367
1697
1367
1368
1696
1370
1700
1370
1371
1699
1373
1703
1373
1374
1702
1376
1706
1376
1377
1705
1379
1709
1379
1708
1382
1440
1382
1383
1442
1385
1443
1385
1386
1445
1388
1446
1388
1389
1448
1391
1449
1391
1392
1451
1394
1452
1394
1395
1454
1397
1455
1397
1398
1457
1400
1458
1400
1401
1460
1403
1461
1403
1404
1463
1406
1464
1406
1407
1466
1409
1467
1409
1469
1412
1412
1413
1441
1440
1415
1415
1416
1444
1443
1418
1418
1419
1447
1446
1421
1421
1422
1450
1449
1424
1424
1425
1453
1452
1427
1427
1428
1456
1455
1430
1430
1431
1459
1458
1433
1433
1434
1462
1461
1436
1436
1437
1465
1464
1439
1439
1468
1467
1442
1442
1443
2281
2280
1445
1445
1446
2284
2283
1448
1448
1449
2287
2286
1451
1451
1452
2290
2289
1454
1454
1455
2293
2292
1457
1457
1458
2296
2295
1460
1460
1461
2299
2298
1463
1463
1464
2302
2301
1466
1466
1467
2305
2304
1469
1469
2308
2307
1472
1532
1472
1473
1531
1475
1535
1475
1476
1534
1478
1538
1478
1479
1537
1481
1541
1481
1482
1540
1484
1544
1484
1485
1543
1487
1547
1487
1488
1546
1490
1550
1490
1491
1549
1493
1553
1493
1494
1552
1496
1556
1496
1497
1555
1499
1559
1499
1558
1502
1860
1502
1503
1711
1861
1710
1505
1863
1505
1506
1714
1864
1713
1508
1866
1508
1509
1717
1867
1716
1511
1869
1511
1512
1720
1870
1719
1514
1872
1514
1515
1723
1873
1722
1517
1875
1517
1518
1726
1876
1725
1520
1878
1520
1521
1729
1879
1728
1523
1881
1523
1524
1732
1882
1731
1526
1884
1526
1527
1735
1885
1734
1529
1887
1529
1738
1888
1737
1532
2010
1532
1533
2011
1535
2013
1535
1536
2014
1538
2016
1538
1539
2017
1541
2019
1541
1542
2020
1544
2022
1544
1545
2023
1547
2025
1547
1548
2026
1550
2028
1550
1551
2029
1553
2031
1553
1554
2032
1556
2034
1556
1557
2035
1559
2037
1559
2038
1562
1742
1562
1563
1741
2282
2280
1565
1745
1565
1566
1744
2285
2283
1568
1748
1568
1569
1747
2288
2286
1571
1751
1571
1572
1750
2291
2289
1574
1754
1574
1575
1753
2294
2292
1577
1757
1577
1578
1756
2297
2295
1580
1760
1580
1581
1759
2300
2298
1583
1763
1583
1584
1762
2303
2301
1586
1766
1586
1587
1765
2306
2304
1589
1769
1589
1768
2309
2307
1592
1620
1592
1593
1621
1891
1890
1595
1623
1595
1596
1624
1894
1893
1598
1626
1598
1599
1627
1897
1896
1601
1629
1601
1602
1630
1900
1899
1604
1632
1604
1605
1633
1903
1902
1607
1635
1607
1608
1636
1906
1905
1610
1638
1610
1611
1639
1909
1908
1613
1641
1613
1614
1642
1912
1911
1616
1644
1616
1617
1645
1915
1914
1619
1647
1619
1648
1918
1917
1622
1622
1623
1625
1625
1626
1628
1628
1629
1631
1631
1632
1634
1634
1635
1637
1637
1638
1640
1640
1641
1643
1643
1644
1646
1646
1647
1649
1649
1652
1920
1652
1653
1921
2162
2160
1655
1923
1655
1656
1924
2165
2163
1658
1926
1658
1659
1927
2168
2166
1661
1929
1661
1662
1930
2171
2169
1664
1932
1664
1665
1933
2174
2172
1667
1935
1667
1668
1936
2177
2175
1670
1938
1670
1671
1939
2180
2178
1673
1941
1673
1674
1942
2183
2181
1676
1944
1676
1677
1945
2186
2184
1679
1947
1679
1948
2189
2187
1682
1832
1682
1683
1831
1685
1835
1685
1686
1834
1688
1838
1688
1689
1837
1691
1841
1691
1692
1840
1694
1844
1694
1695
1843
1697
1847
1697
1698
1846
1700
1850
1700
1701
1849
1703
1853
1703
1704
1852
1706
1856
1706
1707
1855
1709
1859
1709
1858
1712
1712
1713
1715
1715
1716
1718
1718
1719
1721
1721
1722
1724
1724
1725
1727
1727
1728
1730
1730
1731
1733
1733
1734
1736
1736
1737
1739
1739
1742
1980
1742
1743
1981
1745
1983
1745
1746
1984
1748
1986
1748
1749
1987
1751
1989
1751
1752
1990
1754
1992
1754
1755
1993
1757
1995
1757
1758
1996
1760
1998
1760
1761
1999
1763
2001
1763
1764
2002
1766
2004
1766
1767
2005
1769
2007
1769
2008
1772
1922
1772
1773
1921
2192
2190
1775
1925
1775
1776
1924
2195
2193
1778
1928
1778
1779
1927
2198
2196
1781
1931
1781
1782
1930
2201
2199
1784
1934
1784
1785
1933
2204
2202
1787
1937
1787
1788
1936
2207
2205
1790
1940
1790
1791
1939
2210
2208
1793
1943
1793
1794
1942
2213
2211
1796
1946
1796
1797
1945
2216
2214
1799
1949
1799
1948
2219
2217
1802
1950
1802
1803
1951
1805
1953
1805
1806
1954
1808
1956
1808
1809
1957
1811
1959
1811
1812
1960
1814
1962
1814
1815
1963
1817
1965
1817
1818
1966
1820
1968
1820
1821
1969
1823
1971
1823
1824
1972
1826
1974
1826
1827
1975
1829
1977
1829
1978
1832
2220
1832
1833
2222
1835
2223
1835
1836
2225
1838
2226
1838
1839
2228
1841
2229
1841
1842
2231
1844
2232
1844
1845
2234
1847
2235
1847
1848
2237
1850
2238
1850
1851
2240
1853
2241
1853
1854
2243
1856
2244
1856
1857
2246
1859
2247
1859
2249
1862
1862
1863
1865
1865
1866
1868
1868
1869
1871
1871
1872
1874
1874
1875
1877
1877
1878
1880
1880
1881
1883
1883
1884
1886
1886
1887
1889
1889
1892
1892
1893
1895
1895
1896
1898
1898
1899
1901
1901
1902
1904
1904
1905
1907
1907
1908
1910
1910
1911
1913
1913
1914
1916
1916
1917
1919
1919
1922
1922
1923
1925
1925
1926
1928
1928
1929
1931
1931
1932
1934
1934
1935
1937
1937
1938
1940
1940
1941
1943
1943
1944
1946
1946
1947
1949
1949
1952
1952
1953
2221
2220
1955
1955
1956
2224
2223
1958
1958
1959
2227
2226
1961
1961
1962
2230
2229
1964
1964
1965
2233
2232
1967
1967
1968
2236
2235
1970
1970
1971
2239
2238
1973
1973
1974
2242
2241
1976
1976
1977
2245
2244
1979
1979
2248
2247
1982
1982
1983
2252
2250
1985
1985
1986
2255
2253
1988
1988
1989
2258
2256
1991
1991
1992
2261
2259
1994
1994
1995
2264
2262
1997
1997
1998
2267
2265
2000
2000
2001
2270
2268
2003
2003
2004
2273
2271
2006
2006
2007
2276
2274
2009
2009
2279
2277
2012
2012
2013
2015
2015
2016
2018
2018
2019
2021
2021
2022
2024
2024
2025
2027
2027
2028
2030
2030
2031
2033
2033
2034
2036
2036
2037
2039
2039
2042
2130
2042
2043
2071
2131
2070
2045
2133
2045
2046
2074
2134
2073
2048
2136
2048
2049
2077
2137
2076
2051
2139
2051
2052
2080
2140
2079
2054
2142
2054
2055
2083
2143
2082
2057
2145
2057
2058
2086
2146
2085
2060
2148
2060
2061
2089
2149
2088
2063
2151
2063
2064
2092
2152
2091
2066
2154
2066
2067
2095
2155
2094
2069
2157
2069
2098
2158
2097
2072
2072
2073
2075
2075
2076
2078
2078
2079
2081
2081
2082
2084
2084
2085
2087
2087
2088
2090
2090
2091
2093
2093
2094
2096
2096
2097
2099
2099
2102
2102
2103
2105
2105
2106
2108
2108
2109
2111
2111
2112
2114
2114
2115
2117
2117
2118
2120
2120
2121
2123
2123
2124
2126
2126
2127
2129
2129
2132
2132
2133
2135
2135
2136
2138
2138
2139
2141
2141
2142
2144
2144
2145
2147
2147
2148
2150
2150
2151
2153
2153
2154
2156
2156
2157
2159
2159
2162
2162
2163
2191
2192
2165
2165
2166
2194
2195
2168
2168
2169
2197
2198
2171
2171
2172
2200
2201
2174
2174
2175
2203
2204
2177
2177
2178
2206
2207
2180
2180
2181
2209
2210
2183
2183
2184
2212
2213
2186
2186
2187
2215
2216
2189
2189
2218
2219
2192
2192
2193
2195
2195
2196
2198
2198
2199
2201
2201
2202
2204
2204
2205
2207
2207
2208
2210
2210
2211
2213
2213
2214
2216
2216
2217
2219
2219
2222
2222
2223
2225
2225
2226
2228
2228
2229
2231
2231
2232
2234
2234
2235
2237
2237
2238
2240
2240
2241
2243
2243
2244
2246
2246
2247
2249
2249
2252
2252
2253
2281
2282
2255
2255
2256
2284
2285
2258
2258
2259
2287
2288
2261
2261
2262
2290
2291
2264
2264
2265
2293
2294
2267
2267
2268
2296
2297
2270
2270
2271
2299
2300
2273
2273
2274
2302
2303
2276
2276
2277
2305
2306
2279
2279
2308
2309
2282
2282
2283
2285
2285
2286
2288
2288
2289
2291
2291
2292
2294
2294
2295
2297
2297
2298
2300
2300
2301
2303
2303
2304
2306
2306
2307
2309
2309
)


// ************************************************************************* //
