/*--------------------------------*- C++ -*----------------------------------*\
| =========                 |                                                 |
| \\      /  F ield         | OpenFOAM: The Open Source CFD Toolbox           |
|  \\    /   O peration     | Version:  2412                                  |
|   \\  /    A nd           | Website:  www.openfoam.com                      |
|    \\/     M anipulation  |                                                 |
\*---------------------------------------------------------------------------*/
FoamFile
{
    version     2.0;
    format      ascii;
    arch        "LSB;label=32;scalar=64";
    class       vectorField;
    location    "constant/steel_cylinder/polyMesh";
    object      points;
}
// * * * * * * * * * * * * * * * * * * * * * * * * * * * * * * * * * * * * * //


539
(
(0 0.18 0.145)
(0.1 0.18 0.145)
(5.2503404e-18 0.19623497 0.14770914)
(4.3806098e-18 0.21071064 0.15554297)
(3.0361722e-18 0.22185832 0.16765259)
(1.3627182e-18 0.22847001 0.18272573)
(-4.5840745e-19 0.22982922 0.19912897)
(-2.2298575e-18 0.22578867 0.21508477)
(-3.759668e-18 0.2167862 0.22886408)
(-4.88206e-18 0.20379737 0.23897369)
(-5.4754051e-18 0.18822973 0.24431807)
(-5.4754051e-18 0.17177027 0.24431807)
(-4.88206e-18 0.15620263 0.23897369)
(-3.759668e-18 0.1432138 0.22886408)
(-2.2298575e-18 0.13421133 0.21508477)
(-4.5840745e-19 0.13017078 0.19912897)
(1.3627182e-18 0.13152999 0.18272573)
(3.0361722e-18 0.13814168 0.16765259)
(4.3806098e-18 0.14928936 0.15554297)
(5.2503404e-18 0.16376503 0.14770914)
(0.01 0.18 0.145)
(0.02 0.18 0.145)
(0.03 0.18 0.145)
(0.04 0.18 0.145)
(0.05 0.18 0.145)
(0.06 0.18 0.145)
(0.07 0.18 0.145)
(0.08 0.18 0.145)
(0.09 0.18 0.145)
(0.1 0.19623497 0.14770914)
(0.1 0.21071064 0.15554297)
(0.1 0.22185832 0.16765259)
(0.1 0.22847001 0.18272573)
(0.1 0.22982922 0.19912897)
(0.1 0.22578867 0.21508477)
(0.1 0.2167862 0.22886408)
(0.1 0.20379737 0.23897369)
(0.1 0.18822973 0.24431807)
(0.1 0.17177027 0.24431807)
(0.1 0.15620263 0.23897369)
(0.1 0.1432138 0.22886408)
(0.1 0.13421133 0.21508477)
(0.1 0.13017078 0.19912897)
(0.1 0.13152999 0.18272573)
(0.1 0.13814168 0.16765259)
(0.1 0.14928936 0.15554297)
(0.1 0.16376503 0.14770914)
(3.4236672e-18 0.1633115 0.16416235)
(-3.7878333e-18 0.1916888 0.22911777)
(1.4637726e-18 0.21214647 0.18181551)
(-9.5564036e-19 0.14600919 0.20360764)
(3.8397654e-18 0.1857713 0.16041447)
(-3.3887626e-18 0.15542763 0.22552326)
(-1.9340055e-18 0.20725739 0.21241997)
(1.5637436e-18 0.14788955 0.18091505)
(2.9569982e-18 0.20893253 0.16836573)
(2.1355585e-18 0.19622732 0.1757646)
(5.9307067e-20 0.20125329 0.19446581)
(5.2687374e-19 0.18558147 0.19025434)
(-1.2163778e-18 0.19107507 0.20595616)
(-7.5710023e-19 0.17534621 0.20181935)
(6.9520695e-19 0.17251652 0.18873813)
(2.4149682e-18 0.17683941 0.1732479)
(-2.5905344e-18 0.18032081 0.21833346)
(1.5360531e-19 0.1583554 0.19361645)
(-6.0546523e-19 0.21503475 0.20045355)
(-4.2869028e-18 0.17953527 0.23361299)
(-2.0045333e-18 0.16117203 0.21305523)
(3.7126544e-18 0.19957535 0.16155938)
(-2.4449131e-18 0.14774149 0.21702182)
(2.9569982e-18 0.15106747 0.16836573)
(1.8680316e-18 0.16166331 0.17817427)
(3.3320386e-19 0.14279098 0.19199877)
(-3.3851347e-18 0.2034173 0.22549058)
(4.0959713e-18 0.17393745 0.15810677)
(-2.5136446e-18 0.19540395 0.2176409)
(-3.7713664e-18 0.16740477 0.22896945)
(0.01 0.19623497 0.14770914)
(0.02 0.19623497 0.14770914)
(0.03 0.19623497 0.14770914)
(0.04 0.19623497 0.14770914)
(0.05 0.19623497 0.14770914)
(0.06 0.19623497 0.14770914)
(0.07 0.19623497 0.14770914)
(0.08 0.19623497 0.14770914)
(0.09 0.19623497 0.14770914)
(0.01 0.21071064 0.15554297)
(0.02 0.21071064 0.15554297)
(0.03 0.21071064 0.15554297)
(0.04 0.21071064 0.15554297)
(0.05 0.21071064 0.15554297)
(0.06 0.21071064 0.15554297)
(0.07 0.21071064 0.15554297)
(0.08 0.21071064 0.15554297)
(0.09 0.21071064 0.15554297)
(0.01 0.22185832 0.16765259)
(0.02 0.22185832 0.16765259)
(0.03 0.22185832 0.16765259)
(0.04 0.22185832 0.16765259)
(0.05 0.22185832 0.16765259)
(0.06 0.22185832 0.16765259)
(0.07 0.22185832 0.16765259)
(0.08 0.22185832 0.16765259)
(0.09 0.22185832 0.16765259)
(0.01 0.22847001 0.18272573)
(0.02 0.22847001 0.18272573)
(0.03 0.22847001 0.18272573)
(0.04 0.22847001 0.18272573)
(0.05 0.22847001 0.18272573)
(0.06 0.22847001 0.18272573)
(0.07 0.22847001 0.18272573)
(0.08 0.22847001 0.18272573)
(0.09 0.22847001 0.18272573)
(0.01 0.22982922 0.19912897)
(0.02 0.22982922 0.19912897)
(0.03 0.22982922 0.19912897)
(0.04 0.22982922 0.19912897)
(0.05 0.22982922 0.19912897)
(0.06 0.22982922 0.19912897)
(0.07 0.22982922 0.19912897)
(0.08 0.22982922 0.19912897)
(0.09 0.22982922 0.19912897)
(0.01 0.22578867 0.21508477)
(0.02 0.22578867 0.21508477)
(0.03 0.22578867 0.21508477)
(0.04 0.22578867 0.21508477)
(0.05 0.22578867 0.21508477)
(0.06 0.22578867 0.21508477)
(0.07 0.22578867 0.21508477)
(0.08 0.22578867 0.21508477)
(0.09 0.22578867 0.21508477)
(0.01 0.2167862 0.22886408)
(0.02 0.2167862 0.22886408)
(0.03 0.2167862 0.22886408)
(0.04 0.2167862 0.22886408)
(0.05 0.2167862 0.22886408)
(0.06 0.2167862 0.22886408)
(0.07 0.2167862 0.22886408)
(0.08 0.2167862 0.22886408)
(0.09 0.2167862 0.22886408)
(0.01 0.20379737 0.23897369)
(0.02 0.20379737 0.23897369)
(0.03 0.20379737 0.23897369)
(0.04 0.20379737 0.23897369)
(0.05 0.20379737 0.23897369)
(0.06 0.20379737 0.23897369)
(0.07 0.20379737 0.23897369)
(0.08 0.20379737 0.23897369)
(0.09 0.20379737 0.23897369)
(0.01 0.18822973 0.24431807)
(0.02 0.18822973 0.24431807)
(0.03 0.18822973 0.24431807)
(0.04 0.18822973 0.24431807)
(0.05 0.18822973 0.24431807)
(0.06 0.18822973 0.24431807)
(0.07 0.18822973 0.24431807)
(0.08 0.18822973 0.24431807)
(0.09 0.18822973 0.24431807)
(0.01 0.17177027 0.24431807)
(0.02 0.17177027 0.24431807)
(0.03 0.17177027 0.24431807)
(0.04 0.17177027 0.24431807)
(0.05 0.17177027 0.24431807)
(0.06 0.17177027 0.24431807)
(0.07 0.17177027 0.24431807)
(0.08 0.17177027 0.24431807)
(0.09 0.17177027 0.24431807)
(0.01 0.15620263 0.23897369)
(0.02 0.15620263 0.23897369)
(0.03 0.15620263 0.23897369)
(0.04 0.15620263 0.23897369)
(0.05 0.15620263 0.23897369)
(0.06 0.15620263 0.23897369)
(0.07 0.15620263 0.23897369)
(0.08 0.15620263 0.23897369)
(0.09 0.15620263 0.23897369)
(0.01 0.1432138 0.22886408)
(0.02 0.1432138 0.22886408)
(0.03 0.1432138 0.22886408)
(0.04 0.1432138 0.22886408)
(0.05 0.1432138 0.22886408)
(0.06 0.1432138 0.22886408)
(0.07 0.1432138 0.22886408)
(0.08 0.1432138 0.22886408)
(0.09 0.1432138 0.22886408)
(0.01 0.13421133 0.21508477)
(0.02 0.13421133 0.21508477)
(0.03 0.13421133 0.21508477)
(0.04 0.13421133 0.21508477)
(0.05 0.13421133 0.21508477)
(0.06 0.13421133 0.21508477)
(0.07 0.13421133 0.21508477)
(0.08 0.13421133 0.21508477)
(0.09 0.13421133 0.21508477)
(0.01 0.13017078 0.19912897)
(0.02 0.13017078 0.19912897)
(0.03 0.13017078 0.19912897)
(0.04 0.13017078 0.19912897)
(0.05 0.13017078 0.19912897)
(0.06 0.13017078 0.19912897)
(0.07 0.13017078 0.19912897)
(0.08 0.13017078 0.19912897)
(0.09 0.13017078 0.19912897)
(0.01 0.13152999 0.18272573)
(0.02 0.13152999 0.18272573)
(0.03 0.13152999 0.18272573)
(0.04 0.13152999 0.18272573)
(0.05 0.13152999 0.18272573)
(0.06 0.13152999 0.18272573)
(0.07 0.13152999 0.18272573)
(0.08 0.13152999 0.18272573)
(0.09 0.13152999 0.18272573)
(0.01 0.13814168 0.16765259)
(0.02 0.13814168 0.16765259)
(0.03 0.13814168 0.16765259)
(0.04 0.13814168 0.16765259)
(0.05 0.13814168 0.16765259)
(0.06 0.13814168 0.16765259)
(0.07 0.13814168 0.16765259)
(0.08 0.13814168 0.16765259)
(0.09 0.13814168 0.16765259)
(0.01 0.14928936 0.15554297)
(0.02 0.14928936 0.15554297)
(0.03 0.14928936 0.15554297)
(0.04 0.14928936 0.15554297)
(0.05 0.14928936 0.15554297)
(0.06 0.14928936 0.15554297)
(0.07 0.14928936 0.15554297)
(0.08 0.14928936 0.15554297)
(0.09 0.14928936 0.15554297)
(0.01 0.16376503 0.14770914)
(0.02 0.16376503 0.14770914)
(0.03 0.16376503 0.14770914)
(0.04 0.16376503 0.14770914)
(0.05 0.16376503 0.14770914)
(0.06 0.16376503 0.14770914)
(0.07 0.16376503 0.14770914)
(0.08 0.16376503 0.14770914)
(0.09 0.16376503 0.14770914)
(0.1 0.1633115 0.16416235)
(0.1 0.1916888 0.22911777)
(0.1 0.21214647 0.18181551)
(0.1 0.14600919 0.20360764)
(0.1 0.1857713 0.16041447)
(0.1 0.15542763 0.22552326)
(0.1 0.20725739 0.21241997)
(0.1 0.14788955 0.18091505)
(0.1 0.20893253 0.16836573)
(0.1 0.19622732 0.1757646)
(0.1 0.20125329 0.19446581)
(0.1 0.18558147 0.19025434)
(0.1 0.19107507 0.20595616)
(0.1 0.17534621 0.20181935)
(0.1 0.17251652 0.18873813)
(0.1 0.17683941 0.1732479)
(0.1 0.18032081 0.21833346)
(0.1 0.1583554 0.19361645)
(0.1 0.21503475 0.20045355)
(0.1 0.17953527 0.23361299)
(0.1 0.16117203 0.21305523)
(0.1 0.19957535 0.16155938)
(0.1 0.14774149 0.21702182)
(0.1 0.15106747 0.16836573)
(0.1 0.16166331 0.17817427)
(0.1 0.14279098 0.19199877)
(0.1 0.2034173 0.22549058)
(0.1 0.17393745 0.15810677)
(0.1 0.19540395 0.2176409)
(0.1 0.16740477 0.22896945)
(0.01 0.1633115 0.16416235)
(0.02 0.1633115 0.16416235)
(0.03 0.1633115 0.16416235)
(0.04 0.1633115 0.16416235)
(0.05 0.1633115 0.16416235)
(0.06 0.1633115 0.16416235)
(0.07 0.1633115 0.16416235)
(0.08 0.1633115 0.16416235)
(0.09 0.1633115 0.16416235)
(0.01 0.1916888 0.22911777)
(0.02 0.1916888 0.22911777)
(0.03 0.1916888 0.22911777)
(0.04 0.1916888 0.22911777)
(0.05 0.1916888 0.22911777)
(0.06 0.1916888 0.22911777)
(0.07 0.1916888 0.22911777)
(0.08 0.1916888 0.22911777)
(0.09 0.1916888 0.22911777)
(0.01 0.21214647 0.18181551)
(0.02 0.21214647 0.18181551)
(0.03 0.21214647 0.18181551)
(0.04 0.21214647 0.18181551)
(0.05 0.21214647 0.18181551)
(0.06 0.21214647 0.18181551)
(0.07 0.21214647 0.18181551)
(0.08 0.21214647 0.18181551)
(0.09 0.21214647 0.18181551)
(0.01 0.14600919 0.20360764)
(0.02 0.14600919 0.20360764)
(0.03 0.14600919 0.20360764)
(0.04 0.14600919 0.20360764)
(0.05 0.14600919 0.20360764)
(0.06 0.14600919 0.20360764)
(0.07 0.14600919 0.20360764)
(0.08 0.14600919 0.20360764)
(0.09 0.14600919 0.20360764)
(0.01 0.1857713 0.16041447)
(0.02 0.1857713 0.16041447)
(0.03 0.1857713 0.16041447)
(0.04 0.1857713 0.16041447)
(0.05 0.1857713 0.16041447)
(0.06 0.1857713 0.16041447)
(0.07 0.1857713 0.16041447)
(0.08 0.1857713 0.16041447)
(0.09 0.1857713 0.16041447)
(0.01 0.15542763 0.22552326)
(0.02 0.15542763 0.22552326)
(0.03 0.15542763 0.22552326)
(0.04 0.15542763 0.22552326)
(0.05 0.15542763 0.22552326)
(0.06 0.15542763 0.22552326)
(0.07 0.15542763 0.22552326)
(0.08 0.15542763 0.22552326)
(0.09 0.15542763 0.22552326)
(0.01 0.20725739 0.21241997)
(0.02 0.20725739 0.21241997)
(0.03 0.20725739 0.21241997)
(0.04 0.20725739 0.21241997)
(0.05 0.20725739 0.21241997)
(0.06 0.20725739 0.21241997)
(0.07 0.20725739 0.21241997)
(0.08 0.20725739 0.21241997)
(0.09 0.20725739 0.21241997)
(0.01 0.14788955 0.18091505)
(0.02 0.14788955 0.18091505)
(0.03 0.14788955 0.18091505)
(0.04 0.14788955 0.18091505)
(0.05 0.14788955 0.18091505)
(0.06 0.14788955 0.18091505)
(0.07 0.14788955 0.18091505)
(0.08 0.14788955 0.18091505)
(0.09 0.14788955 0.18091505)
(0.01 0.20893253 0.16836573)
(0.02 0.20893253 0.16836573)
(0.03 0.20893253 0.16836573)
(0.04 0.20893253 0.16836573)
(0.05 0.20893253 0.16836573)
(0.06 0.20893253 0.16836573)
(0.07 0.20893253 0.16836573)
(0.08 0.20893253 0.16836573)
(0.09 0.20893253 0.16836573)
(0.01 0.19622732 0.1757646)
(0.02 0.19622732 0.1757646)
(0.03 0.19622732 0.1757646)
(0.04 0.19622732 0.1757646)
(0.05 0.19622732 0.1757646)
(0.06 0.19622732 0.1757646)
(0.07 0.19622732 0.1757646)
(0.08 0.19622732 0.1757646)
(0.09 0.19622732 0.1757646)
(0.01 0.20125329 0.19446581)
(0.02 0.20125329 0.19446581)
(0.03 0.20125329 0.19446581)
(0.04 0.20125329 0.19446581)
(0.05 0.20125329 0.19446581)
(0.06 0.20125329 0.19446581)
(0.07 0.20125329 0.19446581)
(0.08 0.20125329 0.19446581)
(0.09 0.20125329 0.19446581)
(0.01 0.18558147 0.19025434)
(0.02 0.18558147 0.19025434)
(0.03 0.18558147 0.19025434)
(0.04 0.18558147 0.19025434)
(0.05 0.18558147 0.19025434)
(0.06 0.18558147 0.19025434)
(0.07 0.18558147 0.19025434)
(0.08 0.18558147 0.19025434)
(0.09 0.18558147 0.19025434)
(0.01 0.19107507 0.20595616)
(0.02 0.19107507 0.20595616)
(0.03 0.19107507 0.20595616)
(0.04 0.19107507 0.20595616)
(0.05 0.19107507 0.20595616)
(0.06 0.19107507 0.20595616)
(0.07 0.19107507 0.20595616)
(0.08 0.19107507 0.20595616)
(0.09 0.19107507 0.20595616)
(0.01 0.17534621 0.20181935)
(0.02 0.17534621 0.20181935)
(0.03 0.17534621 0.20181935)
(0.04 0.17534621 0.20181935)
(0.05 0.17534621 0.20181935)
(0.06 0.17534621 0.20181935)
(0.07 0.17534621 0.20181935)
(0.08 0.17534621 0.20181935)
(0.09 0.17534621 0.20181935)
(0.01 0.17251652 0.18873813)
(0.02 0.17251652 0.18873813)
(0.03 0.17251652 0.18873813)
(0.04 0.17251652 0.18873813)
(0.05 0.17251652 0.18873813)
(0.06 0.17251652 0.18873813)
(0.07 0.17251652 0.18873813)
(0.08 0.17251652 0.18873813)
(0.09 0.17251652 0.18873813)
(0.01 0.17683941 0.1732479)
(0.02 0.17683941 0.1732479)
(0.03 0.17683941 0.1732479)
(0.04 0.17683941 0.1732479)
(0.05 0.17683941 0.1732479)
(0.06 0.17683941 0.1732479)
(0.07 0.17683941 0.1732479)
(0.08 0.17683941 0.1732479)
(0.09 0.17683941 0.1732479)
(0.01 0.18032081 0.21833346)
(0.02 0.18032081 0.21833346)
(0.03 0.18032081 0.21833346)
(0.04 0.18032081 0.21833346)
(0.05 0.18032081 0.21833346)
(0.06 0.18032081 0.21833346)
(0.07 0.18032081 0.21833346)
(0.08 0.18032081 0.21833346)
(0.09 0.18032081 0.21833346)
(0.01 0.1583554 0.19361645)
(0.02 0.1583554 0.19361645)
(0.03 0.1583554 0.19361645)
(0.04 0.1583554 0.19361645)
(0.05 0.1583554 0.19361645)
(0.06 0.1583554 0.19361645)
(0.07 0.1583554 0.19361645)
(0.08 0.1583554 0.19361645)
(0.09 0.1583554 0.19361645)
(0.01 0.21503475 0.20045355)
(0.02 0.21503475 0.20045355)
(0.03 0.21503475 0.20045355)
(0.04 0.21503475 0.20045355)
(0.05 0.21503475 0.20045355)
(0.06 0.21503475 0.20045355)
(0.07 0.21503475 0.20045355)
(0.08 0.21503475 0.20045355)
(0.09 0.21503475 0.20045355)
(0.01 0.17953527 0.23361299)
(0.02 0.17953527 0.23361299)
(0.03 0.17953527 0.23361299)
(0.04 0.17953527 0.23361299)
(0.05 0.17953527 0.23361299)
(0.06 0.17953527 0.23361299)
(0.07 0.17953527 0.23361299)
(0.08 0.17953527 0.23361299)
(0.09 0.17953527 0.23361299)
(0.01 0.16117203 0.21305523)
(0.02 0.16117203 0.21305523)
(0.03 0.16117203 0.21305523)
(0.04 0.16117203 0.21305523)
(0.05 0.16117203 0.21305523)
(0.06 0.16117203 0.21305523)
(0.07 0.16117203 0.21305523)
(0.08 0.16117203 0.21305523)
(0.09 0.16117203 0.21305523)
(0.01 0.19957535 0.16155938)
(0.02 0.19957535 0.16155938)
(0.03 0.19957535 0.16155938)
(0.04 0.19957535 0.16155938)
(0.05 0.19957535 0.16155938)
(0.06 0.19957535 0.16155938)
(0.07 0.19957535 0.16155938)
(0.08 0.19957535 0.16155938)
(0.09 0.19957535 0.16155938)
(0.01 0.14774149 0.21702182)
(0.02 0.14774149 0.21702182)
(0.03 0.14774149 0.21702182)
(0.04 0.14774149 0.21702182)
(0.05 0.14774149 0.21702182)
(0.06 0.14774149 0.21702182)
(0.07 0.14774149 0.21702182)
(0.08 0.14774149 0.21702182)
(0.09 0.14774149 0.21702182)
(0.01 0.15106747 0.16836573)
(0.02 0.15106747 0.16836573)
(0.03 0.15106747 0.16836573)
(0.04 0.15106747 0.16836573)
(0.05 0.15106747 0.16836573)
(0.06 0.15106747 0.16836573)
(0.07 0.15106747 0.16836573)
(0.08 0.15106747 0.16836573)
(0.09 0.15106747 0.16836573)
(0.01 0.16166331 0.17817427)
(0.02 0.16166331 0.17817427)
(0.03 0.16166331 0.17817427)
(0.04 0.16166331 0.17817427)
(0.05 0.16166331 0.17817427)
(0.06 0.16166331 0.17817427)
(0.07 0.16166331 0.17817427)
(0.08 0.16166331 0.17817427)
(0.09 0.16166331 0.17817427)
(0.01 0.14279098 0.19199877)
(0.02 0.14279098 0.19199877)
(0.03 0.14279098 0.19199877)
(0.04 0.14279098 0.19199877)
(0.05 0.14279098 0.19199877)
(0.06 0.14279098 0.19199877)
(0.07 0.14279098 0.19199877)
(0.08 0.14279098 0.19199877)
(0.09 0.14279098 0.19199877)
(0.01 0.2034173 0.22549058)
(0.02 0.2034173 0.22549058)
(0.03 0.2034173 0.22549058)
(0.04 0.2034173 0.22549058)
(0.05 0.2034173 0.22549058)
(0.06 0.2034173 0.22549058)
(0.07 0.2034173 0.22549058)
(0.08 0.2034173 0.22549058)
(0.09 0.2034173 0.22549058)
(0.01 0.17393745 0.15810677)
(0.02 0.17393745 0.15810677)
(0.03 0.17393745 0.15810677)
(0.04 0.17393745 0.15810677)
(0.05 0.17393745 0.15810677)
(0.06 0.17393745 0.15810677)
(0.07 0.17393745 0.15810677)
(0.08 0.17393745 0.15810677)
(0.09 0.17393745 0.15810677)
(0.01 0.19540395 0.2176409)
(0.02 0.19540395 0.2176409)
(0.03 0.19540395 0.2176409)
(0.04 0.19540395 0.2176409)
(0.05 0.19540395 0.2176409)
(0.06 0.19540395 0.2176409)
(0.07 0.19540395 0.2176409)
(0.08 0.19540395 0.2176409)
(0.09 0.19540395 0.2176409)
(0.01 0.16740477 0.22896945)
(0.02 0.16740477 0.22896945)
(0.03 0.16740477 0.22896945)
(0.04 0.16740477 0.22896945)
(0.05 0.16740477 0.22896945)
(0.06 0.16740477 0.22896945)
(0.07 0.16740477 0.22896945)
(0.08 0.16740477 0.22896945)
(0.09 0.16740477 0.22896945)
)


// ************************************************************************* //
