/*--------------------------------*- C++ -*----------------------------------*\
| =========                 |                                                 |
| \\      /  F ield         | OpenFOAM: The Open Source CFD Toolbox           |
|  \\    /   O peration     | Version:  2412                                  |
|   \\  /    A nd           | Website:  www.openfoam.com                      |
|    \\/     M anipulation  |                                                 |
\*---------------------------------------------------------------------------*/
FoamFile
{
    version     2.0;
    format      ascii;
    arch        "LSB;label=32;scalar=64";
    class       labelList;
    location    "constant/heater_6/polyMesh";
    object      faceRegionAddressing;
}
// * * * * * * * * * * * * * * * * * * * * * * * * * * * * * * * * * * * * * //


1005
(
2011
2012
2015
2016
2017
2018
2019
2021
2022
2024
2025
2026
2027
2028
2030
2031
2033
2034
2035
2036
2037
2039
2040
2042
2043
2044
2045
2046
2048
2049
2051
2052
2053
2054
2055
2057
2058
2060
2061
2062
2063
2064
2066
2067
2069
2070
2071
2072
2073
2075
2076
2078
2079
2080
2081
2082
2084
2085
2087
2088
2089
2090
2091
2093
2094
2096
2097
2098
2100
2102
2103
2106
2107
2108
2109
2110
2112
2113
2115
2116
2117
2118
2119
2121
2122
2124
2125
2126
2127
2128
2130
2131
2133
2134
2135
2136
2137
2139
2140
2142
2143
2144
2145
2146
2148
2149
2151
2152
2153
2154
2155
2157
2158
2160
2161
2162
2163
2164
2166
2167
2169
2170
2171
2172
2173
2175
2176
2178
2179
2180
2181
2182
2184
2185
2187
2188
2189
2191
2193
2194
2196
2197
2198
2199
2200
2201
2202
2203
2204
2205
2206
2207
2208
2209
2210
2211
2212
2213
2214
2215
2216
2217
2218
2219
2220
2221
2222
2223
2224
2225
2226
2227
2228
2229
2230
2231
2232
2233
2234
2235
2236
2237
2238
2239
2240
2241
2242
2243
2244
2245
2246
2247
2248
2249
2250
2251
2252
2253
2254
2255
2256
2257
2258
2259
2260
2261
2263
2264
2265
2267
2268
2269
2270
2271
2272
2273
2274
2275
2276
2277
2278
2279
2280
2281
2282
2283
2284
2285
2286
2287
2288
2289
2290
2291
2292
2293
2294
2295
2296
2297
2298
2299
2300
2301
2302
2303
2304
2305
2306
2307
2308
2309
2310
2311
2312
2313
2314
2315
2316
2317
2318
2319
2320
2321
2322
2323
2324
2325
2326
2327
2328
2329
2330
2331
2332
2334
2335
2336
2337
2339
2340
2341
2342
2343
2344
2345
2346
2347
2348
2349
2350
2351
2352
2353
2354
2355
2356
2357
2358
2359
2360
2361
2362
2363
2364
2365
2366
2367
2368
2369
2370
2371
2372
2373
2374
2375
2376
2377
2378
2379
2380
2381
2382
2383
2384
2385
2386
2387
2388
2389
2390
2391
2392
2393
2394
2395
2396
2397
2398
2399
2400
2401
2402
2403
2404
2405
2406
2407
2408
2409
2410
2411
2412
2413
2414
2415
2416
2417
2418
2419
2420
2421
2422
2424
2425
2426
2427
2428
2430
2431
2432
2433
2434
2435
2436
2437
2438
2439
2440
2441
2442
2443
2444
2445
2446
2447
2448
2449
2450
2451
2452
2453
2454
2455
2456
2457
2458
2459
2460
2461
2462
2463
2464
2465
2466
2467
2468
2469
2470
2471
2472
2473
2474
2475
2476
2477
2478
2479
2480
2481
2482
2483
2484
2485
2486
2487
2488
2489
2490
2491
2492
2493
2494
2495
2496
2497
2498
2499
2500
2501
2502
2503
2504
2505
2506
2507
2508
2509
2510
2511
2512
2513
2515
2516
2517
2518
2521
2522
2523
2525
2526
2528
2529
2530
2532
2533
2535
2536
2537
2539
2540
2542
2543
2544
2546
2547
2549
2550
2551
2553
2554
2556
2557
2558
2560
2561
2563
2564
2565
2567
2568
2570
2571
2572
2574
2575
2577
2578
2579
2581
2582
2584
2585
2588
2591
2592
2593
2594
2596
2598
2599
2600
2601
2603
2605
2606
2607
2608
2610
2612
2613
2614
2615
2617
2619
2620
2621
2622
2624
2626
2627
2628
2629
2631
2633
2634
2635
2636
2638
2640
2641
2642
2643
2645
2647
2648
2649
2650
2652
2654
2655
2657
2659
2662
2663
2665
2667
2668
2670
2672
2673
2675
2677
2678
2680
2682
2683
2685
2687
2688
2690
2692
2693
2695
2697
2698
2700
2702
2703
2705
2707
2710
2713
2714
2716
2718
2719
2721
2723
2724
2726
2728
2729
2731
2733
2734
2736
2738
2739
2741
2743
2744
2746
2748
2749
2751
2753
2754
2756
2758
2761
2762
2765
2766
2767
2769
2770
2772
2773
2774
2776
2777
2779
2780
2781
2783
2784
2786
2787
2788
2790
2791
2793
2794
2795
2797
2798
2800
2801
2802
2804
2805
2807
2808
2809
2811
2812
2814
2815
2816
2818
2819
2821
2822
2823
2825
2826
2828
2829
2832
2835
2836
2838
2840
2841
2843
2845
2846
2848
2850
2851
2853
2855
2856
2858
2860
2861
2863
2865
2866
2868
2870
2871
2873
2875
2876
2878
2880
2883
2884
2886
2887
2888
2889
2890
2891
2892
2893
2894
2895
2896
2897
2898
2899
2900
2901
2902
2903
2904
2905
2906
2907
2908
2909
2910
2911
2912
2913
2914
2915
2916
2917
2918
2919
2920
2921
2922
2923
2924
2925
2926
2927
2928
2929
2930
2931
2933
2934
2936
2937
2938
2939
2940
2941
2942
2943
2944
2945
2946
2947
2948
2949
2950
2951
2952
2953
2954
2955
2956
2957
2958
2959
2960
2961
2962
2963
2965
2968
2969
2971
2973
2974
2976
2978
2979
2981
2983
2984
2986
2988
2989
2991
2993
2994
2996
2998
2999
3001
3003
3004
3006
3008
3009
3011
3013
2013
2020
2023
2029
2032
2038
2041
2047
2050
2056
2059
2065
2068
2074
2077
2083
2086
2092
2095
2101
2104
2111
2114
2120
2123
2129
2132
2138
2141
2147
2150
2156
2159
2165
2168
2174
2177
2183
2186
2192
2519
2524
2527
2531
2534
2538
2541
2545
2548
2552
2555
2559
2562
2566
2569
2573
2576
2580
2583
2587
2589
2595
2597
2602
2604
2609
2611
2616
2618
2623
2625
2630
2632
2637
2639
2644
2646
2651
2653
2658
2660
2664
2666
2669
2671
2674
2676
2679
2681
2684
2686
2689
2691
2694
2696
2699
2701
2704
2706
2709
2711
2715
2717
2720
2722
2725
2727
2730
2732
2735
2737
2740
2742
2745
2747
2750
2752
2755
2757
2759
2763
2768
2771
2775
2778
2782
2785
2789
2792
2796
2799
2803
2806
2810
2813
2817
2820
2824
2827
2831
2833
2837
2839
2842
2844
2847
2849
2852
2854
2857
2859
2862
2864
2867
2869
2872
2874
2877
2879
2882
2966
2970
2972
2975
2977
2980
2982
2985
2987
2990
2992
2995
2997
3000
3002
3005
3007
3010
3012
3015
2014
2099
2105
2190
2195
2262
2266
2333
2338
2423
2429
2514
2520
2586
2590
2656
2661
2708
2712
2760
2764
2830
2834
2881
2885
2932
2935
2964
2967
3014
)


// ************************************************************************* //
