/*--------------------------------*- C++ -*----------------------------------*\
| =========                 |                                                 |
| \\      /  F ield         | OpenFOAM: The Open Source CFD Toolbox           |
|  \\    /   O peration     | Version:  2412                                  |
|   \\  /    A nd           | Website:  www.openfoam.com                      |
|    \\/     M anipulation  |                                                 |
\*---------------------------------------------------------------------------*/
FoamFile
{
    version     2.0;
    format      ascii;
    arch        "LSB;label=32;scalar=64";
    class       faceList;
    location    "constant/heater_6/polyMesh";
    object      faces;
}
// * * * * * * * * * * * * * * * * * * * * * * * * * * * * * * * * * * * * * //


1005
(
3(4 28 40)
3(28 3 40)
3(49 40 28)
3(116 40 49)
3(116 49 28)
3(116 28 40)
3(28 49 4)
3(49 116 41)
3(116 40 41)
3(50 41 116)
3(117 41 50)
3(117 50 116)
3(117 116 41)
3(116 50 49)
3(50 117 42)
3(117 41 42)
3(51 42 117)
3(118 42 51)
3(118 51 117)
3(118 117 42)
3(117 51 50)
3(51 118 43)
3(118 42 43)
3(52 43 118)
3(119 43 52)
3(119 52 118)
3(119 118 43)
3(118 52 51)
3(52 119 44)
3(119 43 44)
3(53 44 119)
3(120 44 53)
3(120 53 119)
3(120 119 44)
3(119 53 52)
3(53 120 45)
3(120 44 45)
3(54 45 120)
3(121 45 54)
3(121 54 120)
3(121 120 45)
3(120 54 53)
3(54 121 46)
3(121 45 46)
3(55 46 121)
3(122 46 55)
3(122 55 121)
3(122 121 46)
3(121 55 54)
3(55 122 47)
3(122 46 47)
3(56 47 122)
3(123 47 56)
3(123 56 122)
3(123 122 47)
3(122 56 55)
3(56 123 48)
3(123 47 48)
3(57 48 123)
3(124 48 57)
3(124 57 123)
3(124 123 48)
3(123 57 56)
3(57 124 20)
3(124 48 20)
3(21 20 124)
3(104 21 124)
3(104 124 20)
3(124 21 57)
3(7 27 67)
3(27 6 67)
3(76 67 27)
3(107 67 76)
3(107 27 67)
3(107 76 27)
3(27 76 7)
3(76 107 68)
3(107 67 68)
3(77 68 107)
3(108 68 77)
3(108 107 68)
3(108 77 107)
3(107 77 76)
3(77 108 69)
3(108 68 69)
3(78 69 108)
3(109 69 78)
3(109 108 69)
3(109 78 108)
3(108 78 77)
3(78 109 70)
3(109 69 70)
3(79 70 109)
3(110 70 79)
3(110 109 70)
3(110 79 109)
3(109 79 78)
3(79 110 71)
3(110 70 71)
3(80 71 110)
3(111 71 80)
3(111 110 71)
3(111 80 110)
3(110 80 79)
3(80 111 72)
3(111 71 72)
3(81 72 111)
3(112 72 81)
3(112 111 72)
3(112 81 111)
3(111 81 80)
3(81 112 73)
3(112 72 73)
3(82 73 112)
3(113 73 82)
3(113 112 73)
3(113 82 112)
3(112 82 81)
3(82 113 74)
3(113 73 74)
3(83 74 113)
3(114 74 83)
3(114 113 74)
3(114 83 113)
3(113 83 82)
3(83 114 75)
3(114 74 75)
3(84 75 114)
3(115 75 84)
3(115 114 75)
3(115 84 114)
3(114 84 83)
3(84 115 23)
3(115 75 23)
3(24 23 115)
3(103 115 23)
3(103 24 115)
3(115 24 84)
3(30 28 49)
3(4 30 49)
3(49 116 30)
3(134 116 49)
3(134 49 30)
3(134 30 116)
3(30 28 116)
3(134 116 50)
3(49 134 50)
3(50 117 134)
3(135 117 50)
3(135 50 134)
3(135 134 117)
3(134 116 117)
3(135 117 51)
3(50 135 51)
3(51 118 135)
3(136 118 51)
3(136 51 135)
3(136 135 118)
3(135 117 118)
3(136 118 52)
3(51 136 52)
3(52 119 136)
3(137 119 52)
3(137 52 136)
3(137 136 119)
3(136 118 119)
3(137 119 53)
3(52 137 53)
3(53 120 137)
3(138 120 53)
3(138 53 137)
3(138 137 120)
3(137 119 120)
3(138 120 54)
3(53 138 54)
3(54 121 138)
3(139 121 54)
3(139 54 138)
3(139 138 121)
3(138 120 121)
3(139 121 55)
3(54 139 55)
3(55 122 139)
3(140 122 55)
3(140 55 139)
3(140 139 122)
3(139 121 122)
3(140 122 56)
3(55 140 56)
3(56 123 140)
3(141 123 56)
3(141 56 140)
3(141 140 123)
3(140 122 123)
3(141 123 57)
3(56 141 57)
3(57 124 141)
3(142 124 57)
3(142 57 141)
3(142 141 124)
3(141 123 124)
3(142 124 21)
3(57 142 21)
3(21 104 142)
3(106 21 142)
3(106 142 104)
3(142 124 104)
3(27 30 67)
3(30 6 67)
3(107 67 30)
3(134 67 107)
3(134 30 67)
3(134 107 30)
3(30 107 27)
3(107 134 68)
3(134 67 68)
3(108 68 134)
3(135 68 108)
3(135 134 68)
3(135 108 134)
3(134 108 107)
3(108 135 69)
3(135 68 69)
3(109 69 135)
3(136 69 109)
3(136 135 69)
3(136 109 135)
3(135 109 108)
3(109 136 70)
3(136 69 70)
3(110 70 136)
3(137 70 110)
3(137 136 70)
3(137 110 136)
3(136 110 109)
3(110 137 71)
3(137 70 71)
3(111 71 137)
3(138 71 111)
3(138 137 71)
3(138 111 137)
3(137 111 110)
3(111 138 72)
3(138 71 72)
3(112 72 138)
3(139 72 112)
3(139 138 72)
3(139 112 138)
3(138 112 111)
3(112 139 73)
3(139 72 73)
3(113 73 139)
3(140 73 113)
3(140 139 73)
3(140 113 139)
3(139 113 112)
3(113 140 74)
3(140 73 74)
3(114 74 140)
3(141 74 114)
3(141 140 74)
3(141 114 140)
3(140 114 113)
3(114 141 75)
3(141 74 75)
3(115 75 141)
3(142 75 115)
3(142 141 75)
3(142 115 141)
3(141 115 114)
3(115 142 23)
3(142 75 23)
3(103 23 142)
3(106 142 23)
3(106 103 142)
3(142 103 115)
3(28 29 31)
3(29 2 31)
3(28 31 2)
3(116 31 29)
3(125 31 116)
3(125 29 31)
3(125 116 29)
3(116 31 28)
3(29 116 28)
3(116 125 32)
3(125 31 32)
3(116 32 31)
3(117 32 125)
3(126 32 117)
3(126 125 32)
3(126 117 125)
3(117 32 116)
3(125 117 116)
3(117 126 33)
3(126 32 33)
3(117 33 32)
3(118 33 126)
3(127 33 118)
3(127 126 33)
3(127 118 126)
3(118 33 117)
3(126 118 117)
3(118 127 34)
3(127 33 34)
3(118 34 33)
3(119 34 127)
3(128 34 119)
3(128 127 34)
3(128 119 127)
3(119 34 118)
3(127 119 118)
3(119 128 35)
3(128 34 35)
3(119 35 34)
3(120 35 128)
3(129 35 120)
3(129 128 35)
3(129 120 128)
3(120 35 119)
3(128 120 119)
3(120 129 36)
3(129 35 36)
3(120 36 35)
3(121 36 129)
3(130 36 121)
3(130 129 36)
3(130 121 129)
3(121 36 120)
3(129 121 120)
3(121 130 37)
3(130 36 37)
3(121 37 36)
3(122 37 130)
3(131 37 122)
3(131 130 37)
3(131 122 130)
3(122 37 121)
3(130 122 121)
3(122 131 38)
3(131 37 38)
3(122 38 37)
3(123 38 131)
3(132 38 123)
3(132 131 38)
3(132 123 131)
3(123 38 122)
3(131 123 122)
3(123 132 39)
3(132 38 39)
3(123 39 38)
3(124 39 132)
3(133 39 124)
3(133 132 39)
3(133 124 132)
3(124 39 123)
3(132 124 123)
3(124 133 19)
3(133 39 19)
3(124 19 39)
3(104 19 133)
3(105 133 19)
3(105 104 133)
3(104 19 124)
3(133 104 124)
3(8 29 107)
3(8 107 27)
3(29 27 107)
3(85 107 29)
3(125 107 85)
3(125 85 29)
3(125 29 107)
3(29 85 8)
3(85 107 8)
3(85 125 108)
3(85 108 107)
3(125 107 108)
3(86 108 125)
3(126 108 86)
3(126 86 125)
3(126 125 108)
3(125 86 85)
3(86 108 85)
3(86 126 109)
3(86 109 108)
3(126 108 109)
3(87 109 126)
3(127 109 87)
3(127 87 126)
3(127 126 109)
3(126 87 86)
3(87 109 86)
3(87 127 110)
3(87 110 109)
3(127 109 110)
3(88 110 127)
3(128 110 88)
3(128 88 127)
3(128 127 110)
3(127 88 87)
3(88 110 87)
3(88 128 111)
3(88 111 110)
3(128 110 111)
3(89 111 128)
3(129 111 89)
3(129 89 128)
3(129 128 111)
3(128 89 88)
3(89 111 88)
3(89 129 112)
3(89 112 111)
3(129 111 112)
3(90 112 129)
3(130 112 90)
3(130 90 129)
3(130 129 112)
3(129 90 89)
3(90 112 89)
3(90 130 113)
3(90 113 112)
3(130 112 113)
3(91 113 130)
3(131 113 91)
3(131 91 130)
3(131 130 113)
3(130 91 90)
3(91 113 90)
3(91 131 114)
3(91 114 113)
3(131 113 114)
3(92 114 131)
3(132 114 92)
3(132 92 131)
3(132 131 114)
3(131 92 91)
3(92 114 91)
3(92 132 115)
3(92 115 114)
3(132 114 115)
3(93 115 132)
3(133 115 93)
3(133 93 132)
3(133 132 115)
3(132 93 92)
3(93 115 92)
3(93 133 103)
3(93 103 115)
3(133 115 103)
3(25 103 133)
3(105 25 133)
3(105 133 103)
3(133 25 93)
3(25 103 93)
3(2 29 10)
3(29 0 10)
3(31 10 29)
3(125 10 31)
3(125 29 10)
3(31 125 11)
3(125 10 11)
3(32 11 125)
3(126 11 32)
3(126 125 11)
3(32 126 12)
3(126 11 12)
3(33 12 126)
3(127 12 33)
3(127 126 12)
3(33 127 13)
3(127 12 13)
3(34 13 127)
3(128 13 34)
3(128 127 13)
3(34 128 14)
3(128 13 14)
3(35 14 128)
3(129 14 35)
3(129 128 14)
3(35 129 15)
3(129 14 15)
3(36 15 129)
3(130 15 36)
3(130 129 15)
3(36 130 16)
3(130 15 16)
3(37 16 130)
3(131 16 37)
3(131 130 16)
3(37 131 17)
3(131 16 17)
3(38 17 131)
3(132 17 38)
3(132 131 17)
3(38 132 18)
3(132 17 18)
3(39 18 132)
3(133 18 39)
3(133 132 18)
3(39 133 1)
3(133 18 1)
3(19 1 133)
3(105 133 1)
3(9 29 85)
3(94 85 29)
3(125 85 94)
3(125 94 29)
3(29 94 9)
3(94 125 86)
3(95 86 125)
3(126 86 95)
3(126 95 125)
3(125 95 94)
3(95 126 87)
3(96 87 126)
3(127 87 96)
3(127 96 126)
3(126 96 95)
3(96 127 88)
3(97 88 127)
3(128 88 97)
3(128 97 127)
3(127 97 96)
3(97 128 89)
3(98 89 128)
3(129 89 98)
3(129 98 128)
3(128 98 97)
3(98 129 90)
3(99 90 129)
3(130 90 99)
3(130 99 129)
3(129 99 98)
3(99 130 91)
3(100 91 130)
3(131 91 100)
3(131 100 130)
3(130 100 99)
3(100 131 92)
3(101 92 131)
3(132 92 101)
3(132 101 131)
3(131 101 100)
3(101 132 93)
3(102 93 132)
3(133 93 102)
3(133 102 132)
3(132 102 101)
3(102 133 25)
3(26 25 133)
3(105 26 133)
3(133 26 102)
3(3 28 31)
3(40 31 28)
3(116 31 40)
3(40 116 32)
3(41 32 116)
3(117 32 41)
3(41 117 33)
3(42 33 117)
3(118 33 42)
3(42 118 34)
3(43 34 118)
3(119 34 43)
3(43 119 35)
3(44 35 119)
3(120 35 44)
3(44 120 36)
3(45 36 120)
3(121 36 45)
3(45 121 37)
3(46 37 121)
3(122 37 46)
3(46 122 38)
3(47 38 122)
3(123 38 47)
3(47 123 39)
3(48 39 123)
3(124 39 48)
3(48 124 19)
3(20 19 124)
3(8 27 76)
3(107 8 76)
3(107 76 85)
3(85 107 77)
3(108 85 77)
3(108 77 86)
3(86 108 78)
3(109 86 78)
3(109 78 87)
3(87 109 79)
3(110 87 79)
3(110 79 88)
3(88 110 80)
3(111 88 80)
3(111 80 89)
3(89 111 81)
3(112 89 81)
3(112 81 90)
3(90 112 82)
3(113 90 82)
3(113 82 91)
3(91 113 83)
3(114 91 83)
3(114 83 92)
3(92 114 84)
3(115 92 84)
3(115 84 93)
3(93 115 24)
3(103 93 24)
3(6 30 58)
3(30 5 58)
3(67 58 30)
3(134 58 67)
3(134 30 58)
3(67 134 59)
3(134 58 59)
3(68 59 134)
3(135 59 68)
3(135 134 59)
3(68 135 60)
3(135 59 60)
3(69 60 135)
3(136 60 69)
3(136 135 60)
3(69 136 61)
3(136 60 61)
3(70 61 136)
3(137 61 70)
3(137 136 61)
3(70 137 62)
3(137 61 62)
3(71 62 137)
3(138 62 71)
3(138 137 62)
3(71 138 63)
3(138 62 63)
3(72 63 138)
3(139 63 72)
3(139 138 63)
3(72 139 64)
3(139 63 64)
3(73 64 139)
3(140 64 73)
3(140 139 64)
3(73 140 65)
3(140 64 65)
3(74 65 140)
3(141 65 74)
3(141 140 65)
3(74 141 66)
3(141 65 66)
3(75 66 141)
3(142 66 75)
3(142 141 66)
3(75 142 22)
3(142 66 22)
3(23 22 142)
3(106 142 22)
3(5 30 49)
3(58 49 30)
3(134 49 58)
3(58 134 50)
3(59 50 134)
3(135 50 59)
3(59 135 51)
3(60 51 135)
3(136 51 60)
3(60 136 52)
3(61 52 136)
3(137 52 61)
3(61 137 53)
3(62 53 137)
3(138 53 62)
3(62 138 54)
3(63 54 138)
3(139 54 63)
3(63 139 55)
3(64 55 139)
3(140 55 64)
3(64 140 56)
3(65 56 140)
3(141 56 65)
3(65 141 57)
3(66 57 141)
3(142 57 66)
3(66 142 21)
3(22 21 142)
3(28 30 107)
3(28 107 27)
3(116 107 30)
3(134 107 116)
3(116 107 28)
3(116 134 108)
3(116 108 107)
3(117 108 134)
3(135 108 117)
3(117 108 116)
3(117 135 109)
3(117 109 108)
3(118 109 135)
3(136 109 118)
3(118 109 117)
3(118 136 110)
3(118 110 109)
3(119 110 136)
3(137 110 119)
3(119 110 118)
3(119 137 111)
3(119 111 110)
3(120 111 137)
3(138 111 120)
3(120 111 119)
3(120 138 112)
3(120 112 111)
3(121 112 138)
3(139 112 121)
3(121 112 120)
3(121 139 113)
3(121 113 112)
3(122 113 139)
3(140 113 122)
3(122 113 121)
3(122 140 114)
3(122 114 113)
3(123 114 140)
3(141 114 123)
3(123 114 122)
3(123 141 115)
3(123 115 114)
3(124 115 141)
3(142 115 124)
3(124 115 123)
3(124 142 103)
3(124 103 115)
3(104 103 142)
3(104 103 124)
3(29 28 107)
3(107 116 29)
3(125 116 107)
3(125 116 108)
3(108 117 125)
3(126 117 108)
3(126 117 109)
3(109 118 126)
3(127 118 109)
3(127 118 110)
3(110 119 127)
3(128 119 110)
3(128 119 111)
3(111 120 128)
3(129 120 111)
3(129 120 112)
3(112 121 129)
3(130 121 112)
3(130 121 113)
3(113 122 130)
3(131 122 113)
3(131 122 114)
3(114 123 131)
3(132 123 114)
3(132 123 115)
3(115 124 132)
3(133 124 115)
3(133 124 103)
3(103 104 133)
3(0 29 94)
3(10 94 29)
3(125 94 10)
3(10 125 95)
3(11 95 125)
3(126 95 11)
3(11 126 96)
3(12 96 126)
3(127 96 12)
3(12 127 97)
3(13 97 127)
3(128 97 13)
3(13 128 98)
3(14 98 128)
3(129 98 14)
3(14 129 99)
3(15 99 129)
3(130 99 15)
3(15 130 100)
3(16 100 130)
3(131 100 16)
3(16 131 101)
3(17 101 131)
3(132 101 17)
3(17 132 102)
3(18 102 132)
3(133 102 18)
3(18 133 26)
3(1 26 133)
3(4 40 3)
3(49 40 4)
3(49 41 40)
3(50 41 49)
3(50 42 41)
3(51 42 50)
3(51 43 42)
3(52 43 51)
3(52 44 43)
3(53 44 52)
3(53 45 44)
3(54 45 53)
3(54 46 45)
3(55 46 54)
3(55 47 46)
3(56 47 55)
3(56 48 47)
3(57 48 56)
3(57 20 48)
3(21 20 57)
3(7 67 6)
3(76 67 7)
3(76 68 67)
3(77 68 76)
3(77 69 68)
3(78 69 77)
3(78 70 69)
3(79 70 78)
3(79 71 70)
3(80 71 79)
3(80 72 71)
3(81 72 80)
3(81 73 72)
3(82 73 81)
3(82 74 73)
3(83 74 82)
3(83 75 74)
3(84 75 83)
3(84 23 75)
3(24 23 84)
3(2 10 0)
3(31 10 2)
3(31 11 10)
3(32 11 31)
3(32 12 11)
3(33 12 32)
3(33 13 12)
3(34 13 33)
3(34 14 13)
3(35 14 34)
3(35 15 14)
3(36 15 35)
3(36 16 15)
3(37 16 36)
3(37 17 16)
3(38 17 37)
3(38 18 17)
3(39 18 38)
3(39 1 18)
3(19 1 39)
3(9 85 8)
3(94 85 9)
3(94 86 85)
3(95 86 94)
3(95 87 86)
3(96 87 95)
3(96 88 87)
3(97 88 96)
3(97 89 88)
3(98 89 97)
3(98 90 89)
3(99 90 98)
3(99 91 90)
3(100 91 99)
3(100 92 91)
3(101 92 100)
3(101 93 92)
3(102 93 101)
3(102 25 93)
3(26 25 102)
3(3 31 2)
3(40 31 3)
3(40 32 31)
3(41 32 40)
3(41 33 32)
3(42 33 41)
3(42 34 33)
3(43 34 42)
3(43 35 34)
3(44 35 43)
3(44 36 35)
3(45 36 44)
3(45 37 36)
3(46 37 45)
3(46 38 37)
3(47 38 46)
3(47 39 38)
3(48 39 47)
3(48 19 39)
3(20 19 48)
3(8 76 7)
3(85 76 8)
3(85 77 76)
3(86 77 85)
3(86 78 77)
3(87 78 86)
3(87 79 78)
3(88 79 87)
3(88 80 79)
3(89 80 88)
3(89 81 80)
3(90 81 89)
3(90 82 81)
3(91 82 90)
3(91 83 82)
3(92 83 91)
3(92 84 83)
3(93 84 92)
3(93 24 84)
3(25 24 93)
3(6 58 5)
3(67 58 6)
3(67 59 58)
3(68 59 67)
3(68 60 59)
3(69 60 68)
3(69 61 60)
3(70 61 69)
3(70 62 61)
3(71 62 70)
3(71 63 62)
3(72 63 71)
3(72 64 63)
3(73 64 72)
3(73 65 64)
3(74 65 73)
3(74 66 65)
3(75 66 74)
3(75 22 66)
3(23 22 75)
3(5 49 4)
3(58 49 5)
3(58 50 49)
3(59 50 58)
3(59 51 50)
3(60 51 59)
3(60 52 51)
3(61 52 60)
3(61 53 52)
3(62 53 61)
3(62 54 53)
3(63 54 62)
3(63 55 54)
3(64 55 63)
3(64 56 55)
3(65 56 64)
3(65 57 56)
3(66 57 65)
3(66 21 57)
3(22 21 66)
3(0 94 9)
3(10 94 0)
3(10 95 94)
3(11 95 10)
3(11 96 95)
3(12 96 11)
3(12 97 96)
3(13 97 12)
3(13 98 97)
3(14 98 13)
3(14 99 98)
3(15 99 14)
3(15 100 99)
3(16 100 15)
3(16 101 100)
3(17 101 16)
3(17 102 101)
3(18 102 17)
3(18 26 102)
3(1 26 18)
3(4 3 28)
3(104 20 21)
3(7 6 27)
3(103 23 24)
3(4 28 30)
3(106 104 21)
3(27 6 30)
3(106 23 103)
3(28 2 29)
3(105 19 104)
3(8 27 29)
3(105 103 25)
3(2 0 29)
3(105 1 19)
3(9 8 29)
3(105 25 26)
3(3 2 28)
3(104 19 20)
3(8 7 27)
3(103 24 25)
3(6 5 30)
3(106 22 23)
3(5 4 30)
3(106 21 22)
3(28 27 30)
3(106 103 104)
3(27 28 29)
3(105 104 103)
3(0 9 29)
3(105 26 1)
)


// ************************************************************************* //
