/*--------------------------------*- C++ -*----------------------------------*\
| =========                 |                                                 |
| \\      /  F ield         | OpenFOAM: The Open Source CFD Toolbox           |
|  \\    /   O peration     | Version:  2412                                  |
|   \\  /    A nd           | Website:  www.openfoam.com                      |
|    \\/     M anipulation  |                                                 |
\*---------------------------------------------------------------------------*/
FoamFile
{
    version     2.0;
    format      ascii;
    arch        "LSB;label=32;scalar=64";
    class       vectorField;
    location    "constant/heater_6/polyMesh";
    object      points;
}
// * * * * * * * * * * * * * * * * * * * * * * * * * * * * * * * * * * * * * //


143
(
(0.097 0.0275 0)
(0.097 0.0275 0.39)
(0.092905778 0.038748783 0)
(0.082538843 0.044734136 0)
(0.07075 0.042655445 0)
(0.063055379 0.033485353 0)
(0.063055379 0.021514647 0)
(0.07075 0.012344555 0)
(0.082538843 0.010265864 0)
(0.092905778 0.016251217 0)
(0.097 0.0275 0.039)
(0.097 0.0275 0.078)
(0.097 0.0275 0.117)
(0.097 0.0275 0.156)
(0.097 0.0275 0.195)
(0.097 0.0275 0.234)
(0.097 0.0275 0.273)
(0.097 0.0275 0.312)
(0.097 0.0275 0.351)
(0.092905778 0.038748783 0.39)
(0.082538843 0.044734136 0.39)
(0.07075 0.042655445 0.39)
(0.063055379 0.033485353 0.39)
(0.063055379 0.021514647 0.39)
(0.07075 0.012344555 0.39)
(0.082538843 0.010265864 0.39)
(0.092905778 0.016251217 0.39)
(0.07795083 0.021613997 0)
(0.082075294 0.033009037 0)
(0.087562754 0.024564816 0)
(0.071749748 0.030320363 0)
(0.092905778 0.038748783 0.039)
(0.092905778 0.038748783 0.078)
(0.092905778 0.038748783 0.117)
(0.092905778 0.038748783 0.156)
(0.092905778 0.038748783 0.195)
(0.092905778 0.038748783 0.234)
(0.092905778 0.038748783 0.273)
(0.092905778 0.038748783 0.312)
(0.092905778 0.038748783 0.351)
(0.082538843 0.044734136 0.039)
(0.082538843 0.044734136 0.078)
(0.082538843 0.044734136 0.117)
(0.082538843 0.044734136 0.156)
(0.082538843 0.044734136 0.195)
(0.082538843 0.044734136 0.234)
(0.082538843 0.044734136 0.273)
(0.082538843 0.044734136 0.312)
(0.082538843 0.044734136 0.351)
(0.07075 0.042655445 0.039)
(0.07075 0.042655445 0.078)
(0.07075 0.042655445 0.117)
(0.07075 0.042655445 0.156)
(0.07075 0.042655445 0.195)
(0.07075 0.042655445 0.234)
(0.07075 0.042655445 0.273)
(0.07075 0.042655445 0.312)
(0.07075 0.042655445 0.351)
(0.063055379 0.033485353 0.039)
(0.063055379 0.033485353 0.078)
(0.063055379 0.033485353 0.117)
(0.063055379 0.033485353 0.156)
(0.063055379 0.033485353 0.195)
(0.063055379 0.033485353 0.234)
(0.063055379 0.033485353 0.273)
(0.063055379 0.033485353 0.312)
(0.063055379 0.033485353 0.351)
(0.063055379 0.021514647 0.039)
(0.063055379 0.021514647 0.078)
(0.063055379 0.021514647 0.117)
(0.063055379 0.021514647 0.156)
(0.063055379 0.021514647 0.195)
(0.063055379 0.021514647 0.234)
(0.063055379 0.021514647 0.273)
(0.063055379 0.021514647 0.312)
(0.063055379 0.021514647 0.351)
(0.07075 0.012344555 0.039)
(0.07075 0.012344555 0.078)
(0.07075 0.012344555 0.117)
(0.07075 0.012344555 0.156)
(0.07075 0.012344555 0.195)
(0.07075 0.012344555 0.234)
(0.07075 0.012344555 0.273)
(0.07075 0.012344555 0.312)
(0.07075 0.012344555 0.351)
(0.082538843 0.010265864 0.039)
(0.082538843 0.010265864 0.078)
(0.082538843 0.010265864 0.117)
(0.082538843 0.010265864 0.156)
(0.082538843 0.010265864 0.195)
(0.082538843 0.010265864 0.234)
(0.082538843 0.010265864 0.273)
(0.082538843 0.010265864 0.312)
(0.082538843 0.010265864 0.351)
(0.092905778 0.016251217 0.039)
(0.092905778 0.016251217 0.078)
(0.092905778 0.016251217 0.117)
(0.092905778 0.016251217 0.156)
(0.092905778 0.016251217 0.195)
(0.092905778 0.016251217 0.234)
(0.092905778 0.016251217 0.273)
(0.092905778 0.016251217 0.312)
(0.092905778 0.016251217 0.351)
(0.07795083 0.021613997 0.39)
(0.082075294 0.033009037 0.39)
(0.087562754 0.024564816 0.39)
(0.071749748 0.030320363 0.39)
(0.07795083 0.021613997 0.039)
(0.07795083 0.021613997 0.078)
(0.07795083 0.021613997 0.117)
(0.07795083 0.021613997 0.156)
(0.07795083 0.021613997 0.195)
(0.07795083 0.021613997 0.234)
(0.07795083 0.021613997 0.273)
(0.07795083 0.021613997 0.312)
(0.07795083 0.021613997 0.351)
(0.082075294 0.033009037 0.039)
(0.082075294 0.033009037 0.078)
(0.082075294 0.033009037 0.117)
(0.082075294 0.033009037 0.156)
(0.082075294 0.033009037 0.195)
(0.082075294 0.033009037 0.234)
(0.082075294 0.033009037 0.273)
(0.082075294 0.033009037 0.312)
(0.082075294 0.033009037 0.351)
(0.087562754 0.024564816 0.039)
(0.087562754 0.024564816 0.078)
(0.087562754 0.024564816 0.117)
(0.087562754 0.024564816 0.156)
(0.087562754 0.024564816 0.195)
(0.087562754 0.024564816 0.234)
(0.087562754 0.024564816 0.273)
(0.087562754 0.024564816 0.312)
(0.087562754 0.024564816 0.351)
(0.071749748 0.030320363 0.039)
(0.071749748 0.030320363 0.078)
(0.071749748 0.030320363 0.117)
(0.071749748 0.030320363 0.156)
(0.071749748 0.030320363 0.195)
(0.071749748 0.030320363 0.234)
(0.071749748 0.030320363 0.273)
(0.071749748 0.030320363 0.312)
(0.071749748 0.030320363 0.351)
)


// ************************************************************************* //
