/*--------------------------------*- C++ -*----------------------------------*\
| =========                 |                                                 |
| \\      /  F ield         | OpenFOAM: The Open Source CFD Toolbox           |
|  \\    /   O peration     | Version:  2412                                  |
|   \\  /    A nd           | Website:  www.openfoam.com                      |
|    \\/     M anipulation  |                                                 |
\*---------------------------------------------------------------------------*/
FoamFile
{
    version     2.0;
    format      ascii;
    arch        "LSB;label=32;scalar=64";
    class       labelList;
    location    "constant/heater_8/polyMesh";
    object      faceRegionAddressing;
}
// * * * * * * * * * * * * * * * * * * * * * * * * * * * * * * * * * * * * * //


1005
(
1
2
3
5
6
7
8
9
10
11
12
13
14
15
16
17
18
19
20
21
22
23
24
25
26
27
28
29
30
31
32
33
34
35
36
37
38
39
40
41
42
43
44
45
46
47
48
49
50
51
52
53
54
55
56
57
58
59
60
61
62
63
64
65
66
67
68
69
70
71
72
73
74
75
76
77
78
79
80
81
82
83
84
85
86
87
88
90
91
92
95
96
97
98
100
102
103
104
105
107
109
110
111
112
114
116
117
118
119
121
123
124
125
126
128
130
131
132
133
135
137
138
139
140
142
144
145
146
147
149
151
152
153
154
156
158
159
161
163
164
165
167
168
169
170
171
172
173
174
175
176
177
178
179
180
181
182
183
184
185
186
187
188
189
190
191
192
193
194
195
196
197
198
199
200
201
202
203
204
205
206
207
208
209
210
211
212
213
214
215
216
217
218
219
220
221
222
223
224
225
226
227
228
229
230
231
232
233
234
235
236
237
238
239
240
241
242
243
244
245
246
247
248
249
250
252
253
254
255
258
259
260
261
262
264
265
267
268
269
270
271
273
274
276
277
278
279
280
282
283
285
286
287
288
289
291
292
294
295
296
297
298
300
301
303
304
305
306
307
309
310
312
313
314
315
316
318
319
321
322
323
324
325
327
328
330
331
332
333
334
336
337
339
340
341
343
345
346
349
350
351
353
354
356
357
358
360
361
363
364
365
367
368
370
371
372
374
375
377
378
379
381
382
384
385
386
388
389
391
392
393
395
396
398
399
400
402
403
405
406
407
409
410
412
413
416
419
420
421
422
424
426
427
428
429
431
433
434
435
436
438
440
441
442
443
445
447
448
449
450
452
454
455
456
457
459
461
462
463
464
466
468
469
470
471
473
475
476
477
478
480
482
483
485
487
488
489
491
492
493
494
495
496
497
498
499
500
501
502
503
504
505
506
507
508
509
510
511
512
513
514
515
516
517
518
519
520
521
522
523
524
525
526
527
528
529
530
531
532
533
534
535
536
537
538
539
540
541
542
543
544
545
546
547
548
549
550
551
552
553
554
555
556
557
558
559
560
561
562
563
564
565
566
567
568
569
570
571
572
573
574
576
577
578
579
582
583
584
586
587
589
590
591
593
594
596
597
598
600
601
603
604
605
607
608
610
611
612
614
615
617
618
619
621
622
624
625
626
628
629
631
632
633
635
636
638
639
640
642
643
645
646
649
650
651
653
654
655
656
657
658
659
660
661
662
663
664
665
666
667
668
669
670
671
672
673
674
675
676
677
678
679
680
681
682
683
684
685
686
687
688
689
690
691
692
693
694
695
696
697
698
699
700
701
702
703
704
705
706
707
708
709
710
711
712
713
714
715
716
717
719
720
723
724
726
728
729
731
733
734
736
738
739
741
743
744
746
748
749
751
753
754
756
758
759
761
763
764
766
768
771
774
775
777
779
780
782
784
785
787
789
790
792
794
795
797
799
800
802
804
805
807
809
810
812
814
815
817
819
822
823
825
826
827
828
829
830
831
832
833
834
835
836
837
838
839
840
841
842
843
844
845
846
847
848
849
850
851
852
853
854
855
856
857
858
859
860
861
862
863
864
865
866
867
868
869
870
872
873
875
876
877
878
879
880
881
882
883
884
885
886
887
888
889
890
891
892
893
894
895
896
897
898
899
900
901
902
904
907
908
910
912
913
915
917
918
920
922
923
925
927
928
930
932
933
935
937
938
940
942
943
945
947
948
950
952
955
958
959
961
963
964
966
968
969
971
973
974
976
978
979
981
983
984
986
988
989
991
993
994
996
998
999
1001
1003
4
89
94
160
166
251
257
342
348
414
418
484
490
575
581
647
652
718
722
770
773
821
824
871
874
903
906
953
957
1004
93
99
101
106
108
113
115
120
122
127
129
134
136
141
143
148
150
155
157
162
256
263
266
272
275
281
284
290
293
299
302
308
311
317
320
326
329
335
338
344
347
352
355
359
362
366
369
373
376
380
383
387
390
394
397
401
404
408
411
415
417
423
425
430
432
437
439
444
446
451
453
458
460
465
467
472
474
479
481
486
580
585
588
592
595
599
602
606
609
613
616
620
623
627
630
634
637
641
644
648
721
725
727
730
732
735
737
740
742
745
747
750
752
755
757
760
762
765
767
769
772
776
778
781
783
786
788
791
793
796
798
801
803
806
808
811
813
816
818
820
905
909
911
914
916
919
921
924
926
929
931
934
936
939
941
944
946
949
951
954
956
960
962
965
967
970
972
975
977
980
982
985
987
990
992
995
997
1000
1002
1005
)


// ************************************************************************* //
