/*--------------------------------*- C++ -*----------------------------------*\
| =========                 |                                                 |
| \\      /  F ield         | OpenFOAM: The Open Source CFD Toolbox           |
|  \\    /   O peration     | Version:  2412                                  |
|   \\  /    A nd           | Website:  www.openfoam.com                      |
|    \\/     M anipulation  |                                                 |
\*---------------------------------------------------------------------------*/
FoamFile
{
    version     2.0;
    format      ascii;
    arch        "LSB;label=32;scalar=64";
    class       faceList;
    location    "constant/heater_8/polyMesh";
    object      faces;
}
// * * * * * * * * * * * * * * * * * * * * * * * * * * * * * * * * * * * * * //


1005
(
3(27 29 85)
3(27 85 8)
3(29 8 85)
3(107 85 29)
3(125 85 107)
3(125 29 85)
3(125 107 29)
3(107 85 27)
3(29 107 27)
3(107 125 86)
3(107 86 85)
3(125 85 86)
3(108 86 125)
3(126 86 108)
3(126 125 86)
3(126 108 125)
3(108 86 107)
3(125 108 107)
3(108 126 87)
3(108 87 86)
3(126 86 87)
3(109 87 126)
3(127 87 109)
3(127 126 87)
3(127 109 126)
3(109 87 108)
3(126 109 108)
3(109 127 88)
3(109 88 87)
3(127 87 88)
3(110 88 127)
3(128 88 110)
3(128 127 88)
3(128 110 127)
3(110 88 109)
3(127 110 109)
3(110 128 89)
3(110 89 88)
3(128 88 89)
3(111 89 128)
3(129 89 111)
3(129 128 89)
3(129 111 128)
3(111 89 110)
3(128 111 110)
3(111 129 90)
3(111 90 89)
3(129 89 90)
3(112 90 129)
3(130 90 112)
3(130 129 90)
3(130 112 129)
3(112 90 111)
3(129 112 111)
3(112 130 91)
3(112 91 90)
3(130 90 91)
3(113 91 130)
3(131 91 113)
3(131 130 91)
3(131 113 130)
3(113 91 112)
3(130 113 112)
3(113 131 92)
3(113 92 91)
3(131 91 92)
3(114 92 131)
3(132 92 114)
3(132 131 92)
3(132 114 131)
3(114 92 113)
3(131 114 113)
3(114 132 93)
3(114 93 92)
3(132 92 93)
3(115 93 132)
3(133 93 115)
3(133 132 93)
3(133 115 132)
3(115 93 114)
3(132 115 114)
3(115 133 25)
3(115 25 93)
3(133 93 25)
3(103 25 133)
3(105 133 25)
3(105 103 133)
3(103 25 115)
3(133 103 115)
3(9 27 85)
3(94 85 27)
3(107 85 94)
3(107 94 27)
3(27 94 9)
3(94 107 86)
3(95 86 107)
3(108 86 95)
3(108 95 107)
3(107 95 94)
3(95 108 87)
3(96 87 108)
3(109 87 96)
3(109 96 108)
3(108 96 95)
3(96 109 88)
3(97 88 109)
3(110 88 97)
3(110 97 109)
3(109 97 96)
3(97 110 89)
3(98 89 110)
3(111 89 98)
3(111 98 110)
3(110 98 97)
3(98 111 90)
3(99 90 111)
3(112 90 99)
3(112 99 111)
3(111 99 98)
3(99 112 91)
3(100 91 112)
3(113 91 100)
3(113 100 112)
3(112 100 99)
3(100 113 92)
3(101 92 113)
3(114 92 101)
3(114 101 113)
3(113 101 100)
3(101 114 93)
3(102 93 114)
3(115 93 102)
3(115 102 114)
3(114 102 101)
3(102 115 25)
3(26 25 115)
3(103 26 115)
3(115 26 102)
3(0 30 107)
3(0 107 27)
3(30 27 107)
3(10 107 30)
3(134 107 10)
3(134 10 30)
3(134 30 107)
3(30 10 0)
3(10 107 0)
3(10 134 108)
3(10 108 107)
3(134 107 108)
3(11 108 134)
3(135 108 11)
3(135 11 134)
3(135 134 108)
3(134 11 10)
3(11 108 10)
3(11 135 109)
3(11 109 108)
3(135 108 109)
3(12 109 135)
3(136 109 12)
3(136 12 135)
3(136 135 109)
3(135 12 11)
3(12 109 11)
3(12 136 110)
3(12 110 109)
3(136 109 110)
3(13 110 136)
3(137 110 13)
3(137 13 136)
3(137 136 110)
3(136 13 12)
3(13 110 12)
3(13 137 111)
3(13 111 110)
3(137 110 111)
3(14 111 137)
3(138 111 14)
3(138 14 137)
3(138 137 111)
3(137 14 13)
3(14 111 13)
3(14 138 112)
3(14 112 111)
3(138 111 112)
3(15 112 138)
3(139 112 15)
3(139 15 138)
3(139 138 112)
3(138 15 14)
3(15 112 14)
3(15 139 113)
3(15 113 112)
3(139 112 113)
3(16 113 139)
3(140 113 16)
3(140 16 139)
3(140 139 113)
3(139 16 15)
3(16 113 15)
3(16 140 114)
3(16 114 113)
3(140 113 114)
3(17 114 140)
3(141 114 17)
3(141 17 140)
3(141 140 114)
3(140 17 16)
3(17 114 16)
3(17 141 115)
3(17 115 114)
3(141 114 115)
3(18 115 141)
3(142 115 18)
3(142 18 141)
3(142 141 115)
3(141 18 17)
3(18 115 17)
3(18 142 103)
3(18 103 115)
3(142 115 103)
3(1 103 142)
3(106 1 142)
3(106 142 103)
3(142 1 18)
3(1 103 18)
3(6 29 58)
3(29 5 58)
3(67 58 29)
3(125 58 67)
3(125 29 58)
3(125 67 29)
3(29 67 6)
3(67 125 59)
3(125 58 59)
3(68 59 125)
3(126 59 68)
3(126 125 59)
3(126 68 125)
3(125 68 67)
3(68 126 60)
3(126 59 60)
3(69 60 126)
3(127 60 69)
3(127 126 60)
3(127 69 126)
3(126 69 68)
3(69 127 61)
3(127 60 61)
3(70 61 127)
3(128 61 70)
3(128 127 61)
3(128 70 127)
3(127 70 69)
3(70 128 62)
3(128 61 62)
3(71 62 128)
3(129 62 71)
3(129 128 62)
3(129 71 128)
3(128 71 70)
3(71 129 63)
3(129 62 63)
3(72 63 129)
3(130 63 72)
3(130 129 63)
3(130 72 129)
3(129 72 71)
3(72 130 64)
3(130 63 64)
3(73 64 130)
3(131 64 73)
3(131 130 64)
3(131 73 130)
3(130 73 72)
3(73 131 65)
3(131 64 65)
3(74 65 131)
3(132 65 74)
3(132 131 65)
3(132 74 131)
3(131 74 73)
3(74 132 66)
3(132 65 66)
3(75 66 132)
3(133 66 75)
3(133 132 66)
3(133 75 132)
3(132 75 74)
3(75 133 22)
3(133 66 22)
3(23 22 133)
3(105 133 22)
3(105 23 133)
3(133 23 75)
3(8 29 76)
3(29 7 76)
3(85 76 29)
3(125 76 85)
3(125 29 76)
3(85 125 77)
3(125 76 77)
3(86 77 125)
3(126 77 86)
3(126 125 77)
3(86 126 78)
3(126 77 78)
3(87 78 126)
3(127 78 87)
3(127 126 78)
3(87 127 79)
3(127 78 79)
3(88 79 127)
3(128 79 88)
3(128 127 79)
3(88 128 80)
3(128 79 80)
3(89 80 128)
3(129 80 89)
3(129 128 80)
3(89 129 81)
3(129 80 81)
3(90 81 129)
3(130 81 90)
3(130 129 81)
3(90 130 82)
3(130 81 82)
3(91 82 130)
3(131 82 91)
3(131 130 82)
3(91 131 83)
3(131 82 83)
3(92 83 131)
3(132 83 92)
3(132 131 83)
3(92 132 84)
3(132 83 84)
3(93 84 132)
3(133 84 93)
3(133 132 84)
3(93 133 24)
3(133 84 24)
3(25 24 133)
3(105 133 24)
3(2 30 10)
3(31 10 30)
3(134 10 31)
3(134 31 30)
3(30 31 2)
3(31 134 11)
3(32 11 134)
3(135 11 32)
3(135 32 134)
3(134 32 31)
3(32 135 12)
3(33 12 135)
3(136 12 33)
3(136 33 135)
3(135 33 32)
3(33 136 13)
3(34 13 136)
3(137 13 34)
3(137 34 136)
3(136 34 33)
3(34 137 14)
3(35 14 137)
3(138 14 35)
3(138 35 137)
3(137 35 34)
3(35 138 15)
3(36 15 138)
3(139 15 36)
3(139 36 138)
3(138 36 35)
3(36 139 16)
3(37 16 139)
3(140 16 37)
3(140 37 139)
3(139 37 36)
3(37 140 17)
3(38 17 140)
3(141 17 38)
3(141 38 140)
3(140 38 37)
3(38 141 18)
3(39 18 141)
3(142 18 39)
3(142 39 141)
3(141 39 38)
3(39 142 1)
3(19 1 142)
3(106 19 142)
3(142 19 39)
3(28 30 49)
3(30 4 49)
3(28 49 4)
3(116 49 30)
3(134 49 116)
3(134 30 49)
3(134 116 30)
3(116 49 28)
3(30 116 28)
3(116 134 50)
3(134 49 50)
3(116 50 49)
3(117 50 134)
3(135 50 117)
3(135 134 50)
3(135 117 134)
3(117 50 116)
3(134 117 116)
3(117 135 51)
3(135 50 51)
3(117 51 50)
3(118 51 135)
3(136 51 118)
3(136 135 51)
3(136 118 135)
3(118 51 117)
3(135 118 117)
3(118 136 52)
3(136 51 52)
3(118 52 51)
3(119 52 136)
3(137 52 119)
3(137 136 52)
3(137 119 136)
3(119 52 118)
3(136 119 118)
3(119 137 53)
3(137 52 53)
3(119 53 52)
3(120 53 137)
3(138 53 120)
3(138 137 53)
3(138 120 137)
3(120 53 119)
3(137 120 119)
3(120 138 54)
3(138 53 54)
3(120 54 53)
3(121 54 138)
3(139 54 121)
3(139 138 54)
3(139 121 138)
3(121 54 120)
3(138 121 120)
3(121 139 55)
3(139 54 55)
3(121 55 54)
3(122 55 139)
3(140 55 122)
3(140 139 55)
3(140 122 139)
3(122 55 121)
3(139 122 121)
3(122 140 56)
3(140 55 56)
3(122 56 55)
3(123 56 140)
3(141 56 123)
3(141 140 56)
3(141 123 140)
3(123 56 122)
3(140 123 122)
3(123 141 57)
3(141 56 57)
3(123 57 56)
3(124 57 141)
3(142 57 124)
3(142 141 57)
3(142 124 141)
3(124 57 123)
3(141 124 123)
3(124 142 21)
3(142 57 21)
3(124 21 57)
3(104 21 142)
3(106 142 21)
3(106 104 142)
3(104 21 124)
3(142 104 124)
3(4 30 40)
3(30 3 40)
3(49 40 30)
3(134 40 49)
3(134 30 40)
3(49 134 41)
3(134 40 41)
3(50 41 134)
3(135 41 50)
3(135 134 41)
3(50 135 42)
3(135 41 42)
3(51 42 135)
3(136 42 51)
3(136 135 42)
3(51 136 43)
3(136 42 43)
3(52 43 136)
3(137 43 52)
3(137 136 43)
3(52 137 44)
3(137 43 44)
3(53 44 137)
3(138 44 53)
3(138 137 44)
3(53 138 45)
3(138 44 45)
3(54 45 138)
3(139 45 54)
3(139 138 45)
3(54 139 46)
3(139 45 46)
3(55 46 139)
3(140 46 55)
3(140 139 46)
3(55 140 47)
3(140 46 47)
3(56 47 140)
3(141 47 56)
3(141 140 47)
3(56 141 48)
3(141 47 48)
3(57 48 141)
3(142 48 57)
3(142 141 48)
3(57 142 20)
3(142 48 20)
3(21 20 142)
3(106 142 20)
3(5 29 116)
3(5 116 28)
3(29 28 116)
3(58 116 29)
3(125 116 58)
3(125 29 116)
3(58 116 5)
3(58 125 117)
3(58 117 116)
3(125 116 117)
3(59 117 125)
3(126 117 59)
3(126 125 117)
3(59 117 58)
3(59 126 118)
3(59 118 117)
3(126 117 118)
3(60 118 126)
3(127 118 60)
3(127 126 118)
3(60 118 59)
3(60 127 119)
3(60 119 118)
3(127 118 119)
3(61 119 127)
3(128 119 61)
3(128 127 119)
3(61 119 60)
3(61 128 120)
3(61 120 119)
3(128 119 120)
3(62 120 128)
3(129 120 62)
3(129 128 120)
3(62 120 61)
3(62 129 121)
3(62 121 120)
3(129 120 121)
3(63 121 129)
3(130 121 63)
3(130 129 121)
3(63 121 62)
3(63 130 122)
3(63 122 121)
3(130 121 122)
3(64 122 130)
3(131 122 64)
3(131 130 122)
3(64 122 63)
3(64 131 123)
3(64 123 122)
3(131 122 123)
3(65 123 131)
3(132 123 65)
3(132 131 123)
3(65 123 64)
3(65 132 124)
3(65 124 123)
3(132 123 124)
3(66 124 132)
3(133 124 66)
3(133 132 124)
3(66 124 65)
3(66 133 104)
3(66 104 124)
3(133 124 104)
3(22 104 133)
3(105 133 104)
3(22 104 66)
3(0 27 94)
3(107 0 94)
3(107 94 10)
3(10 107 95)
3(108 10 95)
3(108 95 11)
3(11 108 96)
3(109 11 96)
3(109 96 12)
3(12 109 97)
3(110 12 97)
3(110 97 13)
3(13 110 98)
3(111 13 98)
3(111 98 14)
3(14 111 99)
3(112 14 99)
3(112 99 15)
3(15 112 100)
3(113 15 100)
3(113 100 16)
3(16 113 101)
3(114 16 101)
3(114 101 17)
3(17 114 102)
3(115 17 102)
3(115 102 18)
3(18 115 26)
3(103 18 26)
3(5 28 49)
3(116 5 49)
3(116 49 58)
3(58 116 50)
3(117 58 50)
3(117 50 59)
3(59 117 51)
3(118 59 51)
3(118 51 60)
3(60 118 52)
3(119 60 52)
3(119 52 61)
3(61 119 53)
3(120 61 53)
3(120 53 62)
3(62 120 54)
3(121 62 54)
3(121 54 63)
3(63 121 55)
3(122 63 55)
3(122 55 64)
3(64 122 56)
3(123 64 56)
3(123 56 65)
3(65 123 57)
3(124 65 57)
3(124 57 66)
3(66 124 21)
3(104 66 21)
3(28 29 107)
3(28 107 27)
3(116 107 29)
3(125 107 116)
3(116 107 28)
3(116 125 108)
3(116 108 107)
3(117 108 125)
3(126 108 117)
3(117 108 116)
3(117 126 109)
3(117 109 108)
3(118 109 126)
3(127 109 118)
3(118 109 117)
3(118 127 110)
3(118 110 109)
3(119 110 127)
3(128 110 119)
3(119 110 118)
3(119 128 111)
3(119 111 110)
3(120 111 128)
3(129 111 120)
3(120 111 119)
3(120 129 112)
3(120 112 111)
3(121 112 129)
3(130 112 121)
3(121 112 120)
3(121 130 113)
3(121 113 112)
3(122 113 130)
3(131 113 122)
3(122 113 121)
3(122 131 114)
3(122 114 113)
3(123 114 131)
3(132 114 123)
3(123 114 122)
3(123 132 115)
3(123 115 114)
3(124 115 132)
3(133 115 124)
3(124 115 123)
3(124 133 103)
3(124 103 115)
3(104 103 133)
3(104 103 124)
3(30 28 107)
3(107 116 30)
3(134 116 107)
3(134 116 108)
3(108 117 134)
3(135 117 108)
3(135 117 109)
3(109 118 135)
3(136 118 109)
3(136 118 110)
3(110 119 136)
3(137 119 110)
3(137 119 111)
3(111 120 137)
3(138 120 111)
3(138 120 112)
3(112 121 138)
3(139 121 112)
3(139 121 113)
3(113 122 139)
3(140 122 113)
3(140 122 114)
3(114 123 140)
3(141 123 114)
3(141 123 115)
3(115 124 141)
3(142 124 115)
3(142 124 103)
3(103 104 142)
3(7 29 67)
3(76 67 29)
3(125 67 76)
3(76 125 68)
3(77 68 125)
3(126 68 77)
3(77 126 69)
3(78 69 126)
3(127 69 78)
3(78 127 70)
3(79 70 127)
3(128 70 79)
3(79 128 71)
3(80 71 128)
3(129 71 80)
3(80 129 72)
3(81 72 129)
3(130 72 81)
3(81 130 73)
3(82 73 130)
3(131 73 82)
3(82 131 74)
3(83 74 131)
3(132 74 83)
3(83 132 75)
3(84 75 132)
3(133 75 84)
3(84 133 23)
3(24 23 133)
3(3 30 31)
3(40 31 30)
3(134 31 40)
3(40 134 32)
3(41 32 134)
3(135 32 41)
3(41 135 33)
3(42 33 135)
3(136 33 42)
3(42 136 34)
3(43 34 136)
3(137 34 43)
3(43 137 35)
3(44 35 137)
3(138 35 44)
3(44 138 36)
3(45 36 138)
3(139 36 45)
3(45 139 37)
3(46 37 139)
3(140 37 46)
3(46 140 38)
3(47 38 140)
3(141 38 47)
3(47 141 39)
3(48 39 141)
3(142 39 48)
3(48 142 19)
3(20 19 142)
3(27 8 29)
3(105 25 103)
3(9 8 27)
3(103 25 26)
3(0 27 30)
3(106 103 1)
3(6 5 29)
3(105 22 23)
3(8 7 29)
3(105 24 25)
3(2 0 30)
3(106 1 19)
3(28 4 30)
3(106 21 104)
3(4 3 30)
3(106 20 21)
3(5 28 29)
3(105 104 22)
3(0 9 27)
3(103 26 1)
3(5 4 28)
3(104 21 22)
3(28 27 29)
3(105 103 104)
3(27 28 30)
3(106 104 103)
3(7 6 29)
3(105 23 24)
3(3 2 30)
3(106 19 20)
3(9 85 8)
3(94 85 9)
3(94 86 85)
3(95 86 94)
3(95 87 86)
3(96 87 95)
3(96 88 87)
3(97 88 96)
3(97 89 88)
3(98 89 97)
3(98 90 89)
3(99 90 98)
3(99 91 90)
3(100 91 99)
3(100 92 91)
3(101 92 100)
3(101 93 92)
3(102 93 101)
3(102 25 93)
3(26 25 102)
3(6 58 5)
3(67 58 6)
3(67 59 58)
3(68 59 67)
3(68 60 59)
3(69 60 68)
3(69 61 60)
3(70 61 69)
3(70 62 61)
3(71 62 70)
3(71 63 62)
3(72 63 71)
3(72 64 63)
3(73 64 72)
3(73 65 64)
3(74 65 73)
3(74 66 65)
3(75 66 74)
3(75 22 66)
3(23 22 75)
3(8 76 7)
3(85 76 8)
3(85 77 76)
3(86 77 85)
3(86 78 77)
3(87 78 86)
3(87 79 78)
3(88 79 87)
3(88 80 79)
3(89 80 88)
3(89 81 80)
3(90 81 89)
3(90 82 81)
3(91 82 90)
3(91 83 82)
3(92 83 91)
3(92 84 83)
3(93 84 92)
3(93 24 84)
3(25 24 93)
3(2 10 0)
3(31 10 2)
3(31 11 10)
3(32 11 31)
3(32 12 11)
3(33 12 32)
3(33 13 12)
3(34 13 33)
3(34 14 13)
3(35 14 34)
3(35 15 14)
3(36 15 35)
3(36 16 15)
3(37 16 36)
3(37 17 16)
3(38 17 37)
3(38 18 17)
3(39 18 38)
3(39 1 18)
3(19 1 39)
3(4 40 3)
3(49 40 4)
3(49 41 40)
3(50 41 49)
3(50 42 41)
3(51 42 50)
3(51 43 42)
3(52 43 51)
3(52 44 43)
3(53 44 52)
3(53 45 44)
3(54 45 53)
3(54 46 45)
3(55 46 54)
3(55 47 46)
3(56 47 55)
3(56 48 47)
3(57 48 56)
3(57 20 48)
3(21 20 57)
3(0 94 9)
3(10 94 0)
3(10 95 94)
3(11 95 10)
3(11 96 95)
3(12 96 11)
3(12 97 96)
3(13 97 12)
3(13 98 97)
3(14 98 13)
3(14 99 98)
3(15 99 14)
3(15 100 99)
3(16 100 15)
3(16 101 100)
3(17 101 16)
3(17 102 101)
3(18 102 17)
3(18 26 102)
3(1 26 18)
3(5 49 4)
3(58 49 5)
3(58 50 49)
3(59 50 58)
3(59 51 50)
3(60 51 59)
3(60 52 51)
3(61 52 60)
3(61 53 52)
3(62 53 61)
3(62 54 53)
3(63 54 62)
3(63 55 54)
3(64 55 63)
3(64 56 55)
3(65 56 64)
3(65 57 56)
3(66 57 65)
3(66 21 57)
3(22 21 66)
3(7 67 6)
3(76 67 7)
3(76 68 67)
3(77 68 76)
3(77 69 68)
3(78 69 77)
3(78 70 69)
3(79 70 78)
3(79 71 70)
3(80 71 79)
3(80 72 71)
3(81 72 80)
3(81 73 72)
3(82 73 81)
3(82 74 73)
3(83 74 82)
3(83 75 74)
3(84 75 83)
3(84 23 75)
3(24 23 84)
3(3 31 2)
3(40 31 3)
3(40 32 31)
3(41 32 40)
3(41 33 32)
3(42 33 41)
3(42 34 33)
3(43 34 42)
3(43 35 34)
3(44 35 43)
3(44 36 35)
3(45 36 44)
3(45 37 36)
3(46 37 45)
3(46 38 37)
3(47 38 46)
3(47 39 38)
3(48 39 47)
3(48 19 39)
3(20 19 48)
)


// ************************************************************************* //
