/*--------------------------------*- C++ -*----------------------------------*\
| =========                 |                                                 |
| \\      /  F ield         | OpenFOAM: The Open Source CFD Toolbox           |
|  \\    /   O peration     | Version:  2412                                  |
|   \\  /    A nd           | Website:  www.openfoam.com                      |
|    \\/     M anipulation  |                                                 |
\*---------------------------------------------------------------------------*/
FoamFile
{
    version     2.0;
    format      ascii;
    arch        "LSB;label=32;scalar=64";
    note        "nPoints:143  nCells:450  nFaces:1005  nInternalFaces:795";
    class       labelList;
    location    "constant/heater_8/polyMesh";
    object      neighbour;
}
// * * * * * * * * * * * * * * * * * * * * * * * * * * * * * * * * * * * * * //


795
(
2
30
122
2
3
121
331
31
330
5
33
125
5
6
124
334
34
333
8
36
128
8
9
127
337
37
336
11
39
131
11
12
130
340
40
339
14
42
134
14
15
133
343
43
342
17
45
137
17
18
136
346
46
345
20
48
140
20
21
139
349
49
348
23
51
143
23
24
142
352
52
351
26
54
146
26
27
145
355
55
354
29
57
149
29
148
358
58
357
32
32
33
272
270
35
35
36
275
273
38
38
39
278
276
41
41
42
281
279
44
44
45
284
282
47
47
48
287
285
50
50
51
290
288
53
53
54
293
291
56
56
57
296
294
59
59
299
297
62
272
360
62
63
151
361
150
271
65
275
363
65
66
154
364
153
274
68
278
366
68
69
157
367
156
277
71
281
369
71
72
160
370
159
280
74
284
372
74
75
163
373
162
283
77
287
375
77
78
166
376
165
286
80
290
378
80
81
169
379
168
289
83
293
381
83
84
172
382
171
292
86
296
384
86
87
175
385
174
295
89
299
387
89
178
388
177
298
92
242
92
93
241
391
390
95
245
95
96
244
394
393
98
248
98
99
247
397
396
101
251
101
102
250
400
399
104
254
104
105
253
403
402
107
257
107
108
256
406
405
110
260
110
111
259
409
408
113
263
113
114
262
412
411
116
266
116
117
265
415
414
119
269
119
268
418
417
122
392
122
123
391
125
395
125
126
394
128
398
128
129
397
131
401
131
132
400
134
404
134
135
403
137
407
137
138
406
140
410
140
141
409
143
413
143
144
412
146
416
146
147
415
149
419
149
418
152
152
153
421
420
155
155
156
424
423
158
158
159
427
426
161
161
162
430
429
164
164
165
433
432
167
167
168
436
435
170
170
171
439
438
173
173
174
442
441
176
176
177
445
444
179
179
448
447
182
212
300
182
183
211
361
302
362
185
215
303
185
186
214
364
305
365
188
218
306
188
189
217
367
308
368
191
221
309
191
192
220
370
311
371
194
224
312
194
195
223
373
314
374
197
227
315
197
198
226
376
317
377
200
230
318
200
201
229
379
320
380
203
233
321
203
204
232
382
323
383
206
236
324
206
207
235
385
326
386
209
239
327
209
238
388
329
389
212
422
212
213
421
215
425
215
216
424
218
428
218
219
427
221
431
221
222
430
224
434
224
225
433
227
437
227
228
436
230
440
230
231
439
233
443
233
234
442
236
446
236
237
445
239
449
239
448
242
302
332
242
243
331
301
245
305
335
245
246
334
304
248
308
338
248
249
337
307
251
311
341
251
252
340
310
254
314
344
254
255
343
313
257
317
347
257
258
346
316
260
320
350
260
261
349
319
263
323
353
263
264
352
322
266
326
356
266
267
355
325
269
329
359
269
358
328
272
272
273
275
275
276
278
278
279
281
281
282
284
284
285
287
287
288
290
290
291
293
293
294
296
296
297
299
299
302
302
303
305
305
306
308
308
309
311
311
312
314
314
315
317
317
318
320
320
321
323
323
324
326
326
327
329
329
332
360
332
333
362
335
363
335
336
365
338
366
338
339
368
341
369
341
342
371
344
372
344
345
374
347
375
347
348
377
350
378
350
351
380
353
381
353
354
383
356
384
356
357
386
359
387
359
389
362
362
363
365
365
366
368
368
369
371
371
372
374
374
375
377
377
378
380
380
381
383
383
384
386
386
387
389
389
392
392
393
395
395
396
398
398
399
401
401
402
404
404
405
407
407
408
410
410
411
413
413
414
416
416
417
419
419
422
422
423
425
425
426
428
428
429
431
431
432
434
434
435
437
437
438
440
440
441
443
443
444
446
446
447
449
449
)


// ************************************************************************* //
