/*--------------------------------*- C++ -*----------------------------------*\
| =========                 |                                                 |
| \\      /  F ield         | OpenFOAM: The Open Source CFD Toolbox           |
|  \\    /   O peration     | Version:  2412                                  |
|   \\  /    A nd           | Website:  www.openfoam.com                      |
|    \\/     M anipulation  |                                                 |
\*---------------------------------------------------------------------------*/
FoamFile
{
    version     2.0;
    format      ascii;
    arch        "LSB;label=32;scalar=64";
    note        "nPoints:143  nCells:450  nFaces:1005  nInternalFaces:795";
    class       labelList;
    location    "constant/heater_8/polyMesh";
    object      owner;
}
// * * * * * * * * * * * * * * * * * * * * * * * * * * * * * * * * * * * * * //


1005
(
0
0
0
1
1
1
1
2
2
3
3
3
4
4
4
4
5
5
6
6
6
7
7
7
7
8
8
9
9
9
10
10
10
10
11
11
12
12
12
13
13
13
13
14
14
15
15
15
16
16
16
16
17
17
18
18
18
19
19
19
19
20
20
21
21
21
22
22
22
22
23
23
24
24
24
25
25
25
25
26
26
27
27
27
28
28
28
29
29
30
31
31
31
32
33
34
34
34
35
36
37
37
37
38
39
40
40
40
41
42
43
43
43
44
45
46
46
46
47
48
49
49
49
50
51
52
52
52
53
54
55
55
55
56
57
58
58
59
60
60
60
61
61
61
61
62
62
63
63
63
64
64
64
64
65
65
66
66
66
67
67
67
67
68
68
69
69
69
70
70
70
70
71
71
72
72
72
73
73
73
73
74
74
75
75
75
76
76
76
76
77
77
78
78
78
79
79
79
79
80
80
81
81
81
82
82
82
82
83
83
84
84
84
85
85
85
85
86
86
87
87
87
88
88
88
89
89
90
90
91
91
91
91
92
93
93
94
94
94
94
95
96
96
97
97
97
97
98
99
99
100
100
100
100
101
102
102
103
103
103
103
104
105
105
106
106
106
106
107
108
108
109
109
109
109
110
111
111
112
112
112
112
113
114
114
115
115
115
115
116
117
117
118
118
118
119
120
120
121
121
121
123
123
124
124
124
126
126
127
127
127
129
129
130
130
130
132
132
133
133
133
135
135
136
136
136
138
138
139
139
139
141
141
142
142
142
144
144
145
145
145
147
147
148
148
150
151
151
151
152
153
154
154
154
155
156
157
157
157
158
159
160
160
160
161
162
163
163
163
164
165
166
166
166
167
168
169
169
169
170
171
172
172
172
173
174
175
175
175
176
177
178
178
179
180
180
180
181
181
181
181
182
182
183
183
183
184
184
184
184
185
185
186
186
186
187
187
187
187
188
188
189
189
189
190
190
190
190
191
191
192
192
192
193
193
193
193
194
194
195
195
195
196
196
196
196
197
197
198
198
198
199
199
199
199
200
200
201
201
201
202
202
202
202
203
203
204
204
204
205
205
205
205
206
206
207
207
207
208
208
208
209
209
210
210
211
211
211
213
213
214
214
214
216
216
217
217
217
219
219
220
220
220
222
222
223
223
223
225
225
226
226
226
228
228
229
229
229
231
231
232
232
232
234
234
235
235
235
237
237
238
238
240
240
240
241
241
241
242
243
243
243
244
244
244
245
246
246
246
247
247
247
248
249
249
249
250
250
250
251
252
252
252
253
253
253
254
255
255
255
256
256
256
257
258
258
258
259
259
259
260
261
261
261
262
262
262
263
264
264
264
265
265
265
266
267
267
267
268
268
269
270
271
271
273
274
274
276
277
277
279
280
280
282
283
283
285
286
286
288
289
289
291
292
292
294
295
295
297
298
300
301
301
303
304
304
306
307
307
309
310
310
312
313
313
315
316
316
318
319
319
321
322
322
324
325
325
327
328
330
330
331
331
332
333
333
334
334
335
336
336
337
337
338
339
339
340
340
341
342
342
343
343
344
345
345
346
346
347
348
348
349
349
350
351
351
352
352
353
354
354
355
355
356
357
357
358
359
360
361
361
363
364
364
366
367
367
369
370
370
372
373
373
375
376
376
378
379
379
381
382
382
384
385
385
387
388
390
391
391
393
394
394
396
397
397
399
400
400
402
403
403
405
406
406
408
409
409
411
412
412
414
415
415
417
418
420
421
421
423
424
424
426
427
427
429
430
430
432
433
433
435
436
436
438
439
439
441
442
442
444
445
445
447
448
0
28
30
58
60
88
90
118
120
148
150
178
180
208
210
238
240
268
270
298
300
328
330
358
360
388
390
418
420
448
30
32
33
35
36
38
39
41
42
44
45
47
48
50
51
53
54
56
57
59
90
92
93
95
96
98
99
101
102
104
105
107
108
110
111
113
114
116
117
119
120
122
123
125
126
128
129
131
132
134
135
137
138
140
141
143
144
146
147
149
150
152
153
155
156
158
159
161
162
164
165
167
168
170
171
173
174
176
177
179
210
212
213
215
216
218
219
221
222
224
225
227
228
230
231
233
234
236
237
239
270
271
273
274
276
277
279
280
282
283
285
286
288
289
291
292
294
295
297
298
300
301
303
304
306
307
309
310
312
313
315
316
318
319
321
322
324
325
327
328
390
392
393
395
396
398
399
401
402
404
405
407
408
410
411
413
414
416
417
419
420
422
423
425
426
428
429
431
432
434
435
437
438
440
441
443
444
446
447
449
)


// ************************************************************************* //
