/*--------------------------------*- C++ -*----------------------------------*\
| =========                 |                                                 |
| \\      /  F ield         | OpenFOAM: The Open Source CFD Toolbox           |
|  \\    /   O peration     | Version:  2412                                  |
|   \\  /    A nd           | Website:  www.openfoam.com                      |
|    \\/     M anipulation  |                                                 |
\*---------------------------------------------------------------------------*/
FoamFile
{
    version     2.0;
    format      ascii;
    arch        "LSB;label=32;scalar=64";
    class       vectorField;
    location    "constant/heater_8/polyMesh";
    object      points;
}
// * * * * * * * * * * * * * * * * * * * * * * * * * * * * * * * * * * * * * //


143
(
(0.191 0.0275 0)
(0.191 0.0275 0.39)
(0.18690578 0.038748783 0)
(0.17653884 0.044734136 0)
(0.16475 0.042655445 0)
(0.15705538 0.033485353 0)
(0.15705538 0.021514647 0)
(0.16475 0.012344555 0)
(0.17653884 0.010265864 0)
(0.18690578 0.016251217 0)
(0.191 0.0275 0.039)
(0.191 0.0275 0.078)
(0.191 0.0275 0.117)
(0.191 0.0275 0.156)
(0.191 0.0275 0.195)
(0.191 0.0275 0.234)
(0.191 0.0275 0.273)
(0.191 0.0275 0.312)
(0.191 0.0275 0.351)
(0.18690578 0.038748783 0.39)
(0.17653884 0.044734136 0.39)
(0.16475 0.042655445 0.39)
(0.15705538 0.033485353 0.39)
(0.15705538 0.021514647 0.39)
(0.16475 0.012344555 0.39)
(0.17653884 0.010265864 0.39)
(0.18690578 0.016251217 0.39)
(0.17799349 0.023729512 0)
(0.16884422 0.031406661 0)
(0.16679711 0.021875608 0)
(0.177875 0.035077722 0)
(0.18690578 0.038748783 0.039)
(0.18690578 0.038748783 0.078)
(0.18690578 0.038748783 0.117)
(0.18690578 0.038748783 0.156)
(0.18690578 0.038748783 0.195)
(0.18690578 0.038748783 0.234)
(0.18690578 0.038748783 0.273)
(0.18690578 0.038748783 0.312)
(0.18690578 0.038748783 0.351)
(0.17653884 0.044734136 0.039)
(0.17653884 0.044734136 0.078)
(0.17653884 0.044734136 0.117)
(0.17653884 0.044734136 0.156)
(0.17653884 0.044734136 0.195)
(0.17653884 0.044734136 0.234)
(0.17653884 0.044734136 0.273)
(0.17653884 0.044734136 0.312)
(0.17653884 0.044734136 0.351)
(0.16475 0.042655445 0.039)
(0.16475 0.042655445 0.078)
(0.16475 0.042655445 0.117)
(0.16475 0.042655445 0.156)
(0.16475 0.042655445 0.195)
(0.16475 0.042655445 0.234)
(0.16475 0.042655445 0.273)
(0.16475 0.042655445 0.312)
(0.16475 0.042655445 0.351)
(0.15705538 0.033485353 0.039)
(0.15705538 0.033485353 0.078)
(0.15705538 0.033485353 0.117)
(0.15705538 0.033485353 0.156)
(0.15705538 0.033485353 0.195)
(0.15705538 0.033485353 0.234)
(0.15705538 0.033485353 0.273)
(0.15705538 0.033485353 0.312)
(0.15705538 0.033485353 0.351)
(0.15705538 0.021514647 0.039)
(0.15705538 0.021514647 0.078)
(0.15705538 0.021514647 0.117)
(0.15705538 0.021514647 0.156)
(0.15705538 0.021514647 0.195)
(0.15705538 0.021514647 0.234)
(0.15705538 0.021514647 0.273)
(0.15705538 0.021514647 0.312)
(0.15705538 0.021514647 0.351)
(0.16475 0.012344555 0.039)
(0.16475 0.012344555 0.078)
(0.16475 0.012344555 0.117)
(0.16475 0.012344555 0.156)
(0.16475 0.012344555 0.195)
(0.16475 0.012344555 0.234)
(0.16475 0.012344555 0.273)
(0.16475 0.012344555 0.312)
(0.16475 0.012344555 0.351)
(0.17653884 0.010265864 0.039)
(0.17653884 0.010265864 0.078)
(0.17653884 0.010265864 0.117)
(0.17653884 0.010265864 0.156)
(0.17653884 0.010265864 0.195)
(0.17653884 0.010265864 0.234)
(0.17653884 0.010265864 0.273)
(0.17653884 0.010265864 0.312)
(0.17653884 0.010265864 0.351)
(0.18690578 0.016251217 0.039)
(0.18690578 0.016251217 0.078)
(0.18690578 0.016251217 0.117)
(0.18690578 0.016251217 0.156)
(0.18690578 0.016251217 0.195)
(0.18690578 0.016251217 0.234)
(0.18690578 0.016251217 0.273)
(0.18690578 0.016251217 0.312)
(0.18690578 0.016251217 0.351)
(0.17799349 0.023729512 0.39)
(0.16884422 0.031406661 0.39)
(0.16679711 0.021875608 0.39)
(0.177875 0.035077722 0.39)
(0.17799349 0.023729512 0.039)
(0.17799349 0.023729512 0.078)
(0.17799349 0.023729512 0.117)
(0.17799349 0.023729512 0.156)
(0.17799349 0.023729512 0.195)
(0.17799349 0.023729512 0.234)
(0.17799349 0.023729512 0.273)
(0.17799349 0.023729512 0.312)
(0.17799349 0.023729512 0.351)
(0.16884422 0.031406661 0.039)
(0.16884422 0.031406661 0.078)
(0.16884422 0.031406661 0.117)
(0.16884422 0.031406661 0.156)
(0.16884422 0.031406661 0.195)
(0.16884422 0.031406661 0.234)
(0.16884422 0.031406661 0.273)
(0.16884422 0.031406661 0.312)
(0.16884422 0.031406661 0.351)
(0.16679711 0.021875608 0.039)
(0.16679711 0.021875608 0.078)
(0.16679711 0.021875608 0.117)
(0.16679711 0.021875608 0.156)
(0.16679711 0.021875608 0.195)
(0.16679711 0.021875608 0.234)
(0.16679711 0.021875608 0.273)
(0.16679711 0.021875608 0.312)
(0.16679711 0.021875608 0.351)
(0.177875 0.035077722 0.039)
(0.177875 0.035077722 0.078)
(0.177875 0.035077722 0.117)
(0.177875 0.035077722 0.156)
(0.177875 0.035077722 0.195)
(0.177875 0.035077722 0.234)
(0.177875 0.035077722 0.273)
(0.177875 0.035077722 0.312)
(0.177875 0.035077722 0.351)
)


// ************************************************************************* //
