/*--------------------------------*- C++ -*----------------------------------*\
| =========                 |                                                 |
| \\      /  F ield         | OpenFOAM: The Open Source CFD Toolbox           |
|  \\    /   O peration     | Version:  2412                                  |
|   \\  /    A nd           | Website:  www.openfoam.com                      |
|    \\/     M anipulation  |                                                 |
\*---------------------------------------------------------------------------*/
FoamFile
{
    version     2.0;
    format      ascii;
    arch        "LSB;label=32;scalar=64";
    class       faceList;
    location    "constant/heater_1/polyMesh";
    object      faces;
}
// * * * * * * * * * * * * * * * * * * * * * * * * * * * * * * * * * * * * * //


1005
(
3(0 28 94)
3(28 9 94)
3(10 94 28)
3(116 94 10)
3(116 10 28)
3(116 28 94)
3(28 10 0)
3(10 116 95)
3(116 94 95)
3(11 95 116)
3(117 95 11)
3(117 11 116)
3(117 116 95)
3(116 11 10)
3(11 117 96)
3(117 95 96)
3(12 96 117)
3(118 96 12)
3(118 12 117)
3(118 117 96)
3(117 12 11)
3(12 118 97)
3(118 96 97)
3(13 97 118)
3(119 97 13)
3(119 13 118)
3(119 118 97)
3(118 13 12)
3(13 119 98)
3(119 97 98)
3(14 98 119)
3(120 98 14)
3(120 14 119)
3(120 119 98)
3(119 14 13)
3(14 120 99)
3(120 98 99)
3(15 99 120)
3(121 99 15)
3(121 15 120)
3(121 120 99)
3(120 15 14)
3(15 121 100)
3(121 99 100)
3(16 100 121)
3(122 100 16)
3(122 16 121)
3(122 121 100)
3(121 16 15)
3(16 122 101)
3(122 100 101)
3(17 101 122)
3(123 101 17)
3(123 17 122)
3(123 122 101)
3(122 17 16)
3(17 123 102)
3(123 101 102)
3(18 102 123)
3(124 102 18)
3(124 18 123)
3(124 123 102)
3(123 18 17)
3(18 124 26)
3(124 102 26)
3(1 26 124)
3(104 1 124)
3(104 124 26)
3(124 1 18)
3(4 27 40)
3(27 3 40)
3(49 40 27)
3(107 40 49)
3(107 27 40)
3(107 49 27)
3(27 49 4)
3(49 107 41)
3(107 40 41)
3(50 41 107)
3(108 41 50)
3(108 107 41)
3(108 50 107)
3(107 50 49)
3(50 108 42)
3(108 41 42)
3(51 42 108)
3(109 42 51)
3(109 108 42)
3(109 51 108)
3(108 51 50)
3(51 109 43)
3(109 42 43)
3(52 43 109)
3(110 43 52)
3(110 109 43)
3(110 52 109)
3(109 52 51)
3(52 110 44)
3(110 43 44)
3(53 44 110)
3(111 44 53)
3(111 110 44)
3(111 53 110)
3(110 53 52)
3(53 111 45)
3(111 44 45)
3(54 45 111)
3(112 45 54)
3(112 111 45)
3(112 54 111)
3(111 54 53)
3(54 112 46)
3(112 45 46)
3(55 46 112)
3(113 46 55)
3(113 112 46)
3(113 55 112)
3(112 55 54)
3(55 113 47)
3(113 46 47)
3(56 47 113)
3(114 47 56)
3(114 113 47)
3(114 56 113)
3(113 56 55)
3(56 114 48)
3(114 47 48)
3(57 48 114)
3(115 48 57)
3(115 114 48)
3(115 57 114)
3(114 57 56)
3(57 115 20)
3(115 48 20)
3(21 20 115)
3(103 115 20)
3(103 21 115)
3(115 21 57)
3(30 28 10)
3(0 30 10)
3(10 116 30)
3(134 116 10)
3(134 10 30)
3(134 30 116)
3(30 28 116)
3(134 116 11)
3(10 134 11)
3(11 117 134)
3(135 117 11)
3(135 11 134)
3(135 134 117)
3(134 116 117)
3(135 117 12)
3(11 135 12)
3(12 118 135)
3(136 118 12)
3(136 12 135)
3(136 135 118)
3(135 117 118)
3(136 118 13)
3(12 136 13)
3(13 119 136)
3(137 119 13)
3(137 13 136)
3(137 136 119)
3(136 118 119)
3(137 119 14)
3(13 137 14)
3(14 120 137)
3(138 120 14)
3(138 14 137)
3(138 137 120)
3(137 119 120)
3(138 120 15)
3(14 138 15)
3(15 121 138)
3(139 121 15)
3(139 15 138)
3(139 138 121)
3(138 120 121)
3(139 121 16)
3(15 139 16)
3(16 122 139)
3(140 122 16)
3(140 16 139)
3(140 139 122)
3(139 121 122)
3(140 122 17)
3(16 140 17)
3(17 123 140)
3(141 123 17)
3(141 17 140)
3(141 140 123)
3(140 122 123)
3(141 123 18)
3(17 141 18)
3(18 124 141)
3(142 124 18)
3(142 18 141)
3(142 141 124)
3(141 123 124)
3(142 124 1)
3(18 142 1)
3(1 104 142)
3(106 1 142)
3(106 142 104)
3(142 124 104)
3(27 30 40)
3(30 3 40)
3(107 40 30)
3(134 40 107)
3(134 30 40)
3(134 107 30)
3(30 107 27)
3(107 134 41)
3(134 40 41)
3(108 41 134)
3(135 41 108)
3(135 134 41)
3(135 108 134)
3(134 108 107)
3(108 135 42)
3(135 41 42)
3(109 42 135)
3(136 42 109)
3(136 135 42)
3(136 109 135)
3(135 109 108)
3(109 136 43)
3(136 42 43)
3(110 43 136)
3(137 43 110)
3(137 136 43)
3(137 110 136)
3(136 110 109)
3(110 137 44)
3(137 43 44)
3(111 44 137)
3(138 44 111)
3(138 137 44)
3(138 111 137)
3(137 111 110)
3(111 138 45)
3(138 44 45)
3(112 45 138)
3(139 45 112)
3(139 138 45)
3(139 112 138)
3(138 112 111)
3(112 139 46)
3(139 45 46)
3(113 46 139)
3(140 46 113)
3(140 139 46)
3(140 113 139)
3(139 113 112)
3(113 140 47)
3(140 46 47)
3(114 47 140)
3(141 47 114)
3(141 140 47)
3(141 114 140)
3(140 114 113)
3(114 141 48)
3(141 47 48)
3(115 48 141)
3(142 48 115)
3(142 141 48)
3(142 115 141)
3(141 115 114)
3(115 142 20)
3(142 48 20)
3(103 20 142)
3(106 142 20)
3(106 103 142)
3(142 103 115)
3(5 29 107)
3(5 107 27)
3(29 27 107)
3(58 107 29)
3(125 107 58)
3(125 58 29)
3(125 29 107)
3(29 58 5)
3(58 107 5)
3(58 125 108)
3(58 108 107)
3(125 107 108)
3(59 108 125)
3(126 108 59)
3(126 59 125)
3(126 125 108)
3(125 59 58)
3(59 108 58)
3(59 126 109)
3(59 109 108)
3(126 108 109)
3(60 109 126)
3(127 109 60)
3(127 60 126)
3(127 126 109)
3(126 60 59)
3(60 109 59)
3(60 127 110)
3(60 110 109)
3(127 109 110)
3(61 110 127)
3(128 110 61)
3(128 61 127)
3(128 127 110)
3(127 61 60)
3(61 110 60)
3(61 128 111)
3(61 111 110)
3(128 110 111)
3(62 111 128)
3(129 111 62)
3(129 62 128)
3(129 128 111)
3(128 62 61)
3(62 111 61)
3(62 129 112)
3(62 112 111)
3(129 111 112)
3(63 112 129)
3(130 112 63)
3(130 63 129)
3(130 129 112)
3(129 63 62)
3(63 112 62)
3(63 130 113)
3(63 113 112)
3(130 112 113)
3(64 113 130)
3(131 113 64)
3(131 64 130)
3(131 130 113)
3(130 64 63)
3(64 113 63)
3(64 131 114)
3(64 114 113)
3(131 113 114)
3(65 114 131)
3(132 114 65)
3(132 65 131)
3(132 131 114)
3(131 65 64)
3(65 114 64)
3(65 132 115)
3(65 115 114)
3(132 114 115)
3(66 115 132)
3(133 115 66)
3(133 66 132)
3(133 132 115)
3(132 66 65)
3(66 115 65)
3(66 133 103)
3(66 103 115)
3(133 115 103)
3(22 103 133)
3(105 22 133)
3(105 133 103)
3(133 22 66)
3(22 103 66)
3(8 29 76)
3(29 7 76)
3(85 76 29)
3(125 76 85)
3(125 85 29)
3(125 29 76)
3(29 85 8)
3(85 125 77)
3(125 76 77)
3(86 77 125)
3(126 77 86)
3(126 86 125)
3(126 125 77)
3(125 86 85)
3(86 126 78)
3(126 77 78)
3(87 78 126)
3(127 78 87)
3(127 87 126)
3(127 126 78)
3(126 87 86)
3(87 127 79)
3(127 78 79)
3(88 79 127)
3(128 79 88)
3(128 88 127)
3(128 127 79)
3(127 88 87)
3(88 128 80)
3(128 79 80)
3(89 80 128)
3(129 80 89)
3(129 89 128)
3(129 128 80)
3(128 89 88)
3(89 129 81)
3(129 80 81)
3(90 81 129)
3(130 81 90)
3(130 90 129)
3(130 129 81)
3(129 90 89)
3(90 130 82)
3(130 81 82)
3(91 82 130)
3(131 82 91)
3(131 91 130)
3(131 130 82)
3(130 91 90)
3(91 131 83)
3(131 82 83)
3(92 83 131)
3(132 83 92)
3(132 92 131)
3(132 131 83)
3(131 92 91)
3(92 132 84)
3(132 83 84)
3(93 84 132)
3(133 84 93)
3(133 93 132)
3(133 132 84)
3(132 93 92)
3(93 133 24)
3(133 84 24)
3(25 24 133)
3(105 25 133)
3(105 133 24)
3(133 25 93)
3(28 29 85)
3(28 85 8)
3(116 85 29)
3(125 85 116)
3(125 116 29)
3(116 85 28)
3(29 116 28)
3(116 125 86)
3(116 86 85)
3(117 86 125)
3(126 86 117)
3(126 117 125)
3(117 86 116)
3(125 117 116)
3(117 126 87)
3(117 87 86)
3(118 87 126)
3(127 87 118)
3(127 118 126)
3(118 87 117)
3(126 118 117)
3(118 127 88)
3(118 88 87)
3(119 88 127)
3(128 88 119)
3(128 119 127)
3(119 88 118)
3(127 119 118)
3(119 128 89)
3(119 89 88)
3(120 89 128)
3(129 89 120)
3(129 120 128)
3(120 89 119)
3(128 120 119)
3(120 129 90)
3(120 90 89)
3(121 90 129)
3(130 90 121)
3(130 121 129)
3(121 90 120)
3(129 121 120)
3(121 130 91)
3(121 91 90)
3(122 91 130)
3(131 91 122)
3(131 122 130)
3(122 91 121)
3(130 122 121)
3(122 131 92)
3(122 92 91)
3(123 92 131)
3(132 92 123)
3(132 123 131)
3(123 92 122)
3(131 123 122)
3(123 132 93)
3(123 93 92)
3(124 93 132)
3(133 93 124)
3(133 124 132)
3(124 93 123)
3(132 124 123)
3(124 133 25)
3(124 25 93)
3(104 25 133)
3(105 104 133)
3(104 25 124)
3(133 104 124)
3(6 29 58)
3(67 58 29)
3(125 58 67)
3(125 67 29)
3(29 67 6)
3(67 125 59)
3(68 59 125)
3(126 59 68)
3(126 68 125)
3(125 68 67)
3(68 126 60)
3(69 60 126)
3(127 60 69)
3(127 69 126)
3(126 69 68)
3(69 127 61)
3(70 61 127)
3(128 61 70)
3(128 70 127)
3(127 70 69)
3(70 128 62)
3(71 62 128)
3(129 62 71)
3(129 71 128)
3(128 71 70)
3(71 129 63)
3(72 63 129)
3(130 63 72)
3(130 72 129)
3(129 72 71)
3(72 130 64)
3(73 64 130)
3(131 64 73)
3(131 73 130)
3(130 73 72)
3(73 131 65)
3(74 65 131)
3(132 65 74)
3(132 74 131)
3(131 74 73)
3(74 132 66)
3(75 66 132)
3(133 66 75)
3(133 75 132)
3(132 75 74)
3(75 133 22)
3(23 22 133)
3(105 23 133)
3(133 23 75)
3(9 28 85)
3(94 85 28)
3(116 85 94)
3(94 116 86)
3(95 86 116)
3(117 86 95)
3(95 117 87)
3(96 87 117)
3(118 87 96)
3(96 118 88)
3(97 88 118)
3(119 88 97)
3(97 119 89)
3(98 89 119)
3(120 89 98)
3(98 120 90)
3(99 90 120)
3(121 90 99)
3(99 121 91)
3(100 91 121)
3(122 91 100)
3(100 122 92)
3(101 92 122)
3(123 92 101)
3(101 123 93)
3(102 93 123)
3(124 93 102)
3(102 124 25)
3(26 25 124)
3(5 27 49)
3(107 5 49)
3(107 49 58)
3(58 107 50)
3(108 58 50)
3(108 50 59)
3(59 108 51)
3(109 59 51)
3(109 51 60)
3(60 109 52)
3(110 60 52)
3(110 52 61)
3(61 110 53)
3(111 61 53)
3(111 53 62)
3(62 111 54)
3(112 62 54)
3(112 54 63)
3(63 112 55)
3(113 63 55)
3(113 55 64)
3(64 113 56)
3(114 64 56)
3(114 56 65)
3(65 114 57)
3(115 65 57)
3(115 57 66)
3(66 115 21)
3(103 66 21)
3(3 30 31)
3(30 2 31)
3(40 31 30)
3(134 31 40)
3(134 30 31)
3(40 134 32)
3(134 31 32)
3(41 32 134)
3(135 32 41)
3(135 134 32)
3(41 135 33)
3(135 32 33)
3(42 33 135)
3(136 33 42)
3(136 135 33)
3(42 136 34)
3(136 33 34)
3(43 34 136)
3(137 34 43)
3(137 136 34)
3(43 137 35)
3(137 34 35)
3(44 35 137)
3(138 35 44)
3(138 137 35)
3(44 138 36)
3(138 35 36)
3(45 36 138)
3(139 36 45)
3(139 138 36)
3(45 139 37)
3(139 36 37)
3(46 37 139)
3(140 37 46)
3(140 139 37)
3(46 140 38)
3(140 37 38)
3(47 38 140)
3(141 38 47)
3(141 140 38)
3(47 141 39)
3(141 38 39)
3(48 39 141)
3(142 39 48)
3(142 141 39)
3(48 142 19)
3(142 39 19)
3(20 19 142)
3(106 142 19)
3(2 30 10)
3(31 10 30)
3(134 10 31)
3(31 134 11)
3(32 11 134)
3(135 11 32)
3(32 135 12)
3(33 12 135)
3(136 12 33)
3(33 136 13)
3(34 13 136)
3(137 13 34)
3(34 137 14)
3(35 14 137)
3(138 14 35)
3(35 138 15)
3(36 15 138)
3(139 15 36)
3(36 139 16)
3(37 16 139)
3(140 16 37)
3(37 140 17)
3(38 17 140)
3(141 17 38)
3(38 141 18)
3(39 18 141)
3(142 18 39)
3(39 142 1)
3(19 1 142)
3(28 30 107)
3(28 107 27)
3(116 107 30)
3(134 107 116)
3(116 107 28)
3(116 134 108)
3(116 108 107)
3(117 108 134)
3(135 108 117)
3(117 108 116)
3(117 135 109)
3(117 109 108)
3(118 109 135)
3(136 109 118)
3(118 109 117)
3(118 136 110)
3(118 110 109)
3(119 110 136)
3(137 110 119)
3(119 110 118)
3(119 137 111)
3(119 111 110)
3(120 111 137)
3(138 111 120)
3(120 111 119)
3(120 138 112)
3(120 112 111)
3(121 112 138)
3(139 112 121)
3(121 112 120)
3(121 139 113)
3(121 113 112)
3(122 113 139)
3(140 113 122)
3(122 113 121)
3(122 140 114)
3(122 114 113)
3(123 114 140)
3(141 114 123)
3(123 114 122)
3(123 141 115)
3(123 115 114)
3(124 115 141)
3(142 115 124)
3(124 115 123)
3(124 142 103)
3(124 103 115)
3(104 103 142)
3(104 103 124)
3(29 28 107)
3(107 116 29)
3(125 116 107)
3(125 116 108)
3(108 117 125)
3(126 117 108)
3(126 117 109)
3(109 118 126)
3(127 118 109)
3(127 118 110)
3(110 119 127)
3(128 119 110)
3(128 119 111)
3(111 120 128)
3(129 120 111)
3(129 120 112)
3(112 121 129)
3(130 121 112)
3(130 121 113)
3(113 122 130)
3(131 122 113)
3(131 122 114)
3(114 123 131)
3(132 123 114)
3(132 123 115)
3(115 124 132)
3(133 124 115)
3(133 124 103)
3(103 104 133)
3(7 29 67)
3(76 67 29)
3(125 67 76)
3(76 125 68)
3(77 68 125)
3(126 68 77)
3(77 126 69)
3(78 69 126)
3(127 69 78)
3(78 127 70)
3(79 70 127)
3(128 70 79)
3(79 128 71)
3(80 71 128)
3(129 71 80)
3(80 129 72)
3(81 72 129)
3(130 72 81)
3(81 130 73)
3(82 73 130)
3(131 73 82)
3(82 131 74)
3(83 74 131)
3(132 74 83)
3(83 132 75)
3(84 75 132)
3(133 75 84)
3(84 133 23)
3(24 23 133)
3(0 94 9)
3(10 94 0)
3(10 95 94)
3(11 95 10)
3(11 96 95)
3(12 96 11)
3(12 97 96)
3(13 97 12)
3(13 98 97)
3(14 98 13)
3(14 99 98)
3(15 99 14)
3(15 100 99)
3(16 100 15)
3(16 101 100)
3(17 101 16)
3(17 102 101)
3(18 102 17)
3(18 26 102)
3(1 26 18)
3(4 40 3)
3(49 40 4)
3(49 41 40)
3(50 41 49)
3(50 42 41)
3(51 42 50)
3(51 43 42)
3(52 43 51)
3(52 44 43)
3(53 44 52)
3(53 45 44)
3(54 45 53)
3(54 46 45)
3(55 46 54)
3(55 47 46)
3(56 47 55)
3(56 48 47)
3(57 48 56)
3(57 20 48)
3(21 20 57)
3(8 76 7)
3(85 76 8)
3(85 77 76)
3(86 77 85)
3(86 78 77)
3(87 78 86)
3(87 79 78)
3(88 79 87)
3(88 80 79)
3(89 80 88)
3(89 81 80)
3(90 81 89)
3(90 82 81)
3(91 82 90)
3(91 83 82)
3(92 83 91)
3(92 84 83)
3(93 84 92)
3(93 24 84)
3(25 24 93)
3(6 58 5)
3(67 58 6)
3(67 59 58)
3(68 59 67)
3(68 60 59)
3(69 60 68)
3(69 61 60)
3(70 61 69)
3(70 62 61)
3(71 62 70)
3(71 63 62)
3(72 63 71)
3(72 64 63)
3(73 64 72)
3(73 65 64)
3(74 65 73)
3(74 66 65)
3(75 66 74)
3(75 22 66)
3(23 22 75)
3(9 85 8)
3(94 85 9)
3(94 86 85)
3(95 86 94)
3(95 87 86)
3(96 87 95)
3(96 88 87)
3(97 88 96)
3(97 89 88)
3(98 89 97)
3(98 90 89)
3(99 90 98)
3(99 91 90)
3(100 91 99)
3(100 92 91)
3(101 92 100)
3(101 93 92)
3(102 93 101)
3(102 25 93)
3(26 25 102)
3(5 49 4)
3(58 49 5)
3(58 50 49)
3(59 50 58)
3(59 51 50)
3(60 51 59)
3(60 52 51)
3(61 52 60)
3(61 53 52)
3(62 53 61)
3(62 54 53)
3(63 54 62)
3(63 55 54)
3(64 55 63)
3(64 56 55)
3(65 56 64)
3(65 57 56)
3(66 57 65)
3(66 21 57)
3(22 21 66)
3(3 31 2)
3(40 31 3)
3(40 32 31)
3(41 32 40)
3(41 33 32)
3(42 33 41)
3(42 34 33)
3(43 34 42)
3(43 35 34)
3(44 35 43)
3(44 36 35)
3(45 36 44)
3(45 37 36)
3(46 37 45)
3(46 38 37)
3(47 38 46)
3(47 39 38)
3(48 39 47)
3(48 19 39)
3(20 19 48)
3(2 10 0)
3(31 10 2)
3(31 11 10)
3(32 11 31)
3(32 12 11)
3(33 12 32)
3(33 13 12)
3(34 13 33)
3(34 14 13)
3(35 14 34)
3(35 15 14)
3(36 15 35)
3(36 16 15)
3(37 16 36)
3(37 17 16)
3(38 17 37)
3(38 18 17)
3(39 18 38)
3(39 1 18)
3(19 1 39)
3(7 67 6)
3(76 67 7)
3(76 68 67)
3(77 68 76)
3(77 69 68)
3(78 69 77)
3(78 70 69)
3(79 70 78)
3(79 71 70)
3(80 71 79)
3(80 72 71)
3(81 72 80)
3(81 73 72)
3(82 73 81)
3(82 74 73)
3(83 74 82)
3(83 75 74)
3(84 75 83)
3(84 23 75)
3(24 23 84)
3(0 9 28)
3(104 26 1)
3(4 3 27)
3(103 20 21)
3(0 28 30)
3(106 104 1)
3(27 3 30)
3(106 20 103)
3(5 27 29)
3(105 103 22)
3(8 7 29)
3(105 24 25)
3(28 8 29)
3(105 25 104)
3(6 5 29)
3(105 22 23)
3(9 8 28)
3(104 25 26)
3(5 4 27)
3(103 21 22)
3(3 2 30)
3(106 19 20)
3(2 0 30)
3(106 1 19)
3(28 27 30)
3(106 103 104)
3(27 28 29)
3(105 104 103)
3(7 6 29)
3(105 23 24)
)


// ************************************************************************* //
