/*--------------------------------*- C++ -*----------------------------------*\
| =========                 |                                                 |
| \\      /  F ield         | OpenFOAM: The Open Source CFD Toolbox           |
|  \\    /   O peration     | Version:  2412                                  |
|   \\  /    A nd           | Website:  www.openfoam.com                      |
|    \\/     M anipulation  |                                                 |
\*---------------------------------------------------------------------------*/
FoamFile
{
    version     2.0;
    format      ascii;
    arch        "LSB;label=32;scalar=64";
    class       labelList;
    location    "constant/heater_1/polyMesh";
    object      faceRegionAddressing;
}
// * * * * * * * * * * * * * * * * * * * * * * * * * * * * * * * * * * * * * //


1005
(
7036
7037
7040
7041
7042
7043
7044
7046
7047
7049
7050
7051
7052
7053
7055
7056
7058
7059
7060
7061
7062
7064
7065
7067
7068
7069
7070
7071
7073
7074
7076
7077
7078
7079
7080
7082
7083
7085
7086
7087
7088
7089
7091
7092
7094
7095
7096
7097
7098
7100
7101
7103
7104
7105
7106
7107
7109
7110
7112
7113
7114
7115
7116
7118
7119
7121
7122
7123
7125
7127
7128
7131
7132
7133
7134
7135
7137
7138
7140
7141
7142
7143
7144
7146
7147
7149
7150
7151
7152
7153
7155
7156
7158
7159
7160
7161
7162
7164
7165
7167
7168
7169
7170
7171
7173
7174
7176
7177
7178
7179
7180
7182
7183
7185
7186
7187
7188
7189
7191
7192
7194
7195
7196
7197
7198
7200
7201
7203
7204
7205
7206
7207
7209
7210
7212
7213
7214
7216
7218
7219
7221
7222
7223
7224
7225
7226
7227
7228
7229
7230
7231
7232
7233
7234
7235
7236
7237
7238
7239
7240
7241
7242
7243
7244
7245
7246
7247
7248
7249
7250
7251
7252
7253
7254
7255
7256
7257
7258
7259
7260
7261
7262
7263
7264
7265
7266
7267
7268
7269
7270
7271
7272
7273
7274
7275
7276
7277
7278
7279
7280
7281
7282
7283
7284
7285
7286
7288
7289
7290
7292
7293
7294
7295
7296
7297
7298
7299
7300
7301
7302
7303
7304
7305
7306
7307
7308
7309
7310
7311
7312
7313
7314
7315
7316
7317
7318
7319
7320
7321
7322
7323
7324
7325
7326
7327
7328
7329
7330
7331
7332
7333
7334
7335
7336
7337
7338
7339
7340
7341
7342
7343
7344
7345
7346
7347
7348
7349
7350
7351
7352
7353
7354
7355
7356
7357
7359
7360
7361
7362
7364
7365
7366
7367
7368
7369
7370
7371
7372
7373
7374
7375
7376
7377
7378
7379
7380
7381
7382
7383
7384
7385
7386
7387
7388
7389
7390
7391
7392
7393
7394
7395
7396
7397
7398
7399
7400
7401
7402
7403
7404
7405
7406
7407
7408
7409
7410
7411
7412
7413
7414
7415
7416
7417
7418
7419
7420
7421
7422
7423
7424
7425
7426
7427
7428
7429
7430
7431
7432
7433
7434
7435
7436
7437
7438
7439
7440
7441
7442
7443
7444
7445
7446
7447
7449
7450
7451
7452
7455
7456
7457
7458
7459
7461
7462
7464
7465
7466
7467
7468
7470
7471
7473
7474
7475
7476
7477
7479
7480
7482
7483
7484
7485
7486
7488
7489
7491
7492
7493
7494
7495
7497
7498
7500
7501
7502
7503
7504
7506
7507
7509
7510
7511
7512
7513
7515
7516
7518
7519
7520
7521
7522
7524
7525
7527
7528
7529
7530
7531
7533
7534
7536
7537
7538
7540
7542
7543
7545
7546
7547
7548
7549
7550
7551
7552
7553
7554
7555
7556
7557
7558
7559
7560
7561
7562
7563
7564
7565
7566
7567
7568
7569
7570
7571
7572
7573
7574
7575
7576
7577
7578
7579
7580
7581
7582
7583
7584
7585
7586
7587
7588
7589
7590
7591
7592
7593
7594
7595
7596
7597
7598
7599
7600
7601
7602
7603
7604
7605
7606
7607
7608
7609
7611
7612
7613
7616
7617
7618
7619
7621
7623
7624
7625
7626
7628
7630
7631
7632
7633
7635
7637
7638
7639
7640
7642
7644
7645
7646
7647
7649
7651
7652
7653
7654
7656
7658
7659
7660
7661
7663
7665
7666
7667
7668
7670
7672
7673
7674
7675
7677
7679
7680
7682
7684
7687
7688
7690
7692
7693
7695
7697
7698
7700
7702
7703
7705
7707
7708
7710
7712
7713
7715
7717
7718
7720
7722
7723
7725
7727
7728
7730
7732
7735
7738
7739
7741
7743
7744
7746
7748
7749
7751
7753
7754
7756
7758
7759
7761
7763
7764
7766
7768
7769
7771
7773
7774
7776
7778
7779
7781
7783
7786
7787
7790
7791
7792
7794
7795
7797
7798
7799
7801
7802
7804
7805
7806
7808
7809
7811
7812
7813
7815
7816
7818
7819
7820
7822
7823
7825
7826
7827
7829
7830
7832
7833
7834
7836
7837
7839
7840
7841
7843
7844
7846
7847
7848
7850
7851
7853
7854
7857
7860
7861
7863
7865
7866
7868
7870
7871
7873
7875
7876
7878
7880
7881
7883
7885
7886
7888
7890
7891
7893
7895
7896
7898
7900
7901
7903
7905
7908
7909
7911
7912
7913
7914
7915
7916
7917
7918
7919
7920
7921
7922
7923
7924
7925
7926
7927
7928
7929
7930
7931
7932
7933
7934
7935
7936
7937
7938
7939
7940
7941
7942
7943
7944
7945
7946
7947
7948
7949
7950
7951
7952
7953
7954
7955
7956
7958
7959
7961
7962
7963
7964
7965
7966
7967
7968
7969
7970
7971
7972
7973
7974
7975
7976
7977
7978
7979
7980
7981
7982
7983
7984
7985
7986
7987
7988
7990
7993
7994
7996
7998
7999
8001
8003
8004
8006
8008
8009
8011
8013
8014
8016
8018
8019
8021
8023
8024
8026
8028
8029
8031
8033
8034
8036
8038
7038
7045
7048
7054
7057
7063
7066
7072
7075
7081
7084
7090
7093
7099
7102
7108
7111
7117
7120
7126
7129
7136
7139
7145
7148
7154
7157
7163
7166
7172
7175
7181
7184
7190
7193
7199
7202
7208
7211
7217
7453
7460
7463
7469
7472
7478
7481
7487
7490
7496
7499
7505
7508
7514
7517
7523
7526
7532
7535
7541
7614
7620
7622
7627
7629
7634
7636
7641
7643
7648
7650
7655
7657
7662
7664
7669
7671
7676
7678
7683
7685
7689
7691
7694
7696
7699
7701
7704
7706
7709
7711
7714
7716
7719
7721
7724
7726
7729
7731
7734
7736
7740
7742
7745
7747
7750
7752
7755
7757
7760
7762
7765
7767
7770
7772
7775
7777
7780
7782
7784
7788
7793
7796
7800
7803
7807
7810
7814
7817
7821
7824
7828
7831
7835
7838
7842
7845
7849
7852
7856
7858
7862
7864
7867
7869
7872
7874
7877
7879
7882
7884
7887
7889
7892
7894
7897
7899
7902
7904
7907
7991
7995
7997
8000
8002
8005
8007
8010
8012
8015
8017
8020
8022
8025
8027
8030
8032
8035
8037
8040
7039
7124
7130
7215
7220
7287
7291
7358
7363
7448
7454
7539
7544
7610
7615
7681
7686
7733
7737
7785
7789
7855
7859
7906
7910
7957
7960
7989
7992
8039
)


// ************************************************************************* //
