/*--------------------------------*- C++ -*----------------------------------*\
| =========                 |                                                 |
| \\      /  F ield         | OpenFOAM: The Open Source CFD Toolbox           |
|  \\    /   O peration     | Version:  2412                                  |
|   \\  /    A nd           | Website:  www.openfoam.com                      |
|    \\/     M anipulation  |                                                 |
\*---------------------------------------------------------------------------*/
FoamFile
{
    version     2.0;
    format      ascii;
    arch        "LSB;label=32;scalar=64";
    note        "nPoints:143  nCells:450  nFaces:1005  nInternalFaces:795";
    class       labelList;
    location    "constant/heater_1/polyMesh";
    object      neighbour;
}
// * * * * * * * * * * * * * * * * * * * * * * * * * * * * * * * * * * * * * //


795
(
2
242
2
3
62
241
60
5
245
5
6
65
244
63
8
248
8
9
68
247
66
11
251
11
12
71
250
69
14
254
14
15
74
253
72
17
257
17
18
77
256
75
20
260
20
21
80
259
78
23
263
23
24
83
262
81
26
266
26
27
86
265
84
29
269
29
89
268
87
32
90
32
33
92
272
270
35
93
35
36
95
275
273
38
96
38
39
98
278
276
41
99
41
42
101
281
279
44
102
44
45
104
284
282
47
105
47
48
107
287
285
50
108
50
51
110
290
288
53
111
53
54
113
293
291
56
114
56
57
116
296
294
59
117
59
119
299
297
62
330
62
63
331
361
362
65
333
65
66
334
364
365
68
336
68
69
337
367
368
71
339
71
72
340
370
371
74
342
74
75
343
373
374
77
345
77
78
346
376
377
80
348
80
81
349
379
380
83
351
83
84
352
382
383
86
354
86
87
355
385
386
89
357
89
358
388
389
92
302
92
93
301
361
360
95
305
95
96
304
364
363
98
308
98
99
307
367
366
101
311
101
102
310
370
369
104
314
104
105
313
373
372
107
317
107
108
316
376
375
110
320
110
111
319
379
378
113
323
113
114
322
382
381
116
326
116
117
325
385
384
119
329
119
328
388
387
122
272
390
122
123
211
391
210
271
125
275
393
125
126
214
394
213
274
128
278
396
128
129
217
397
216
277
131
281
399
131
132
220
400
219
280
134
284
402
134
135
223
403
222
283
137
287
405
137
138
226
406
225
286
140
290
408
140
141
229
409
228
289
143
293
411
143
144
232
412
231
292
146
296
414
146
147
235
415
234
295
149
299
417
149
238
418
237
298
152
422
152
153
181
421
180
155
425
155
156
184
424
183
158
428
158
159
187
427
186
161
431
161
162
190
430
189
164
434
164
165
193
433
192
167
437
167
168
196
436
195
170
440
170
171
199
439
198
173
443
173
174
202
442
201
176
446
176
177
205
445
204
179
449
179
208
448
207
182
240
182
183
391
241
392
185
243
185
186
394
244
395
188
246
188
189
397
247
398
191
249
191
192
400
250
401
194
252
194
195
403
253
404
197
255
197
198
406
256
407
200
258
200
201
409
259
410
203
261
203
204
412
262
413
206
264
206
207
415
265
416
209
267
209
418
268
419
212
212
213
421
420
215
215
216
424
423
218
218
219
427
426
221
221
222
430
429
224
224
225
433
432
227
227
228
436
435
230
230
231
439
438
233
233
234
442
441
236
236
237
445
444
239
239
448
447
242
242
243
245
245
246
248
248
249
251
251
252
254
254
255
257
257
258
260
260
261
263
263
264
266
266
267
269
269
272
272
273
275
275
276
278
278
279
281
281
282
284
284
285
287
287
288
290
290
291
293
293
294
296
296
297
299
299
302
332
302
303
331
305
335
305
306
334
308
338
308
309
337
311
341
311
312
340
314
344
314
315
343
317
347
317
318
346
320
350
320
321
349
323
353
323
324
352
326
356
326
327
355
329
359
329
358
332
332
333
335
335
336
338
338
339
341
341
342
344
344
345
347
347
348
350
350
351
353
353
354
356
356
357
359
359
362
390
362
363
392
365
393
365
366
395
368
396
368
369
398
371
399
371
372
401
374
402
374
375
404
377
405
377
378
407
380
408
380
381
410
383
411
383
384
413
386
414
386
387
416
389
417
389
419
392
392
393
395
395
396
398
398
399
401
401
402
404
404
405
407
407
408
410
410
411
413
413
414
416
416
417
419
419
422
422
423
425
425
426
428
428
429
431
431
432
434
434
435
437
437
438
440
440
441
443
443
444
446
446
447
449
449
)


// ************************************************************************* //
