/*--------------------------------*- C++ -*----------------------------------*\
| =========                 |                                                 |
| \\      /  F ield         | OpenFOAM: The Open Source CFD Toolbox           |
|  \\    /   O peration     | Version:  2412                                  |
|   \\  /    A nd           | Website:  www.openfoam.com                      |
|    \\/     M anipulation  |                                                 |
\*---------------------------------------------------------------------------*/
FoamFile
{
    version     2.0;
    format      ascii;
    arch        "LSB;label=32;scalar=64";
    class       vectorField;
    location    "constant/heater_1/polyMesh";
    object      points;
}
// * * * * * * * * * * * * * * * * * * * * * * * * * * * * * * * * * * * * * //


143
(
(0.05 0.3325 0)
(0.05 0.3325 0.39)
(0.045905778 0.34374878 0)
(0.035538843 0.34973414 0)
(0.02375 0.34765544 0)
(0.016055379 0.33848535 0)
(0.016055379 0.32651465 0)
(0.02375 0.31734456 0)
(0.035538843 0.31526586 0)
(0.045905778 0.32125122 0)
(0.05 0.3325 0.039)
(0.05 0.3325 0.078)
(0.05 0.3325 0.117)
(0.05 0.3325 0.156)
(0.05 0.3325 0.195)
(0.05 0.3325 0.234)
(0.05 0.3325 0.273)
(0.05 0.3325 0.312)
(0.05 0.3325 0.351)
(0.045905778 0.34374878 0.39)
(0.035538843 0.34973414 0.39)
(0.02375 0.34765544 0.39)
(0.016055379 0.33848535 0.39)
(0.016055379 0.32651465 0.39)
(0.02375 0.31734456 0.39)
(0.035538843 0.31526586 0.39)
(0.045905778 0.32125122 0.39)
(0.028177157 0.33678462 0)
(0.035983319 0.32751521 0)
(0.02592668 0.32698504 0)
(0.038817632 0.33780173 0)
(0.045905778 0.34374878 0.039)
(0.045905778 0.34374878 0.078)
(0.045905778 0.34374878 0.117)
(0.045905778 0.34374878 0.156)
(0.045905778 0.34374878 0.195)
(0.045905778 0.34374878 0.234)
(0.045905778 0.34374878 0.273)
(0.045905778 0.34374878 0.312)
(0.045905778 0.34374878 0.351)
(0.035538843 0.34973414 0.039)
(0.035538843 0.34973414 0.078)
(0.035538843 0.34973414 0.117)
(0.035538843 0.34973414 0.156)
(0.035538843 0.34973414 0.195)
(0.035538843 0.34973414 0.234)
(0.035538843 0.34973414 0.273)
(0.035538843 0.34973414 0.312)
(0.035538843 0.34973414 0.351)
(0.02375 0.34765544 0.039)
(0.02375 0.34765544 0.078)
(0.02375 0.34765544 0.117)
(0.02375 0.34765544 0.156)
(0.02375 0.34765544 0.195)
(0.02375 0.34765544 0.234)
(0.02375 0.34765544 0.273)
(0.02375 0.34765544 0.312)
(0.02375 0.34765544 0.351)
(0.016055379 0.33848535 0.039)
(0.016055379 0.33848535 0.078)
(0.016055379 0.33848535 0.117)
(0.016055379 0.33848535 0.156)
(0.016055379 0.33848535 0.195)
(0.016055379 0.33848535 0.234)
(0.016055379 0.33848535 0.273)
(0.016055379 0.33848535 0.312)
(0.016055379 0.33848535 0.351)
(0.016055379 0.32651465 0.039)
(0.016055379 0.32651465 0.078)
(0.016055379 0.32651465 0.117)
(0.016055379 0.32651465 0.156)
(0.016055379 0.32651465 0.195)
(0.016055379 0.32651465 0.234)
(0.016055379 0.32651465 0.273)
(0.016055379 0.32651465 0.312)
(0.016055379 0.32651465 0.351)
(0.02375 0.31734456 0.039)
(0.02375 0.31734456 0.078)
(0.02375 0.31734456 0.117)
(0.02375 0.31734456 0.156)
(0.02375 0.31734456 0.195)
(0.02375 0.31734456 0.234)
(0.02375 0.31734456 0.273)
(0.02375 0.31734456 0.312)
(0.02375 0.31734456 0.351)
(0.035538843 0.31526586 0.039)
(0.035538843 0.31526586 0.078)
(0.035538843 0.31526586 0.117)
(0.035538843 0.31526586 0.156)
(0.035538843 0.31526586 0.195)
(0.035538843 0.31526586 0.234)
(0.035538843 0.31526586 0.273)
(0.035538843 0.31526586 0.312)
(0.035538843 0.31526586 0.351)
(0.045905778 0.32125122 0.039)
(0.045905778 0.32125122 0.078)
(0.045905778 0.32125122 0.117)
(0.045905778 0.32125122 0.156)
(0.045905778 0.32125122 0.195)
(0.045905778 0.32125122 0.234)
(0.045905778 0.32125122 0.273)
(0.045905778 0.32125122 0.312)
(0.045905778 0.32125122 0.351)
(0.028177157 0.33678462 0.39)
(0.035983319 0.32751521 0.39)
(0.02592668 0.32698504 0.39)
(0.038817632 0.33780173 0.39)
(0.028177157 0.33678462 0.039)
(0.028177157 0.33678462 0.078)
(0.028177157 0.33678462 0.117)
(0.028177157 0.33678462 0.156)
(0.028177157 0.33678462 0.195)
(0.028177157 0.33678462 0.234)
(0.028177157 0.33678462 0.273)
(0.028177157 0.33678462 0.312)
(0.028177157 0.33678462 0.351)
(0.035983319 0.32751521 0.039)
(0.035983319 0.32751521 0.078)
(0.035983319 0.32751521 0.117)
(0.035983319 0.32751521 0.156)
(0.035983319 0.32751521 0.195)
(0.035983319 0.32751521 0.234)
(0.035983319 0.32751521 0.273)
(0.035983319 0.32751521 0.312)
(0.035983319 0.32751521 0.351)
(0.02592668 0.32698504 0.039)
(0.02592668 0.32698504 0.078)
(0.02592668 0.32698504 0.117)
(0.02592668 0.32698504 0.156)
(0.02592668 0.32698504 0.195)
(0.02592668 0.32698504 0.234)
(0.02592668 0.32698504 0.273)
(0.02592668 0.32698504 0.312)
(0.02592668 0.32698504 0.351)
(0.038817632 0.33780173 0.039)
(0.038817632 0.33780173 0.078)
(0.038817632 0.33780173 0.117)
(0.038817632 0.33780173 0.156)
(0.038817632 0.33780173 0.195)
(0.038817632 0.33780173 0.234)
(0.038817632 0.33780173 0.273)
(0.038817632 0.33780173 0.312)
(0.038817632 0.33780173 0.351)
)


// ************************************************************************* //
