/*--------------------------------*- C++ -*----------------------------------*\
| =========                 |                                                 |
| \\      /  F ield         | OpenFOAM: The Open Source CFD Toolbox           |
|  \\    /   O peration     | Version:  2412                                  |
|   \\  /    A nd           | Website:  www.openfoam.com                      |
|    \\/     M anipulation  |                                                 |
\*---------------------------------------------------------------------------*/
FoamFile
{
    version     2.0;
    format      ascii;
    arch        "LSB;label=32;scalar=64";
    class       faceList;
    location    "constant/heater_2/polyMesh";
    object      faces;
}
// * * * * * * * * * * * * * * * * * * * * * * * * * * * * * * * * * * * * * //


1005
(
3(0 29 116)
3(0 116 28)
3(29 28 116)
3(10 116 29)
3(125 116 10)
3(125 10 29)
3(125 29 116)
3(10 116 0)
3(29 10 0)
3(10 125 117)
3(10 117 116)
3(125 116 117)
3(11 117 125)
3(126 117 11)
3(126 11 125)
3(126 125 117)
3(11 117 10)
3(125 11 10)
3(11 126 118)
3(11 118 117)
3(126 117 118)
3(12 118 126)
3(127 118 12)
3(127 12 126)
3(127 126 118)
3(12 118 11)
3(126 12 11)
3(12 127 119)
3(12 119 118)
3(127 118 119)
3(13 119 127)
3(128 119 13)
3(128 13 127)
3(128 127 119)
3(13 119 12)
3(127 13 12)
3(13 128 120)
3(13 120 119)
3(128 119 120)
3(14 120 128)
3(129 120 14)
3(129 14 128)
3(129 128 120)
3(14 120 13)
3(128 14 13)
3(14 129 121)
3(14 121 120)
3(129 120 121)
3(15 121 129)
3(130 121 15)
3(130 15 129)
3(130 129 121)
3(15 121 14)
3(129 15 14)
3(15 130 122)
3(15 122 121)
3(130 121 122)
3(16 122 130)
3(131 122 16)
3(131 16 130)
3(131 130 122)
3(16 122 15)
3(130 16 15)
3(16 131 123)
3(16 123 122)
3(131 122 123)
3(17 123 131)
3(132 123 17)
3(132 17 131)
3(132 131 123)
3(17 123 16)
3(131 17 16)
3(17 132 124)
3(17 124 123)
3(132 123 124)
3(18 124 132)
3(133 124 18)
3(133 18 132)
3(133 132 124)
3(18 124 17)
3(132 18 17)
3(18 133 104)
3(18 104 124)
3(133 124 104)
3(1 104 133)
3(105 1 133)
3(105 133 104)
3(1 104 18)
3(133 1 18)
3(0 28 94)
3(28 9 94)
3(116 0 94)
3(116 94 10)
3(28 94 116)
3(10 116 95)
3(116 94 95)
3(117 10 95)
3(117 95 11)
3(116 95 117)
3(11 117 96)
3(117 95 96)
3(118 11 96)
3(118 96 12)
3(117 96 118)
3(12 118 97)
3(118 96 97)
3(119 12 97)
3(119 97 13)
3(118 97 119)
3(13 119 98)
3(119 97 98)
3(120 13 98)
3(120 98 14)
3(119 98 120)
3(14 120 99)
3(120 98 99)
3(121 14 99)
3(121 99 15)
3(120 99 121)
3(15 121 100)
3(121 99 100)
3(122 15 100)
3(122 100 16)
3(121 100 122)
3(16 122 101)
3(122 100 101)
3(123 16 101)
3(123 101 17)
3(122 101 123)
3(17 123 102)
3(123 101 102)
3(124 17 102)
3(124 102 18)
3(123 102 124)
3(18 124 26)
3(124 102 26)
3(104 18 26)
3(124 26 104)
3(5 30 107)
3(5 107 27)
3(30 27 107)
3(58 107 30)
3(134 107 58)
3(134 58 30)
3(134 30 107)
3(30 58 5)
3(58 107 5)
3(58 134 108)
3(58 108 107)
3(134 107 108)
3(59 108 134)
3(135 108 59)
3(135 59 134)
3(135 134 108)
3(134 59 58)
3(59 108 58)
3(59 135 109)
3(59 109 108)
3(135 108 109)
3(60 109 135)
3(136 109 60)
3(136 60 135)
3(136 135 109)
3(135 60 59)
3(60 109 59)
3(60 136 110)
3(60 110 109)
3(136 109 110)
3(61 110 136)
3(137 110 61)
3(137 61 136)
3(137 136 110)
3(136 61 60)
3(61 110 60)
3(61 137 111)
3(61 111 110)
3(137 110 111)
3(62 111 137)
3(138 111 62)
3(138 62 137)
3(138 137 111)
3(137 62 61)
3(62 111 61)
3(62 138 112)
3(62 112 111)
3(138 111 112)
3(63 112 138)
3(139 112 63)
3(139 63 138)
3(139 138 112)
3(138 63 62)
3(63 112 62)
3(63 139 113)
3(63 113 112)
3(139 112 113)
3(64 113 139)
3(140 113 64)
3(140 64 139)
3(140 139 113)
3(139 64 63)
3(64 113 63)
3(64 140 114)
3(64 114 113)
3(140 113 114)
3(65 114 140)
3(141 114 65)
3(141 65 140)
3(141 140 114)
3(140 65 64)
3(65 114 64)
3(65 141 115)
3(65 115 114)
3(141 114 115)
3(66 115 141)
3(142 115 66)
3(142 66 141)
3(142 141 115)
3(141 66 65)
3(66 115 65)
3(66 142 103)
3(66 103 115)
3(142 115 103)
3(22 103 142)
3(106 22 142)
3(106 142 103)
3(142 22 66)
3(22 103 66)
3(8 30 76)
3(30 7 76)
3(85 76 30)
3(134 76 85)
3(134 85 30)
3(134 30 76)
3(30 85 8)
3(85 134 77)
3(134 76 77)
3(86 77 134)
3(135 77 86)
3(135 86 134)
3(135 134 77)
3(134 86 85)
3(86 135 78)
3(135 77 78)
3(87 78 135)
3(136 78 87)
3(136 87 135)
3(136 135 78)
3(135 87 86)
3(87 136 79)
3(136 78 79)
3(88 79 136)
3(137 79 88)
3(137 88 136)
3(137 136 79)
3(136 88 87)
3(88 137 80)
3(137 79 80)
3(89 80 137)
3(138 80 89)
3(138 89 137)
3(138 137 80)
3(137 89 88)
3(89 138 81)
3(138 80 81)
3(90 81 138)
3(139 81 90)
3(139 90 138)
3(139 138 81)
3(138 90 89)
3(90 139 82)
3(139 81 82)
3(91 82 139)
3(140 82 91)
3(140 91 139)
3(140 139 82)
3(139 91 90)
3(91 140 83)
3(140 82 83)
3(92 83 140)
3(141 83 92)
3(141 92 140)
3(141 140 83)
3(140 92 91)
3(92 141 84)
3(141 83 84)
3(93 84 141)
3(142 84 93)
3(142 93 141)
3(142 141 84)
3(141 93 92)
3(93 142 24)
3(142 84 24)
3(25 24 142)
3(106 25 142)
3(106 142 24)
3(142 25 93)
3(27 29 49)
3(29 4 49)
3(27 49 4)
3(107 49 29)
3(125 49 107)
3(125 29 49)
3(125 107 29)
3(107 49 27)
3(29 107 27)
3(107 125 50)
3(125 49 50)
3(107 50 49)
3(108 50 125)
3(126 50 108)
3(126 125 50)
3(126 108 125)
3(108 50 107)
3(125 108 107)
3(108 126 51)
3(126 50 51)
3(108 51 50)
3(109 51 126)
3(127 51 109)
3(127 126 51)
3(127 109 126)
3(109 51 108)
3(126 109 108)
3(109 127 52)
3(127 51 52)
3(109 52 51)
3(110 52 127)
3(128 52 110)
3(128 127 52)
3(128 110 127)
3(110 52 109)
3(127 110 109)
3(110 128 53)
3(128 52 53)
3(110 53 52)
3(111 53 128)
3(129 53 111)
3(129 128 53)
3(129 111 128)
3(111 53 110)
3(128 111 110)
3(111 129 54)
3(129 53 54)
3(111 54 53)
3(112 54 129)
3(130 54 112)
3(130 129 54)
3(130 112 129)
3(112 54 111)
3(129 112 111)
3(112 130 55)
3(130 54 55)
3(112 55 54)
3(113 55 130)
3(131 55 113)
3(131 130 55)
3(131 113 130)
3(113 55 112)
3(130 113 112)
3(113 131 56)
3(131 55 56)
3(113 56 55)
3(114 56 131)
3(132 56 114)
3(132 131 56)
3(132 114 131)
3(114 56 113)
3(131 114 113)
3(114 132 57)
3(132 56 57)
3(114 57 56)
3(115 57 132)
3(133 57 115)
3(133 132 57)
3(133 115 132)
3(115 57 114)
3(132 115 114)
3(115 133 21)
3(133 57 21)
3(115 21 57)
3(103 21 133)
3(105 133 21)
3(105 103 133)
3(103 21 115)
3(133 103 115)
3(28 30 85)
3(28 85 8)
3(116 85 30)
3(134 85 116)
3(134 116 30)
3(116 85 28)
3(30 116 28)
3(116 134 86)
3(116 86 85)
3(117 86 134)
3(135 86 117)
3(135 117 134)
3(117 86 116)
3(134 117 116)
3(117 135 87)
3(117 87 86)
3(118 87 135)
3(136 87 118)
3(136 118 135)
3(118 87 117)
3(135 118 117)
3(118 136 88)
3(118 88 87)
3(119 88 136)
3(137 88 119)
3(137 119 136)
3(119 88 118)
3(136 119 118)
3(119 137 89)
3(119 89 88)
3(120 89 137)
3(138 89 120)
3(138 120 137)
3(120 89 119)
3(137 120 119)
3(120 138 90)
3(120 90 89)
3(121 90 138)
3(139 90 121)
3(139 121 138)
3(121 90 120)
3(138 121 120)
3(121 139 91)
3(121 91 90)
3(122 91 139)
3(140 91 122)
3(140 122 139)
3(122 91 121)
3(139 122 121)
3(122 140 92)
3(122 92 91)
3(123 92 140)
3(141 92 123)
3(141 123 140)
3(123 92 122)
3(140 123 122)
3(123 141 93)
3(123 93 92)
3(124 93 141)
3(142 93 124)
3(142 124 141)
3(124 93 123)
3(141 124 123)
3(124 142 25)
3(124 25 93)
3(104 25 142)
3(106 104 142)
3(104 25 124)
3(142 104 124)
3(4 29 40)
3(29 3 40)
3(49 40 29)
3(125 40 49)
3(125 29 40)
3(49 125 41)
3(125 40 41)
3(50 41 125)
3(126 41 50)
3(126 125 41)
3(50 126 42)
3(126 41 42)
3(51 42 126)
3(127 42 51)
3(127 126 42)
3(51 127 43)
3(127 42 43)
3(52 43 127)
3(128 43 52)
3(128 127 43)
3(52 128 44)
3(128 43 44)
3(53 44 128)
3(129 44 53)
3(129 128 44)
3(53 129 45)
3(129 44 45)
3(54 45 129)
3(130 45 54)
3(130 129 45)
3(54 130 46)
3(130 45 46)
3(55 46 130)
3(131 46 55)
3(131 130 46)
3(55 131 47)
3(131 46 47)
3(56 47 131)
3(132 47 56)
3(132 131 47)
3(56 132 48)
3(132 47 48)
3(57 48 132)
3(133 48 57)
3(133 132 48)
3(57 133 20)
3(133 48 20)
3(21 20 133)
3(105 133 20)
3(6 30 58)
3(67 58 30)
3(134 58 67)
3(134 67 30)
3(30 67 6)
3(67 134 59)
3(68 59 134)
3(135 59 68)
3(135 68 134)
3(134 68 67)
3(68 135 60)
3(69 60 135)
3(136 60 69)
3(136 69 135)
3(135 69 68)
3(69 136 61)
3(70 61 136)
3(137 61 70)
3(137 70 136)
3(136 70 69)
3(70 137 62)
3(71 62 137)
3(138 62 71)
3(138 71 137)
3(137 71 70)
3(71 138 63)
3(72 63 138)
3(139 63 72)
3(139 72 138)
3(138 72 71)
3(72 139 64)
3(73 64 139)
3(140 64 73)
3(140 73 139)
3(139 73 72)
3(73 140 65)
3(74 65 140)
3(141 65 74)
3(141 74 140)
3(140 74 73)
3(74 141 66)
3(75 66 141)
3(142 66 75)
3(142 75 141)
3(141 75 74)
3(75 142 22)
3(23 22 142)
3(106 23 142)
3(142 23 75)
3(2 29 10)
3(31 10 29)
3(125 10 31)
3(125 31 29)
3(29 31 2)
3(31 125 11)
3(32 11 125)
3(126 11 32)
3(126 32 125)
3(125 32 31)
3(32 126 12)
3(33 12 126)
3(127 12 33)
3(127 33 126)
3(126 33 32)
3(33 127 13)
3(34 13 127)
3(128 13 34)
3(128 34 127)
3(127 34 33)
3(34 128 14)
3(35 14 128)
3(129 14 35)
3(129 35 128)
3(128 35 34)
3(35 129 15)
3(36 15 129)
3(130 15 36)
3(130 36 129)
3(129 36 35)
3(36 130 16)
3(37 16 130)
3(131 16 37)
3(131 37 130)
3(130 37 36)
3(37 131 17)
3(38 17 131)
3(132 17 38)
3(132 38 131)
3(131 38 37)
3(38 132 18)
3(39 18 132)
3(133 18 39)
3(133 39 132)
3(132 39 38)
3(39 133 1)
3(19 1 133)
3(105 19 133)
3(133 19 39)
3(9 28 85)
3(94 85 28)
3(116 85 94)
3(94 116 86)
3(95 86 116)
3(117 86 95)
3(95 117 87)
3(96 87 117)
3(118 87 96)
3(96 118 88)
3(97 88 118)
3(119 88 97)
3(97 119 89)
3(98 89 119)
3(120 89 98)
3(98 120 90)
3(99 90 120)
3(121 90 99)
3(99 121 91)
3(100 91 121)
3(122 91 100)
3(100 122 92)
3(101 92 122)
3(123 92 101)
3(101 123 93)
3(102 93 123)
3(124 93 102)
3(102 124 25)
3(26 25 124)
3(5 27 49)
3(107 5 49)
3(107 49 58)
3(58 107 50)
3(108 58 50)
3(108 50 59)
3(59 108 51)
3(109 59 51)
3(109 51 60)
3(60 109 52)
3(110 60 52)
3(110 52 61)
3(61 110 53)
3(111 61 53)
3(111 53 62)
3(62 111 54)
3(112 62 54)
3(112 54 63)
3(63 112 55)
3(113 63 55)
3(113 55 64)
3(64 113 56)
3(114 64 56)
3(114 56 65)
3(65 114 57)
3(115 65 57)
3(115 57 66)
3(66 115 21)
3(103 66 21)
3(28 29 107)
3(28 107 27)
3(116 107 29)
3(125 107 116)
3(116 107 28)
3(116 125 108)
3(116 108 107)
3(117 108 125)
3(126 108 117)
3(117 108 116)
3(117 126 109)
3(117 109 108)
3(118 109 126)
3(127 109 118)
3(118 109 117)
3(118 127 110)
3(118 110 109)
3(119 110 127)
3(128 110 119)
3(119 110 118)
3(119 128 111)
3(119 111 110)
3(120 111 128)
3(129 111 120)
3(120 111 119)
3(120 129 112)
3(120 112 111)
3(121 112 129)
3(130 112 121)
3(121 112 120)
3(121 130 113)
3(121 113 112)
3(122 113 130)
3(131 113 122)
3(122 113 121)
3(122 131 114)
3(122 114 113)
3(123 114 131)
3(132 114 123)
3(123 114 122)
3(123 132 115)
3(123 115 114)
3(124 115 132)
3(133 115 124)
3(124 115 123)
3(124 133 103)
3(124 103 115)
3(104 103 133)
3(104 103 124)
3(30 28 107)
3(107 116 30)
3(134 116 107)
3(134 116 108)
3(108 117 134)
3(135 117 108)
3(135 117 109)
3(109 118 135)
3(136 118 109)
3(136 118 110)
3(110 119 136)
3(137 119 110)
3(137 119 111)
3(111 120 137)
3(138 120 111)
3(138 120 112)
3(112 121 138)
3(139 121 112)
3(139 121 113)
3(113 122 139)
3(140 122 113)
3(140 122 114)
3(114 123 140)
3(141 123 114)
3(141 123 115)
3(115 124 141)
3(142 124 115)
3(142 124 103)
3(103 104 142)
3(3 29 31)
3(40 31 29)
3(125 31 40)
3(40 125 32)
3(41 32 125)
3(126 32 41)
3(41 126 33)
3(42 33 126)
3(127 33 42)
3(42 127 34)
3(43 34 127)
3(128 34 43)
3(43 128 35)
3(44 35 128)
3(129 35 44)
3(44 129 36)
3(45 36 129)
3(130 36 45)
3(45 130 37)
3(46 37 130)
3(131 37 46)
3(46 131 38)
3(47 38 131)
3(132 38 47)
3(47 132 39)
3(48 39 132)
3(133 39 48)
3(48 133 19)
3(20 19 133)
3(7 30 67)
3(76 67 30)
3(134 67 76)
3(76 134 68)
3(77 68 134)
3(135 68 77)
3(77 135 69)
3(78 69 135)
3(136 69 78)
3(78 136 70)
3(79 70 136)
3(137 70 79)
3(79 137 71)
3(80 71 137)
3(138 71 80)
3(80 138 72)
3(81 72 138)
3(139 72 81)
3(81 139 73)
3(82 73 139)
3(140 73 82)
3(82 140 74)
3(83 74 140)
3(141 74 83)
3(83 141 75)
3(84 75 141)
3(142 75 84)
3(84 142 23)
3(24 23 142)
3(0 28 29)
3(105 104 1)
3(0 9 28)
3(104 26 1)
3(5 27 30)
3(106 103 22)
3(8 7 30)
3(106 24 25)
3(27 4 29)
3(105 21 103)
3(28 8 30)
3(106 25 104)
3(4 3 29)
3(105 20 21)
3(6 5 30)
3(106 22 23)
3(2 0 29)
3(105 1 19)
3(9 8 28)
3(104 25 26)
3(5 4 27)
3(103 21 22)
3(28 27 29)
3(105 103 104)
3(27 28 30)
3(106 104 103)
3(3 2 29)
3(105 19 20)
3(7 6 30)
3(106 23 24)
3(0 94 9)
3(10 94 0)
3(10 95 94)
3(11 95 10)
3(11 96 95)
3(12 96 11)
3(12 97 96)
3(13 97 12)
3(13 98 97)
3(14 98 13)
3(14 99 98)
3(15 99 14)
3(15 100 99)
3(16 100 15)
3(16 101 100)
3(17 101 16)
3(17 102 101)
3(18 102 17)
3(18 26 102)
3(1 26 18)
3(8 76 7)
3(85 76 8)
3(85 77 76)
3(86 77 85)
3(86 78 77)
3(87 78 86)
3(87 79 78)
3(88 79 87)
3(88 80 79)
3(89 80 88)
3(89 81 80)
3(90 81 89)
3(90 82 81)
3(91 82 90)
3(91 83 82)
3(92 83 91)
3(92 84 83)
3(93 84 92)
3(93 24 84)
3(25 24 93)
3(4 40 3)
3(49 40 4)
3(49 41 40)
3(50 41 49)
3(50 42 41)
3(51 42 50)
3(51 43 42)
3(52 43 51)
3(52 44 43)
3(53 44 52)
3(53 45 44)
3(54 45 53)
3(54 46 45)
3(55 46 54)
3(55 47 46)
3(56 47 55)
3(56 48 47)
3(57 48 56)
3(57 20 48)
3(21 20 57)
3(6 58 5)
3(67 58 6)
3(67 59 58)
3(68 59 67)
3(68 60 59)
3(69 60 68)
3(69 61 60)
3(70 61 69)
3(70 62 61)
3(71 62 70)
3(71 63 62)
3(72 63 71)
3(72 64 63)
3(73 64 72)
3(73 65 64)
3(74 65 73)
3(74 66 65)
3(75 66 74)
3(75 22 66)
3(23 22 75)
3(2 10 0)
3(31 10 2)
3(31 11 10)
3(32 11 31)
3(32 12 11)
3(33 12 32)
3(33 13 12)
3(34 13 33)
3(34 14 13)
3(35 14 34)
3(35 15 14)
3(36 15 35)
3(36 16 15)
3(37 16 36)
3(37 17 16)
3(38 17 37)
3(38 18 17)
3(39 18 38)
3(39 1 18)
3(19 1 39)
3(9 85 8)
3(94 85 9)
3(94 86 85)
3(95 86 94)
3(95 87 86)
3(96 87 95)
3(96 88 87)
3(97 88 96)
3(97 89 88)
3(98 89 97)
3(98 90 89)
3(99 90 98)
3(99 91 90)
3(100 91 99)
3(100 92 91)
3(101 92 100)
3(101 93 92)
3(102 93 101)
3(102 25 93)
3(26 25 102)
3(5 49 4)
3(58 49 5)
3(58 50 49)
3(59 50 58)
3(59 51 50)
3(60 51 59)
3(60 52 51)
3(61 52 60)
3(61 53 52)
3(62 53 61)
3(62 54 53)
3(63 54 62)
3(63 55 54)
3(64 55 63)
3(64 56 55)
3(65 56 64)
3(65 57 56)
3(66 57 65)
3(66 21 57)
3(22 21 66)
3(3 31 2)
3(40 31 3)
3(40 32 31)
3(41 32 40)
3(41 33 32)
3(42 33 41)
3(42 34 33)
3(43 34 42)
3(43 35 34)
3(44 35 43)
3(44 36 35)
3(45 36 44)
3(45 37 36)
3(46 37 45)
3(46 38 37)
3(47 38 46)
3(47 39 38)
3(48 39 47)
3(48 19 39)
3(20 19 48)
3(7 67 6)
3(76 67 7)
3(76 68 67)
3(77 68 76)
3(77 69 68)
3(78 69 77)
3(78 70 69)
3(79 70 78)
3(79 71 70)
3(80 71 79)
3(80 72 71)
3(81 72 80)
3(81 73 72)
3(82 73 81)
3(82 74 73)
3(83 74 82)
3(83 75 74)
3(84 75 83)
3(84 23 75)
3(24 23 84)
)


// ************************************************************************* //
