/*--------------------------------*- C++ -*----------------------------------*\
| =========                 |                                                 |
| \\      /  F ield         | OpenFOAM: The Open Source CFD Toolbox           |
|  \\    /   O peration     | Version:  2412                                  |
|   \\  /    A nd           | Website:  www.openfoam.com                      |
|    \\/     M anipulation  |                                                 |
\*---------------------------------------------------------------------------*/
FoamFile
{
    version     2.0;
    format      ascii;
    arch        "LSB;label=32;scalar=64";
    class       labelList;
    location    "constant/heater_2/polyMesh";
    object      faceRegionAddressing;
}
// * * * * * * * * * * * * * * * * * * * * * * * * * * * * * * * * * * * * * //


1005
(
6031
6032
6033
6035
6036
6037
6038
6039
6040
6041
6042
6043
6044
6045
6046
6047
6048
6049
6050
6051
6052
6053
6054
6055
6056
6057
6058
6059
6060
6061
6062
6063
6064
6065
6066
6067
6068
6069
6070
6071
6072
6073
6074
6075
6076
6077
6078
6079
6080
6081
6082
6083
6084
6085
6086
6087
6088
6089
6090
6091
6092
6093
6094
6095
6096
6097
6098
6099
6100
6101
6102
6103
6104
6105
6106
6107
6108
6109
6110
6111
6112
6113
6114
6115
6116
6117
6118
6120
6121
6122
6123
6126
6127
6129
6130
6131
6133
6134
6136
6137
6138
6140
6141
6143
6144
6145
6147
6148
6150
6151
6152
6154
6155
6157
6158
6159
6161
6162
6164
6165
6166
6168
6169
6171
6172
6173
6175
6176
6178
6179
6180
6182
6183
6185
6186
6187
6189
6192
6193
6194
6195
6197
6198
6199
6200
6201
6202
6203
6204
6205
6206
6207
6208
6209
6210
6211
6212
6213
6214
6215
6216
6217
6218
6219
6220
6221
6222
6223
6224
6225
6226
6227
6228
6229
6230
6231
6232
6233
6234
6235
6236
6237
6238
6239
6240
6241
6242
6243
6244
6245
6246
6247
6248
6249
6250
6251
6252
6253
6254
6255
6256
6257
6258
6259
6260
6261
6262
6263
6264
6265
6266
6267
6268
6269
6270
6271
6272
6273
6274
6275
6276
6277
6278
6279
6280
6282
6283
6284
6285
6288
6289
6290
6291
6292
6294
6295
6297
6298
6299
6300
6301
6303
6304
6306
6307
6308
6309
6310
6312
6313
6315
6316
6317
6318
6319
6321
6322
6324
6325
6326
6327
6328
6330
6331
6333
6334
6335
6336
6337
6339
6340
6342
6343
6344
6345
6346
6348
6349
6351
6352
6353
6354
6355
6357
6358
6360
6361
6362
6363
6364
6366
6367
6369
6370
6371
6373
6375
6376
6377
6379
6380
6381
6382
6383
6384
6385
6386
6387
6388
6389
6390
6391
6392
6393
6394
6395
6396
6397
6398
6399
6400
6401
6402
6403
6404
6405
6406
6407
6408
6409
6410
6411
6412
6413
6414
6415
6416
6417
6418
6419
6420
6421
6422
6423
6424
6425
6426
6427
6428
6429
6430
6431
6432
6433
6434
6435
6436
6437
6438
6439
6440
6441
6442
6443
6444
6445
6446
6447
6448
6449
6450
6451
6452
6453
6454
6455
6456
6457
6458
6459
6460
6461
6462
6464
6465
6466
6467
6469
6470
6471
6472
6473
6474
6475
6476
6477
6478
6479
6480
6481
6482
6483
6484
6485
6486
6487
6488
6489
6490
6491
6492
6493
6494
6495
6496
6497
6498
6499
6500
6501
6502
6503
6504
6505
6506
6507
6508
6509
6510
6511
6512
6513
6514
6515
6516
6517
6518
6519
6520
6521
6522
6523
6524
6525
6526
6527
6528
6529
6530
6531
6532
6533
6535
6536
6537
6538
6541
6542
6543
6545
6546
6548
6549
6550
6552
6553
6555
6556
6557
6559
6560
6562
6563
6564
6566
6567
6569
6570
6571
6573
6574
6576
6577
6578
6580
6581
6583
6584
6585
6587
6588
6590
6591
6592
6594
6595
6597
6598
6599
6601
6602
6604
6605
6608
6611
6612
6613
6614
6616
6618
6619
6620
6621
6623
6625
6626
6627
6628
6630
6632
6633
6634
6635
6637
6639
6640
6641
6642
6644
6646
6647
6648
6649
6651
6653
6654
6655
6656
6658
6660
6661
6662
6663
6665
6667
6668
6669
6670
6672
6674
6675
6677
6679
6682
6683
6684
6685
6687
6689
6690
6691
6692
6694
6696
6697
6698
6699
6701
6703
6704
6705
6706
6708
6710
6711
6712
6713
6715
6717
6718
6719
6720
6722
6724
6725
6726
6727
6729
6731
6732
6733
6734
6736
6738
6739
6740
6741
6743
6745
6746
6748
6750
6753
6754
6756
6758
6759
6761
6763
6764
6766
6768
6769
6771
6773
6774
6776
6778
6779
6781
6783
6784
6786
6788
6789
6791
6793
6794
6796
6798
6801
6804
6805
6807
6809
6810
6812
6814
6815
6817
6819
6820
6822
6824
6825
6827
6829
6830
6832
6834
6835
6837
6839
6840
6842
6844
6845
6847
6849
6852
6853
6855
6856
6857
6858
6859
6860
6861
6862
6863
6864
6865
6866
6867
6868
6869
6870
6871
6872
6873
6874
6875
6876
6877
6878
6879
6880
6881
6882
6883
6884
6885
6886
6887
6888
6889
6890
6891
6892
6893
6894
6895
6896
6897
6898
6899
6900
6902
6903
6905
6906
6907
6908
6909
6910
6911
6912
6913
6914
6915
6916
6917
6918
6919
6920
6921
6922
6923
6924
6925
6926
6927
6928
6929
6930
6931
6932
6934
6937
6938
6940
6942
6943
6945
6947
6948
6950
6952
6953
6955
6957
6958
6960
6962
6963
6965
6967
6968
6970
6972
6973
6975
6977
6978
6980
6982
6985
6988
6989
6991
6993
6994
6996
6998
6999
7001
7003
7004
7006
7008
7009
7011
7013
7014
7016
7018
7019
7021
7023
7024
7026
7028
7029
7031
7033
6034
6119
6125
6191
6196
6281
6287
6372
6378
6463
6468
6534
6540
6606
6610
6676
6681
6747
6752
6799
6803
6851
6854
6901
6904
6933
6936
6983
6987
7034
6124
6128
6132
6135
6139
6142
6146
6149
6153
6156
6160
6163
6167
6170
6174
6177
6181
6184
6188
6190
6286
6293
6296
6302
6305
6311
6314
6320
6323
6329
6332
6338
6341
6347
6350
6356
6359
6365
6368
6374
6539
6544
6547
6551
6554
6558
6561
6565
6568
6572
6575
6579
6582
6586
6589
6593
6596
6600
6603
6607
6609
6615
6617
6622
6624
6629
6631
6636
6638
6643
6645
6650
6652
6657
6659
6664
6666
6671
6673
6678
6680
6686
6688
6693
6695
6700
6702
6707
6709
6714
6716
6721
6723
6728
6730
6735
6737
6742
6744
6749
6751
6755
6757
6760
6762
6765
6767
6770
6772
6775
6777
6780
6782
6785
6787
6790
6792
6795
6797
6800
6802
6806
6808
6811
6813
6816
6818
6821
6823
6826
6828
6831
6833
6836
6838
6841
6843
6846
6848
6850
6935
6939
6941
6944
6946
6949
6951
6954
6956
6959
6961
6964
6966
6969
6971
6974
6976
6979
6981
6984
6986
6990
6992
6995
6997
7000
7002
7005
7007
7010
7012
7015
7017
7020
7022
7025
7027
7030
7032
7035
)


// ************************************************************************* //
