/*--------------------------------*- C++ -*----------------------------------*\
| =========                 |                                                 |
| \\      /  F ield         | OpenFOAM: The Open Source CFD Toolbox           |
|  \\    /   O peration     | Version:  2412                                  |
|   \\  /    A nd           | Website:  www.openfoam.com                      |
|    \\/     M anipulation  |                                                 |
\*---------------------------------------------------------------------------*/
FoamFile
{
    version     2.0;
    format      ascii;
    arch        "LSB;label=32;scalar=64";
    note        "nPoints:143  nCells:450  nFaces:1005  nInternalFaces:795";
    class       labelList;
    location    "constant/heater_2/polyMesh";
    object      neighbour;
}
// * * * * * * * * * * * * * * * * * * * * * * * * * * * * * * * * * * * * * //


795
(
2
32
332
2
3
241
331
31
240
5
35
335
5
6
244
334
34
243
8
38
338
8
9
247
337
37
246
11
41
341
11
12
250
340
40
249
14
44
344
14
15
253
343
43
252
17
47
347
17
18
256
346
46
255
20
50
350
20
21
259
349
49
258
23
53
353
23
24
262
352
52
261
26
56
356
26
27
265
355
55
264
29
59
359
29
268
358
58
267
32
272
32
33
271
35
275
35
36
274
38
278
38
39
277
41
281
41
42
280
44
284
44
45
283
47
287
47
48
286
50
290
50
51
289
53
293
53
54
292
56
296
56
57
295
59
299
59
298
62
302
360
62
63
211
361
210
301
65
305
363
65
66
214
364
213
304
68
308
366
68
69
217
367
216
307
71
311
369
71
72
220
370
219
310
74
314
372
74
75
223
373
222
313
77
317
375
77
78
226
376
225
316
80
320
378
80
81
229
379
228
319
83
323
381
83
84
232
382
231
322
86
326
384
86
87
235
385
234
325
89
329
387
89
238
388
237
328
92
422
92
93
151
421
150
95
425
95
96
154
424
153
98
428
98
99
157
427
156
101
431
101
102
160
430
159
104
434
104
105
163
433
162
107
437
107
108
166
436
165
110
440
110
111
169
439
168
113
443
113
114
172
442
171
116
446
116
117
175
445
174
119
449
119
178
448
177
122
182
300
122
123
181
331
302
330
125
185
303
125
126
184
334
305
333
128
188
306
128
129
187
337
308
336
131
191
309
131
132
190
340
311
339
134
194
312
134
135
193
343
314
342
137
197
315
137
138
196
346
317
345
140
200
318
140
141
199
349
320
348
143
203
321
143
144
202
352
323
351
146
206
324
146
147
205
355
326
354
149
209
327
149
208
358
329
357
152
270
152
153
361
271
362
155
273
155
156
364
274
365
158
276
158
159
367
277
368
161
279
161
162
370
280
371
164
282
164
165
373
283
374
167
285
167
168
376
286
377
170
288
170
171
379
289
380
173
291
173
174
382
292
383
176
294
176
177
385
295
386
179
297
179
388
298
389
182
392
182
183
391
185
395
185
186
394
188
398
188
189
397
191
401
191
192
400
194
404
194
195
403
197
407
197
198
406
200
410
200
201
409
203
413
203
204
412
206
416
206
207
415
209
419
209
418
212
212
213
421
420
215
215
216
424
423
218
218
219
427
426
221
221
222
430
429
224
224
225
433
432
227
227
228
436
435
230
230
231
439
438
233
233
234
442
441
236
236
237
445
444
239
239
448
447
242
242
243
391
390
245
245
246
394
393
248
248
249
397
396
251
251
252
400
399
254
254
255
403
402
257
257
258
406
405
260
260
261
409
408
263
263
264
412
411
266
266
267
415
414
269
269
418
417
272
272
273
275
275
276
278
278
279
281
281
282
284
284
285
287
287
288
290
290
291
293
293
294
296
296
297
299
299
302
302
303
305
305
306
308
308
309
311
311
312
314
314
315
317
317
318
320
320
321
323
323
324
326
326
327
329
329
332
360
332
333
362
335
363
335
336
365
338
366
338
339
368
341
369
341
342
371
344
372
344
345
374
347
375
347
348
377
350
378
350
351
380
353
381
353
354
383
356
384
356
357
386
359
387
359
389
362
362
363
365
365
366
368
368
369
371
371
372
374
374
375
377
377
378
380
380
381
383
383
384
386
386
387
389
389
392
392
393
395
395
396
398
398
399
401
401
402
404
404
405
407
407
408
410
410
411
413
413
414
416
416
417
419
419
422
422
423
425
425
426
428
428
429
431
431
432
434
434
435
437
437
438
440
440
441
443
443
444
446
446
447
449
449
)


// ************************************************************************* //
