/*--------------------------------*- C++ -*----------------------------------*\
| =========                 |                                                 |
| \\      /  F ield         | OpenFOAM: The Open Source CFD Toolbox           |
|  \\    /   O peration     | Version:  2412                                  |
|   \\  /    A nd           | Website:  www.openfoam.com                      |
|    \\/     M anipulation  |                                                 |
\*---------------------------------------------------------------------------*/
FoamFile
{
    version     2.0;
    format      ascii;
    arch        "LSB;label=32;scalar=64";
    class       vectorField;
    location    "constant/heater_2/polyMesh";
    object      points;
}
// * * * * * * * * * * * * * * * * * * * * * * * * * * * * * * * * * * * * * //


143
(
(0.097 0.3325 0)
(0.097 0.3325 0.39)
(0.092905778 0.34374878 0)
(0.082538843 0.34973414 0)
(0.07075 0.34765544 0)
(0.063055379 0.33848535 0)
(0.063055379 0.32651465 0)
(0.07075 0.31734456 0)
(0.082538843 0.31526586 0)
(0.092905778 0.32125122 0)
(0.097 0.3325 0.039)
(0.097 0.3325 0.078)
(0.097 0.3325 0.117)
(0.097 0.3325 0.156)
(0.097 0.3325 0.195)
(0.097 0.3325 0.234)
(0.097 0.3325 0.273)
(0.097 0.3325 0.312)
(0.097 0.3325 0.351)
(0.092905778 0.34374878 0.39)
(0.082538843 0.34973414 0.39)
(0.07075 0.34765544 0.39)
(0.063055379 0.33848535 0.39)
(0.063055379 0.32651465 0.39)
(0.07075 0.31734456 0.39)
(0.082538843 0.31526586 0.39)
(0.092905778 0.32125122 0.39)
(0.074844222 0.33640666 0)
(0.083993492 0.32872951 0)
(0.083875 0.34007772 0)
(0.072797111 0.32687561 0)
(0.092905778 0.34374878 0.039)
(0.092905778 0.34374878 0.078)
(0.092905778 0.34374878 0.117)
(0.092905778 0.34374878 0.156)
(0.092905778 0.34374878 0.195)
(0.092905778 0.34374878 0.234)
(0.092905778 0.34374878 0.273)
(0.092905778 0.34374878 0.312)
(0.092905778 0.34374878 0.351)
(0.082538843 0.34973414 0.039)
(0.082538843 0.34973414 0.078)
(0.082538843 0.34973414 0.117)
(0.082538843 0.34973414 0.156)
(0.082538843 0.34973414 0.195)
(0.082538843 0.34973414 0.234)
(0.082538843 0.34973414 0.273)
(0.082538843 0.34973414 0.312)
(0.082538843 0.34973414 0.351)
(0.07075 0.34765544 0.039)
(0.07075 0.34765544 0.078)
(0.07075 0.34765544 0.117)
(0.07075 0.34765544 0.156)
(0.07075 0.34765544 0.195)
(0.07075 0.34765544 0.234)
(0.07075 0.34765544 0.273)
(0.07075 0.34765544 0.312)
(0.07075 0.34765544 0.351)
(0.063055379 0.33848535 0.039)
(0.063055379 0.33848535 0.078)
(0.063055379 0.33848535 0.117)
(0.063055379 0.33848535 0.156)
(0.063055379 0.33848535 0.195)
(0.063055379 0.33848535 0.234)
(0.063055379 0.33848535 0.273)
(0.063055379 0.33848535 0.312)
(0.063055379 0.33848535 0.351)
(0.063055379 0.32651465 0.039)
(0.063055379 0.32651465 0.078)
(0.063055379 0.32651465 0.117)
(0.063055379 0.32651465 0.156)
(0.063055379 0.32651465 0.195)
(0.063055379 0.32651465 0.234)
(0.063055379 0.32651465 0.273)
(0.063055379 0.32651465 0.312)
(0.063055379 0.32651465 0.351)
(0.07075 0.31734456 0.039)
(0.07075 0.31734456 0.078)
(0.07075 0.31734456 0.117)
(0.07075 0.31734456 0.156)
(0.07075 0.31734456 0.195)
(0.07075 0.31734456 0.234)
(0.07075 0.31734456 0.273)
(0.07075 0.31734456 0.312)
(0.07075 0.31734456 0.351)
(0.082538843 0.31526586 0.039)
(0.082538843 0.31526586 0.078)
(0.082538843 0.31526586 0.117)
(0.082538843 0.31526586 0.156)
(0.082538843 0.31526586 0.195)
(0.082538843 0.31526586 0.234)
(0.082538843 0.31526586 0.273)
(0.082538843 0.31526586 0.312)
(0.082538843 0.31526586 0.351)
(0.092905778 0.32125122 0.039)
(0.092905778 0.32125122 0.078)
(0.092905778 0.32125122 0.117)
(0.092905778 0.32125122 0.156)
(0.092905778 0.32125122 0.195)
(0.092905778 0.32125122 0.234)
(0.092905778 0.32125122 0.273)
(0.092905778 0.32125122 0.312)
(0.092905778 0.32125122 0.351)
(0.074844222 0.33640666 0.39)
(0.083993492 0.32872951 0.39)
(0.083875 0.34007772 0.39)
(0.072797111 0.32687561 0.39)
(0.074844222 0.33640666 0.039)
(0.074844222 0.33640666 0.078)
(0.074844222 0.33640666 0.117)
(0.074844222 0.33640666 0.156)
(0.074844222 0.33640666 0.195)
(0.074844222 0.33640666 0.234)
(0.074844222 0.33640666 0.273)
(0.074844222 0.33640666 0.312)
(0.074844222 0.33640666 0.351)
(0.083993492 0.32872951 0.039)
(0.083993492 0.32872951 0.078)
(0.083993492 0.32872951 0.117)
(0.083993492 0.32872951 0.156)
(0.083993492 0.32872951 0.195)
(0.083993492 0.32872951 0.234)
(0.083993492 0.32872951 0.273)
(0.083993492 0.32872951 0.312)
(0.083993492 0.32872951 0.351)
(0.083875 0.34007772 0.039)
(0.083875 0.34007772 0.078)
(0.083875 0.34007772 0.117)
(0.083875 0.34007772 0.156)
(0.083875 0.34007772 0.195)
(0.083875 0.34007772 0.234)
(0.083875 0.34007772 0.273)
(0.083875 0.34007772 0.312)
(0.083875 0.34007772 0.351)
(0.072797111 0.32687561 0.039)
(0.072797111 0.32687561 0.078)
(0.072797111 0.32687561 0.117)
(0.072797111 0.32687561 0.156)
(0.072797111 0.32687561 0.195)
(0.072797111 0.32687561 0.234)
(0.072797111 0.32687561 0.273)
(0.072797111 0.32687561 0.312)
(0.072797111 0.32687561 0.351)
)


// ************************************************************************* //
