/*--------------------------------*- C++ -*----------------------------------*\
| =========                 |                                                 |
| \\      /  F ield         | OpenFOAM: The Open Source CFD Toolbox           |
|  \\    /   O peration     | Version:  2412                                  |
|   \\  /    A nd           | Website:  www.openfoam.com                      |
|    \\/     M anipulation  |                                                 |
\*---------------------------------------------------------------------------*/
FoamFile
{
    version     2.0;
    format      ascii;
    arch        "LSB;label=32;scalar=64";
    class       volScalarField;
    location    "0/inner_box";
    object      viewFactorField;
}
// * * * * * * * * * * * * * * * * * * * * * * * * * * * * * * * * * * * * * //

dimensions      [0 0 0 0 0 0 0];

internalField   uniform 0;

boundaryField
{
    inner_box_to_heater_7
    {
        type            calculated;
        value           nonuniform List<scalar> 
180
(
0.97962707
0.92525678
1.0241178
0.97065669
0.99196819
0.89371726
0.90842911
0.82579702
0.91156944
0.88139124
0.94291427
0.86582677
0.88575452
0.84340528
0.89574065
0.93877805
0.93503226
0.972656
0.96865279
0.92439119
0.82146106
0.92464573
0.9553952
0.95704094
0.85853888
0.78434181
0.53571749
0.76380074
0.93113172
0.94573204
0.83528993
0.75873652
0.41342782
0.60118053
0.8185979
0.9280932
0.9579926
0.96131867
0.88517325
0.88501612
0.95334782
0.91749938
0.93520183
0.90515413
0.92913535
0.91282001
0.88741777
0.94700292
0.88030581
1.0435503
0.8819746
1.006347
0.87447691
0.92461617
0.92061176
0.91070197
0.93313862
0.90388305
0.94207685
0.92420628
0.98107396
0.9790904
0.98021894
0.98240293
0.98026449
0.97642663
0.97240824
0.97195399
0.96401813
0.97103587
0.969432
0.96911089
0.97460259
0.97589249
0.99217142
0.98963823
0.98714113
0.98851748
0.98506021
0.99047828
0.99302718
0.95601056
0.94517292
0.91923972
0.96498748
0.98681752
0.91044589
0.93796792
0.84289909
0.9217977
0.84645083
0.92936996
0.9030783
0.98871238
0.96765418
0.96038753
0.9333587
0.90457366
0.96938401
0.98172471
0.97499616
0.99206865
0.97256372
0.99776603
0.96932836
0.99131066
0.96276432
0.99704083
0.95984863
0.99527248
0.96499089
0.99318226
0.96531286
0.99511226
0.97452748
1.0031581
0.9753213
0.99928412
0.97792334
0.99955985
0.97734028
0.96299268
0.88220792
0.81322498
0.92291796
0.96686256
0.92310446
0.96060347
0.89884613
0.95470402
0.90788353
0.95713481
0.92934351
0.97115675
0.9481422
0.91893801
0.82455008
0.77672284
0.93338593
0.97656049
0.99553704
0.98814546
0.99271315
0.99630253
0.99294672
0.99175289
0.97640326
0.99284907
0.9917834
0.99147079
0.99265315
0.99205219
0.99279215
0.99235396
0.99309343
0.99279606
0.99105673
0.98878734
0.99150339
0.99207172
1.0134686
1.0017091
1.0042407
0.99544338
0.99829607
0.98188751
0.97383458
0.96744863
0.97569228
0.97646516
0.98315088
0.96994708
0.97293288
0.97179863
0.99941952
0.99591952
1.0072214
1.0012407
1.0127569
1.0118192
)
;
    }
    inner_box_to_brick_heater
    {
        type            calculated;
        value           nonuniform List<scalar> 
107
(
0.99200882
1.0141904
1.0182565
1.0060443
1.0297618
1.0831815
1.0203708
1.0082283
1.0232295
1.0342943
0.99670356
1.0299086
1.016347
1.0230419
1.0118722
1.0206155
1.0168601
1.0254784
1.0175206
1.0158585
1.0188351
0.99711044
1.004354
1.0208033
1.0244731
1.0042883
1.0254553
1.0308625
1.0241443
1.0590167
1.0030325
1.0014633
1.0028538
1.0243779
1.0313257
0.99967853
1.0332011
1.0824558
1.0351254
1.0124638
1.0380867
1.0207195
1.015539
1.0566249
0.99669401
1.0111585
1.0606545
1.0443438
1.0038254
1.0281888
1.0827998
1.0777296
1.0475862
0.99813326
1.0226963
1.0664353
1.0226055
1.0618181
1.0351498
1.0632635
1.0386915
1.0183455
1.0662719
1.0036913
1.0675286
1.0291574
1.0546018
1.0458445
1.0546016
1.0743894
1.0672749
1.0301536
1.0274639
1.0002402
1.1085314
1.0675462
1.0041988
1.0440928
1.0621869
0.99997521
1.0885766
1.0180634
1.0510438
1.0578057
0.99151408
1.0043883
0.99424525
1.0381617
1.0103156
1.0245811
1.0090712
1.028733
1.0779717
1.0825496
0.99330154
1.0391176
1.0194259
1.109516
1.0455912
0.99526182
1.0856928
1.0351352
1.0203532
0.99395206
1.0126184
0.99583923
0.99434317
)
;
    }
    inner_box_to_steel_cylinder
    {
        type            calculated;
        value           nonuniform List<scalar> 
457
(
0.98818491
0.99178948
0.98793913
0.98520749
0.98943158
0.98745171
0.99712561
0.95248025
0.935882
0.93475956
0.94720159
0.94859087
0.95271502
0.91883609
0.91759775
0.91652533
0.94637969
0.94391113
0.95883828
0.98614905
1.0762756
1.0706299
1.0704412
1.0599517
1.061051
0.99429427
1.0403909
0.98607986
0.9886611
0.98527919
0.986143
0.98610119
0.98534998
0.98946022
0.98750052
0.98805106
0.98722884
0.98858588
0.98589945
0.98903943
0.98556307
0.99099757
0.99763331
0.9636053
0.94506929
0.96980786
0.94699687
0.94903074
0.95087841
0.92101402
0.91878608
0.91706751
0.93675704
0.93423619
0.94926295
0.98686963
1.0672833
1.0658815
1.067839
1.0553204
1.0587391
0.99398073
1.0305765
1.0177283
0.99121656
0.98762678
0.98718492
0.97624326
0.97991751
0.988741
0.98893514
0.99662754
0.99794601
1.0011656
1.0063768
1.0166426
1.0150837
1.0088017
1.0093932
1.0085772
1.0088498
1.0063343
0.98768727
1.0064107
0.98224734
0.9509189
0.9448912
0.96659537
0.94548552
0.94780598
0.94969543
0.92172509
0.92045894
0.91930685
0.93615337
0.93700912
0.94838769
0.98760154
1.0651821
1.0694887
1.0668793
1.0575469
1.0285583
0.99382662
1.0317913
0.9852281
0.95669693
0.96232393
0.96308671
0.94998256
0.95372241
0.92398126
0.92506083
0.92287328
0.92154702
0.95711546
0.96558079
0.97076922
0.9859953
1.0533477
1.0578652
1.0665811
1.0678695
1.0115716
0.9934807
1.0369139
1.0130242
0.98647287
0.98277822
0.97485177
0.95930707
0.96060333
0.95824867
0.96447974
0.98280201
0.98310899
0.98894083
0.99737593
0.99925183
1.0116061
1.0131547
1.0189688
1.0099409
1.0069353
1.0079909
0.98894961
1.0035958
0.98469357
0.95625243
0.93928204
0.96868963
0.95181344
0.95139788
0.9247329
0.92335852
0.92309415
0.92213194
0.95518941
0.96713996
0.96738414
0.99577471
1.0553332
1.0536128
1.068682
1.0628713
1.0138492
0.99354682
1.0326614
1.0228882
0.99446106
0.98043548
0.98058681
0.9672473
0.96853859
0.96720162
0.97236061
0.9740327
0.9824992
0.98420958
1.0016803
1.0038718
1.015191
1.015945
1.0102326
1.0113022
1.010024
1.0103852
0.98733183
1.0065097
1.0004685
0.9752912
0.97993335
0.98103565
0.94825089
0.94841944
0.93108991
0.930622
0.92993042
0.93005926
0.93902977
0.9466792
0.94797693
1.0068118
1.0474378
1.0563798
1.0592145
1.0550841
1.0134312
0.99160409
1.0086879
1.0188471
0.99082946
0.98844735
0.98821278
0.94975159
0.9489908
0.94922012
0.94845484
0.95489449
0.9567119
0.95810715
0.95746507
1.0013647
0.99433124
1.01669
1.0377806
1.0276951
1.0285429
1.0151484
0.98896852
1.0164485
0.98545707
0.98501365
0.98523613
0.98647764
0.98505121
0.98771427
0.98506748
0.98870854
1.0266985
0.99037314
0.98558372
0.98721855
0.97298932
0.97369215
0.98139275
0.98668739
0.98417103
0.98598741
0.99844598
0.999873
1.0138028
1.0145515
1.0054526
1.0057702
1.0049432
1.0046505
1.0030684
0.98540159
1.0028427
0.98531262
0.98777485
0.98477753
0.98538254
0.98492095
0.98813203
0.9852537
0.98509001
0.98527775
0.98604413
0.98523571
0.94171031
0.93677961
0.93528461
0.95759694
0.94961295
0.95170232
0.91891935
0.91818538
0.91513224
0.9432375
0.9439024
0.95607208
0.98408813
1.0728057
1.0702931
1.0705565
1.0580522
1.0784148
0.99495724
1.0387043
1.0165433
0.9901859
0.9847683
0.98540291
0.97201336
0.9762932
0.97701816
0.98381548
0.98857526
0.99483578
0.99854687
1.0044518
1.0117338
1.012095
1.0067232
1.0073863
1.0074798
1.0070517
1.0057236
0.98654207
1.004809
0.98754538
1.0033447
0.97352393
0.98010739
0.97899218
0.94632804
0.9477877
0.92968435
0.92918698
0.92986757
0.92859497
0.94778406
0.94749727
0.99636925
1.0064679
1.0448382
1.0471135
1.0547307
1.0577489
1.0095846
0.99143516
1.0137187
0.98916267
0.99044301
0.9910243
0.99274832
1.0274717
0.99098733
0.98717779
0.97237543
0.9550106
0.94880529
0.94630693
0.94793626
0.94562385
0.95623182
0.95601373
0.97024963
0.99151835
1.0021363
1.0387119
1.0354586
1.0380313
1.0179715
1.0175701
0.9890018
1.0139494
0.98905468
0.98804736
0.99148278
0.96212156
0.9735065
0.97281979
0.95791691
0.95819571
0.93899412
0.93727138
0.93790263
0.93639819
0.97781479
0.97908192
0.99209211
0.99543502
1.0436208
1.0467692
1.0434789
1.0460165
1.0189489
0.99113039
1.0057912
0.99272123
0.99149836
0.99544407
0.97669846
0.97219777
0.97318603
0.95710977
0.93945217
0.93747188
0.9386054
0.93648101
0.97358459
0.97676792
0.97662849
0.98928453
1.0022644
1.0325269
1.0411646
1.0450936
1.0194732
1.0053844
0.99091461
1.0014261
1.0116314
0.98375348
0.98046652
0.98043648
0.95882344
0.95761572
0.95750438
0.9565046
0.98261746
0.98403072
0.98901539
0.9908129
1.0109199
1.0141632
1.0137297
1.0228935
1.0085053
1.0091274
1.006473
0.98861009
1.0058255
0.98887768
0.98665821
1.0225323
0.99531399
0.98162095
0.9819562
0.96815502
0.96926463
0.97359709
0.97209599
0.97510693
0.97523866
0.98454498
1.0028812
1.005407
1.0163752
1.0157867
1.0198828
1.0110485
1.0121576
1.0087644
0.98730403
1.0083647
0.98822584
0.98637016
0.9853941
0.98830789
0.98845759
0.98921045
0.98723205
0.98529364
)
;
    }
    inner_box_to_heater_6
    {
        type            calculated;
        value           nonuniform List<scalar> 
180
(
0.97873798
0.97290593
0.97534292
0.9763468
0.97428987
0.97909286
0.97890152
0.98640924
0.97445503
0.98477741
0.9812118
0.97853216
0.9837265
0.97886444
0.98091878
0.97670574
0.97316286
0.97667582
0.97644307
0.98163544
0.98069722
0.95570801
0.97151752
0.93686068
0.9708142
0.95136419
0.98512938
0.944559
0.94658263
0.86551604
0.90207531
0.77734529
0.85317959
0.78463886
0.95773099
0.94436462
0.97309896
0.94692517
0.97766202
0.95803127
0.97074692
0.93081606
0.96127482
0.91979092
0.95274279
0.8997126
0.91085723
0.87548917
0.95237956
0.92562296
0.99443598
0.93202057
0.96739805
0.91157367
0.958247
0.91198233
0.95857841
0.9194206
0.95675511
0.93848789
0.99101359
0.98670375
0.9738471
0.98499968
0.98016201
0.98638632
0.97920856
1.0138045
0.97978459
0.98461331
0.98304043
0.98889395
0.98189434
0.98811919
0.97807712
0.98527994
0.97604572
0.98374036
0.98050501
0.9955898
0.94935861
0.98774863
0.93531322
0.98847771
0.93654225
0.98718073
0.94454924
0.98684377
0.94900413
0.98182273
0.95490507
0.97875278
0.95019262
0.98282216
0.93787378
0.98717448
0.93297083
0.98735482
0.9370068
0.99670047
0.9938961
0.98682471
0.98481209
0.98139132
0.98333915
0.98412732
0.98388244
0.98187601
0.98498835
0.98465462
0.98382731
0.9845808
0.96838422
0.98236772
0.98413781
0.98493784
0.98457279
0.98600391
0.98362959
0.99233468
0.99668438
0.9686161
0.94090192
0.93884998
0.95942518
1.0307214
0.91287169
1.0583985
0.90860705
1.0637974
0.96816071
1.0735835
0.92045238
1.0620422
0.945589
0.99788387
0.93464608
0.92962528
0.97563253
0.99015144
0.98564492
0.93195915
0.99574222
0.92691935
0.992201
0.92536489
0.99989482
0.93261707
1.0002545
0.92972101
1.0004586
0.93247919
1.0087124
0.92633994
0.99458099
0.92749149
0.99644858
0.92895353
0.98721146
0.94594403
0.9540853
0.99914381
0.91442847
0.97258968
0.94686657
1.0337368
0.97007433
1.0232572
0.93041253
0.99904287
0.91074801
0.98183563
0.90773426
0.99111333
0.9582102
1.022378
0.9360417
1.001033
0.95861495
0.99703137
)
;
    }
    inner_box_to_heater_1
    {
        type            calculated;
        value           nonuniform List<scalar> 
180
(
0.99979428
0.98836555
1.0078013
0.99795032
1.0135389
1.0041562
0.98945367
0.98007265
0.95670209
0.95658705
0.95276008
0.95525548
0.9640781
0.95935126
0.98463461
0.98372352
1.0021453
0.99041412
1.0026098
0.99224346
0.98575739
0.9739317
0.98067818
0.98754267
0.97819707
0.95940299
0.98129882
0.97621846
0.97905753
0.97049874
0.97422382
0.97306634
0.97740944
0.97473653
0.97670316
0.97177229
0.9782468
0.97671816
0.98147295
0.9793519
0.93566707
0.94930228
0.95934053
0.95164635
0.90848428
0.93582773
0.95617744
0.97491967
0.93604738
0.94052607
0.92722675
0.95043348
0.96352543
0.96114965
0.90970817
0.92714069
0.94285416
0.96172972
0.93412225
0.94821455
0.96469473
0.95363481
0.91795059
0.93860101
0.93684829
0.94442536
0.92295811
0.93619077
0.92004987
0.93644772
0.91973887
0.93595353
0.92115287
0.93908529
0.93168249
0.94694068
0.91598017
0.92854381
0.94513069
0.96740212
0.99742981
0.96287555
0.99361461
0.96336193
1.0003168
0.97106502
0.99861997
0.98177987
0.9881097
0.97586847
0.99776182
0.97677958
1.0083239
0.96986817
1.0053712
0.96963718
0.99527006
0.96496082
0.99064289
0.97089479
0.72980405
0.86256959
0.94733748
0.9279419
0.71801111
0.79909457
0.92582223
0.94693175
0.88388723
0.82042093
0.73525867
0.89165997
0.95294929
0.94151083
0.75936297
0.80482502
0.92611609
0.95529215
0.81149121
0.79788027
0.99294254
0.96438955
0.88536025
0.81955471
0.97713313
0.97766577
0.98495993
0.97862276
0.9841884
0.97808802
0.9843756
0.97810426
0.99031656
0.97859027
0.9827114
0.96749482
0.88263707
0.76730082
0.96119543
0.98208416
0.83243728
0.83987848
0.91594961
0.91362745
0.87411678
0.76982716
0.71761644
0.67543749
0.7235313
0.86261431
0.7235726
0.93691817
0.70938384
0.88944135
0.7836609
0.90730923
0.9045158
0.9254162
0.82907481
0.83609743
0.98543301
0.97779141
0.95778977
0.97853732
0.98545351
0.98878017
0.96887469
0.97754618
0.97608695
0.99013744
0.98813206
0.97748646
0.96610442
0.97501091
0.9863796
0.98159463
0.96689914
0.96210871
0.97285324
0.98398325
)
;
    }
    inner_box_to_heater_2
    {
        type            calculated;
        value           nonuniform List<scalar> 
180
(
0.93754561
0.95400368
0.91748521
0.95500064
0.90565113
0.93377405
0.86891785
0.89818772
0.89542671
0.96698915
0.92844373
0.98056811
0.90929976
0.95418061
0.90480641
0.95276033
0.91403563
0.95418113
0.92748167
0.96600847
0.9809017
0.97206532
0.97513861
0.97164641
0.97591357
0.97937496
0.97795167
0.98269471
0.97486434
0.97778717
0.9811397
0.97405852
0.98268951
0.97706932
0.98093686
0.97396806
0.97423488
0.97529293
0.97739841
0.97847712
0.9951625
0.98637749
0.98488097
0.97988463
0.98379564
0.9836137
0.98454929
0.97845848
0.98454054
0.98450377
0.98453971
0.97017153
0.97047398
0.98680937
0.98629785
0.98425895
0.98532217
0.9855227
0.98732834
1.0043751
0.99138099
0.97732406
0.93109283
0.9381575
1.0019572
0.95826618
1.0556455
0.88603785
1.0601904
0.94185982
1.0743907
0.94888333
1.0682908
0.91526171
1.0259816
0.94937228
0.93744992
0.93894387
0.96865594
0.995027
0.9970903
0.95574665
0.98696347
0.89922544
1.0061486
0.9686189
1.0279093
0.95568407
1.002411
0.92033314
0.98303588
0.90564213
0.98217953
0.91803124
1.0140877
0.96675121
1.0004899
0.93473016
0.99988006
0.95261752
0.99409778
0.95737401
0.98601897
0.96514103
0.98505037
0.97412905
0.98065447
0.98437788
0.97441127
0.98161825
0.97720158
0.97722658
0.98171029
0.9774448
0.98655912
0.97232898
0.98451439
0.96262435
0.98528712
0.96588439
0.95751494
0.97726171
0.94157566
0.96645578
0.94299148
0.97888697
0.95499073
0.98365275
0.8918631
0.92203146
0.81981405
0.86894766
0.75889493
0.87879437
0.92814827
0.97559496
0.94580537
0.97619649
0.95728062
0.98140209
0.99541229
0.9819986
0.98330372
0.97916268
0.98567509
0.97833709
0.98784023
0.97170306
0.98567249
0.97548761
0.99035928
0.98067738
0.98959069
0.98040768
0.98638983
0.97705698
0.98254441
0.97563764
0.98708943
0.99127228
0.94603944
0.9871043
0.92780599
0.99504566
0.92805621
0.99294866
0.92512938
1.0088677
0.92520002
1.0001339
0.93004293
0.99974034
0.92981994
0.99976602
0.92806927
0.99376077
0.92910307
0.99599255
0.93361283
0.98562846
)
;
    }
    inner_box_to_heater_5
    {
        type            calculated;
        value           nonuniform List<scalar> 
180
(
0.94760638
0.93619415
0.96110863
0.94876996
0.93036923
0.91170311
0.96174349
0.97111249
0.94953112
0.92850111
0.94459388
0.93757038
0.97491117
0.95204315
0.93586464
0.90350402
0.95158036
0.95291144
0.9527704
0.93105668
0.79180273
0.80118351
0.94816882
0.92375116
0.78866397
0.72655537
0.92519463
0.94110762
0.91291546
0.79147591
0.7855471
0.84343071
0.95647601
0.93703184
0.82460144
0.73968544
0.93107042
0.94675664
0.87007463
0.73844269
0.99426596
1.0075617
0.99871758
1.0149168
1.0104293
1.0132068
0.98957685
0.98560338
0.96299215
0.96123035
0.95936405
0.96080211
0.96284525
0.97283204
0.98081684
0.99635444
0.99146329
1.0050459
0.98735457
1.0009344
0.99030409
0.97314025
0.96903234
0.96584089
0.98804085
0.98455082
0.98116031
0.96663347
0.98165976
0.98853865
0.99095385
0.98055431
0.97204099
0.97006371
0.98266394
0.98564304
0.97214093
0.95853168
0.97163379
0.98563182
0.98457385
0.96817399
0.80528423
0.90056281
0.96983258
0.9837446
0.97870662
0.98464206
0.97793034
0.98434999
0.9781186
0.98434508
0.97856291
0.98125766
0.97713304
0.97525778
0.79123976
0.85881844
0.95739543
0.99136653
0.97200444
0.99099414
0.96641859
0.99699052
0.97088946
1.0032566
0.97256415
1.0116907
0.97722794
0.99785015
0.98565127
0.98878843
0.98273998
1.0002029
0.97540803
1.0019741
0.96586206
0.99331138
0.96403253
0.99864729
0.98066279
0.98152369
0.97688255
0.97814631
0.97034139
0.9782054
0.9770023
0.98051725
0.97508125
0.9750479
0.97005547
0.97692135
0.97395627
0.97819642
0.97224473
0.97663624
0.9770741
0.98005585
0.97359665
0.9856996
0.83542951
0.84187343
0.91425775
0.9283732
0.82571242
0.81916648
0.67392411
0.69736515
0.81193665
0.73725709
0.91485823
0.724387
0.91551625
0.70031685
0.8863385
0.84359482
0.94069403
0.8961954
0.84154677
0.82448879
0.96931998
0.9491858
0.93372956
0.92120368
0.94858618
0.93254949
0.93948726
0.92129608
0.93596458
0.91984307
0.9365099
0.92025659
0.93606158
0.92285006
0.9435515
0.93494222
0.93422528
0.9116489
0.9499791
0.96248777
)
;
    }
    inner_box_to_outer_box
    {
        type            calculated;
        value           nonuniform List<scalar> 
578
(
0.92974817
0.92894183
1.000886
0.95019353
0.92901543
0.93846843
0.95487209
1.0002428
0.98802708
0.94246997
0.90428619
0.91098214
0.92891377
0.92928563
0.98880043
0.99485675
0.94432156
0.99232869
0.98771042
0.88818413
0.98897887
0.92495143
0.88471288
0.82608043
0.82896902
0.94367316
0.96776599
0.99584595
0.97820698
0.97862234
0.89629989
0.91009553
0.97308909
0.97277288
0.98039509
0.97374648
0.89606428
0.89569214
0.97062649
0.99876407
0.96700807
1.0025742
0.97488246
1.0792819
0.95212318
0.95670213
0.96119625
0.94841547
0.93893019
1.0000541
0.9682856
0.95185559
1.0779979
0.98575358
0.94414922
0.9464872
0.99201748
0.98895938
0.96220685
0.94532836
0.94433687
0.98372301
0.9695381
0.93523332
1.0187458
0.99649492
0.88045091
0.95697918
0.95751428
0.91016171
0.91178082
0.88087949
0.93828622
1.0425342
0.99417719
1.0153993
0.96020121
0.9701034
1.0673564
0.97186448
1.0695967
0.96965822
0.97097263
0.91027099
0.9116337
0.9705697
0.9599954
1.0320696
0.97245617
1.0197883
1.0199354
1.0208376
1.0209271
0.92729342
0.95674196
1.0405521
0.99982087
1.007814
1.0127899
1.0166494
1.0184806
0.96139442
1.0203249
0.93933605
1.0007286
1.009997
1.0350263
0.96197202
0.98957296
0.98999348
0.98359967
0.99199998
0.98777252
0.99039931
1.0167091
0.98485909
0.98318879
0.98860637
0.99718274
1.0175228
1.0283991
1.0368662
1.0045308
0.94389908
0.93294482
0.93795001
0.9409907
0.99738663
1.0018735
0.99619585
0.99589258
0.99971537
1.0073356
0.92405829
0.92892985
0.99228907
1.0026187
1.0041448
0.95599909
0.96019963
0.97546189
0.97588992
1.0045445
1.0044387
0.99188588
0.9545793
0.96072362
1.0237496
0.98508077
0.98524055
1.0192594
1.019898
1.0126538
0.9983134
0.9970466
1.0037514
1.0100786
0.98471624
0.97836843
1.0268705
0.98923131
0.9822347
0.97967864
0.99188209
1.0197824
1.0149976
1.0010337
1.0348636
1.0386095
0.94599179
0.99285296
0.98447081
0.98451038
0.99232375
1.0226105
1.0039279
1.0413817
0.9451184
1.0172851
1.019566
0.99411348
1.0220112
0.98247968
0.98156102
0.94885847
0.9981858
0.96922823
1.0217168
0.96096494
0.961241
0.96139649
0.96053917
1.0170384
0.98352834
1.0086493
0.99464798
1.0026746
1.0076757
0.98369411
0.99053378
0.9879607
0.9891274
0.99089353
1.0124596
1.0517522
1.0582656
1.0583126
1.0514254
0.98601761
1.0172395
0.98161016
0.97527403
0.9650937
1.0306229
1.0207052
0.97770997
1.0205697
1.0095641
1.0046803
1.0210508
1.0014424
0.96707397
0.96173286
1.0568013
1.0570428
0.98499411
0.98676642
0.87438907
0.96286559
0.87732797
0.88791638
0.95675639
0.98035249
0.9699303
0.89398386
0.96880922
0.96898294
0.97056808
0.97070539
1.0397235
1.0366573
1.0087512
1.0305818
1.0354993
1.0050351
1.0076666
0.98899754
0.99243298
1.0014944
0.98382439
0.98504161
0.98473868
1.0290775
0.94582915
0.98191384
0.97905609
0.97679169
0.9782041
0.99723952
1.033874
1.0301048
0.99385175
0.99435973
1.0098161
1.0105833
1.0120135
0.99946607
0.99460673
0.9950275
1.0629821
1.0614888
0.99299635
1.0197592
1.0215573
1.0207447
1.0181293
1.0244424
0.99083071
1.0059508
1.0219245
0.99268296
1.0386004
1.0565762
1.0663194
1.0376105
1.0480074
1.0527689
1.0547812
1.044781
1.002817
1.0033485
1.0075605
1.0069878
1.0110017
0.9882347
0.99378775
0.99420242
0.99151505
0.95493916
1.0548891
1.0654911
1.0153189
0.98942254
0.86651937
0.88773864
1.0056552
1.0006065
0.90810845
1.0084527
1.008512
1.0052589
1.0087
0.91615819
0.88117691
0.90264712
0.99658902
0.99512289
0.99783286
0.9801576
1.0350297
0.97848975
1.0364492
0.98030244
0.98168408
0.98797854
0.99896181
1.0175421
0.97786477
1.05421
1.0683448
1.0305222
0.99259924
0.97613211
1.016761
1.0170395
0.99986499
1.0177823
1.0178971
1.0279347
1.0259575
1.0244513
1.0221427
1.036724
0.9929315
1.0598149
1.0603741
1.0583362
1.0661099
1.0080827
1.0092618
1.0081877
1.007777
1.0264283
0.97523787
0.98106183
0.99059303
0.9974442
0.99819385
0.95622996
1.0093111
1.0075557
0.98362495
0.98395544
0.98528251
0.98261324
1.0121032
1.0096147
1.007236
1.0133783
0.97514914
1.0195828
1.0210783
1.0185065
1.0185432
0.99989374
1.0174892
0.98265991
0.97935022
0.99694861
1.0327693
1.0454341
1.0456058
1.0439685
1.0458082
1.0424553
1.0460158
0.9536433
1.0187879
1.0022232
1.0068043
1.0599916
1.0151276
1.0159825
1.0654305
0.99406825
1.0425279
1.0200363
0.99639594
1.0443651
1.0020559
0.94626713
1.0169019
1.0167973
0.99066233
1.0643976
1.0405772
1.0188116
0.96943617
1.0343023
1.0509803
0.9654909
1.020365
0.99180427
0.99159736
0.96419158
1.0146109
0.99157416
0.99178109
0.94770412
0.94753462
1.0453788
1.0419976
0.9888525
0.99145841
1.0030705
1.002598
0.9678812
0.96767185
0.96832072
0.96794141
0.99115079
0.99281994
1.0126384
1.0130618
1.0155176
1.0142402
1.0377355
1.0146491
1.0128289
1.0127471
1.0144036
1.0263176
1.0297773
0.98270619
0.98297844
0.98375065
0.98220417
1.0090307
1.0091528
1.0068194
1.0068831
1.0262787
1.028841
1.0044746
1.0045509
1.0075162
1.0101647
0.94836223
0.94485656
0.92507126
0.89331859
1.0015419
0.75318176
0.75313741
1.0014658
0.92436643
0.94989039
0.93107112
0.91706285
0.85645702
0.96518396
0.95411191
0.88091802
0.85593529
0.8920181
0.96500996
1.002001
0.91055435
0.92838283
0.97413691
0.97479529
0.87523345
0.98317665
0.91062876
0.92267605
0.91193671
0.91946717
0.96960568
0.91808093
0.91053824
0.87821637
0.82271728
0.93576635
0.97445231
0.92146553
0.98302086
0.87372955
0.960912
0.919844
0.93394241
0.82264141
0.94867879
0.91670244
1.0011088
0.94464251
0.90647014
1.0787138
1.0027292
0.91517754
1.0677876
1.0813787
0.99792193
1.0216669
1.0201999
0.9161283
1.0661774
0.97364836
1.070103
0.97231765
1.0679604
1.0358206
1.029902
1.029904
1.0348389
1.0652909
0.91501828
1.0634787
0.91227652
0.8944678
0.90103424
0.97530326
1.0351413
1.0297869
0.97436099
0.91081943
1.0007593
0.98601471
0.92924337
0.97565603
0.99633824
1.0092979
1.033159
1.0317859
1.01057
0.9431892
0.94346575
0.9427193
0.99076188
0.95986353
0.96613953
0.9957625
0.94742582
0.95228958
0.93081065
1.0164603
1.0234751
1.0656913
1.0460059
0.94762658
1.0387188
1.0050772
1.0062361
1.0256384
1.0261362
1.0322653
1.0295157
1.0166509
0.94680684
0.93370061
0.94507719
1.0298734
1.0347676
1.0199439
1.0204461
0.99783961
0.89655284
0.98283816
0.99396532
)
;
    }
    inner_box_to_heater_3
    {
        type            calculated;
        value           nonuniform List<scalar> 
180
(
0.99208935
0.99158563
0.98741044
0.99105651
0.99243013
0.99457174
0.99033991
0.98977062
0.98839839
0.99224732
0.99201523
0.99267961
0.98221536
0.99292888
0.99268059
0.99392577
0.99298423
0.99295776
0.9883798
0.99547123
0.98419958
0.94949422
0.83063585
0.85861742
0.93926489
0.94208463
0.96470363
0.91079756
0.9577083
0.90063931
0.95516133
0.91252074
0.96460268
0.93969683
0.96007818
0.91127321
0.76335706
0.83971074
0.94248501
0.97178052
1.005479
1.0060427
0.99451912
1.0003847
0.98797671
0.98437263
0.96403834
0.96508106
0.96245519
0.97649142
0.97094224
0.97048745
0.96258445
0.97024445
0.98899045
0.99930506
0.99808521
1.008384
1.0061407
1.0186008
0.99818569
0.97641764
0.99782422
0.97300331
1.0023202
0.96470029
0.99206074
0.96479516
0.99293071
0.96530579
0.99814433
0.96269736
0.99487045
0.96430266
1.0051438
0.97508168
1.0041746
0.97708412
0.99697876
0.98020705
0.98675333
0.97605326
0.91483728
0.94085519
0.96372181
0.96796946
0.96517652
0.86923376
0.91577603
0.83914575
0.91896046
0.85041893
0.95465879
0.93729204
0.98244763
0.95542732
0.90516727
0.93289162
0.94496208
0.98673084
0.87580827
0.87005981
0.95859503
0.95469273
0.90541623
0.73745029
0.61579555
0.68511701
0.93351442
0.94357728
0.88973759
0.70318299
0.53268342
0.48130183
0.84588743
0.90069377
0.95986966
0.95854581
0.93280134
0.83780506
0.98586616
0.97978053
0.98295009
0.98007899
0.98284826
0.97547958
0.97072721
0.9708448
0.96527808
0.96687531
0.97031985
0.96610019
0.97256214
0.9744915
0.99307875
0.98678479
0.98773154
0.98763108
0.98741385
0.99215494
0.9203758
0.9389491
0.89927283
0.92680477
0.90127203
0.90843381
0.91402639
0.8653761
0.9999354
0.87321372
1.0305348
0.86429113
0.93491425
0.87831373
0.90685438
0.92357975
0.90006236
0.93132041
0.91392608
0.950701
0.92465095
1.0043389
0.96961016
1.0428244
0.9249667
0.97767206
0.83395391
0.91662565
0.85221171
0.95834968
0.89182731
0.93170847
0.83731843
0.89395233
0.91548362
0.91687985
0.98670731
0.9685128
0.93734847
0.97298077
)
;
    }
    inner_box_to_heater_4
    {
        type            calculated;
        value           nonuniform List<scalar> 
180
(
0.99851798
0.99397344
0.9915557
0.99373475
0.99274455
0.99278157
0.99053947
0.99047387
0.98384604
0.99223138
0.99028933
0.99212371
0.99056232
0.9929001
0.99096185
0.99940907
0.99135428
0.99304562
0.99416203
1.0003999
0.95190929
0.97640578
0.97737245
0.98335826
0.96914223
0.9760255
0.87742497
0.92780822
0.95935453
0.99348557
0.95739671
0.96816771
0.84758426
0.9575069
0.96687849
0.98834914
0.97119265
0.99224162
0.95894364
0.97432562
0.96203638
0.92610544
0.86910771
0.82691271
0.92399252
0.93012614
0.93288787
0.92585551
0.92933151
0.9263326
0.92923275
0.92182511
0.9276999
0.92401605
0.9272547
0.91068637
0.85605667
0.82517811
0.92754052
0.95171537
0.98826558
0.9816985
0.98482297
0.98071539
0.99291085
0.97835088
0.97974294
0.97231236
0.96578402
0.96244936
0.96914193
0.96323584
0.98471493
0.97910416
1.0026844
0.98627638
0.99477735
0.98366079
0.98859943
0.98620191
0.93592251
0.93057898
0.96905563
0.95411969
0.92518817
0.89502256
0.94478161
0.93600531
0.95848585
0.90757964
0.92133791
0.92294933
0.94379674
0.93281922
0.91654507
0.89297683
0.96130689
0.96022664
0.95423305
0.91320528
0.92397562
0.94500785
0.94512769
0.94379576
0.84877734
0.83306743
0.73671989
0.7843715
0.72768891
0.77987842
0.72717174
0.77933892
0.73132395
0.78887776
0.79718393
0.88190024
0.93714364
0.95292922
0.93197242
0.93876301
0.90159032
0.88669365
0.92086314
0.91612913
0.89247776
0.88024637
0.89395752
0.89369822
0.88677787
0.86695068
0.87515323
0.87953989
0.89751617
0.89402957
0.89498247
0.87594679
0.91909422
0.91561166
0.90422845
0.88314903
1.0019335
0.99492509
0.99444157
0.99306273
0.99284756
0.99191283
0.99201425
0.99138924
0.99167261
0.99098635
0.99152595
0.99100214
0.9917296
0.99097551
0.99983773
0.99154779
0.99233301
0.99245335
0.99214455
0.9982649
0.92140407
0.94520804
0.95750126
0.97409128
0.94198992
0.94331752
0.90927784
0.96587502
0.97358836
1.0033336
0.92863422
0.93026394
0.84633243
0.90069359
0.91897778
0.96766687
0.96260627
0.98318757
0.92662381
0.9487665
)
;
    }
    inner_box_to_heater_8
    {
        type            calculated;
        value           nonuniform List<scalar> 
180
(
0.93834788
0.93200972
0.9532006
0.93730544
0.88797051
0.80076441
0.78859421
0.73402196
0.77962054
0.72392564
0.7791437
0.72739013
0.78646245
0.73635406
0.83261108
0.84951563
0.94467911
0.94884633
0.94546897
0.92315004
0.93817456
0.90948945
0.96865877
0.94006756
0.96052804
0.90177143
0.93994114
0.91193583
0.99882354
0.95737454
0.95934714
0.87967715
0.88741644
0.8393342
0.93834248
0.92469819
0.97739552
0.94594997
0.94785872
0.91296144
1.0004144
0.99415844
0.99369748
0.99139181
0.993016
0.99099866
0.99040372
0.99058265
0.99206372
0.99031701
0.99630733
0.9901982
0.99239709
0.99277214
0.99277313
0.99631976
0.99365973
0.99151915
0.99381507
0.99850586
0.99863243
0.99235869
0.9943606
0.99266197
0.99201326
0.99247549
0.99130562
0.99203719
0.99098168
0.99158127
0.99090559
0.99153583
0.99106528
0.99163271
0.9913644
0.99511803
0.99239324
0.99338314
0.99358706
1.0010753
0.88355959
0.89998236
0.91870105
0.91814299
0.88037836
0.89336058
0.90333766
0.90172392
0.88128773
0.87599159
0.86673708
0.88890393
0.90021074
0.9055257
0.87828873
0.89533516
0.91286047
0.92289917
0.88162842
0.90136978
0.9117862
0.95382256
0.96191536
0.96177041
0.89616032
0.92258757
0.92231365
0.9476038
0.9258748
0.91782683
0.90885948
0.92743528
0.9315517
0.94527375
0.89127062
0.92360057
0.95271698
0.96793897
0.93174122
0.93695893
0.98069331
0.99496166
0.97871143
0.9941104
0.98082405
0.98665438
0.97565326
0.97444505
0.9607369
0.95594868
0.96158015
0.95839228
0.97422827
0.98231518
0.98854766
0.9975717
0.98421852
0.99701346
0.98728068
1.0027127
0.97090623
0.95887747
0.98663861
0.97558364
0.98173666
0.96315853
0.9398933
0.86426833
0.98727528
0.95951125
0.98631572
0.932317
0.91227127
0.89501936
0.98727602
0.96605379
0.98409894
0.98154324
0.97960317
0.95256578
0.95619116
0.93975578
0.83584222
0.86709817
0.91390501
0.93461884
0.92602336
0.93155245
0.92249059
0.92929428
0.92373049
0.92740454
0.92451032
0.92564585
0.92354789
0.9130763
0.82336593
0.86311067
0.92452899
0.95503711
)
;
    }
}


// ************************************************************************* //
