/*--------------------------------*- C++ -*----------------------------------*\
| =========                 |                                                 |
| \\      /  F ield         | OpenFOAM: The Open Source CFD Toolbox           |
|  \\    /   O peration     | Version:  2412                                  |
|   \\  /    A nd           | Website:  www.openfoam.com                      |
|    \\/     M anipulation  |                                                 |
\*---------------------------------------------------------------------------*/
FoamFile
{
    version     2.0;
    format      ascii;
    arch        "LSB;label=32;scalar=64";
    class       faceList;
    location    "constant/outer_box/polyMesh";
    object      faces;
}
// * * * * * * * * * * * * * * * * * * * * * * * * * * * * * * * * * * * * * //


5513
(
3(627 372 541)
3(29 372 627)
3(29 541 372)
3(29 627 541)
3(362 777 363)
3(362 365 777)
3(365 363 777)
3(473 495 786)
3(448 786 495)
3(448 473 786)
3(627 372 212)
3(541 212 372)
3(541 627 212)
3(364 362 777)
3(364 777 363)
3(496 472 790)
3(447 790 472)
3(447 496 790)
3(459 495 786)
3(473 459 786)
3(376 609 545)
3(376 31 609)
3(376 545 31)
3(609 31 545)
3(496 457 790)
3(472 790 457)
3(607 544 373)
3(607 373 213)
3(544 213 373)
3(607 213 544)
3(543 371 624)
3(214 624 371)
3(543 214 371)
3(543 624 214)
3(546 608 375)
3(219 375 608)
3(546 219 608)
3(546 375 219)
3(607 212 373)
3(544 373 212)
3(544 212 607)
3(609 217 376)
3(376 217 545)
3(609 545 217)
3(375 218 608)
3(218 546 608)
3(375 546 218)
3(17 542 370)
3(178 370 542)
3(186 547 374)
3(20 374 547)
3(375 185 546)
3(186 375 546)
3(177 371 543)
3(178 543 371)
3(184 376 545)
3(21 545 376)
3(18 372 541)
3(176 541 372)
3(184 548 377)
3(185 377 548)
3(176 373 544)
3(177 544 373)
3(213 371 624)
3(213 543 371)
3(213 624 543)
3(145 200 780)
3(145 780 146)
3(200 146 780)
3(524 203 764)
3(524 764 202)
3(202 764 203)
3(491 794 489)
3(491 489 786)
3(491 786 794)
3(786 489 794)
3(601 481 480)
3(601 480 796)
3(480 481 796)
3(601 796 481)
3(377 631 217)
3(189 217 631)
3(377 217 189)
3(377 189 631)
3(740 733 208)
3(740 208 207)
3(740 207 733)
3(208 733 207)
3(359 358 779)
3(359 779 360)
3(358 360 779)
3(330 774 331)
3(330 332 774)
3(332 331 774)
3(202 772 524)
3(772 518 524)
3(202 518 772)
3(359 361 779)
3(361 358 779)
3(377 218 631)
3(190 631 218)
3(190 218 377)
3(190 377 631)
3(333 330 774)
3(331 333 774)
3(315 314 781)
3(315 781 317)
3(314 317 781)
3(498 472 774)
3(103 498 774)
3(103 774 472)
3(327 326 775)
3(327 775 329)
3(326 329 775)
3(518 201 763)
3(518 763 525)
3(201 525 763)
3(350 351 787)
3(350 787 352)
3(351 352 787)
3(627 372 19)
3(627 179 372)
3(627 19 179)
3(747 523 527)
3(747 206 523)
3(747 527 206)
3(762 767 528)
3(762 528 746)
3(746 528 767)
3(199 679 169)
3(22 679 199)
3(22 169 679)
3(311 310 783)
3(313 311 783)
3(313 783 310)
3(350 353 787)
3(353 351 787)
3(327 328 775)
3(326 775 328)
3(520 518 772)
3(763 518 520)
3(763 520 772)
3(763 772 518)
3(439 779 156)
3(413 156 779)
3(439 413 779)
3(623 377 631)
3(217 623 631)
3(217 377 623)
3(376 609 23)
3(376 189 609)
3(23 609 189)
3(524 755 764)
3(524 203 755)
3(764 755 203)
3(202 524 755)
3(202 755 764)
3(759 208 737)
3(27 208 759)
3(27 759 737)
3(27 737 208)
3(518 201 739)
3(763 518 739)
3(763 739 201)
3(481 485 796)
3(505 481 796)
3(505 796 485)
3(438 797 419)
3(438 390 797)
3(390 419 797)
3(413 437 785)
3(388 413 785)
3(388 785 437)
3(448 796 450)
3(448 470 796)
3(470 450 796)
3(525 744 773)
3(525 196 744)
3(525 773 196)
3(196 773 744)
3(745 735 206)
3(745 206 24)
3(745 24 735)
3(735 24 206)
3(623 218 631)
3(623 377 218)
3(447 454 793)
3(468 447 793)
3(468 793 454)
3(744 760 525)
3(773 525 760)
3(56 473 783)
3(56 783 503)
3(473 503 783)
3(233 733 208)
3(233 208 740)
3(233 740 733)
3(519 208 740)
3(519 749 208)
3(749 740 208)
3(519 740 749)
3(490 491 794)
3(489 490 794)
3(740 519 207)
3(731 206 207)
3(731 747 206)
3(731 207 747)
3(747 207 206)
3(755 772 524)
3(202 772 755)
3(419 441 789)
3(441 115 789)
3(419 789 115)
3(516 767 742)
3(516 754 767)
3(516 742 754)
3(231 735 206)
3(745 231 206)
3(745 735 231)
3(233 759 208)
3(233 737 759)
3(233 208 737)
3(208 526 749)
3(519 749 526)
3(398 437 785)
3(398 785 413)
3(520 525 763)
3(773 520 763)
3(773 763 525)
3(773 525 520)
3(518 772 529)
3(520 529 772)
3(232 207 733)
3(232 740 207)
3(232 733 740)
3(762 211 528)
3(528 211 767)
3(762 767 211)
3(316 781 315)
3(316 314 781)
3(524 755 516)
3(755 529 516)
3(524 529 755)
3(528 26 762)
3(528 746 26)
3(26 746 762)
3(525 25 744)
3(744 25 196)
3(527 24 761)
3(527 745 24)
3(527 761 745)
3(24 745 761)
3(520 758 773)
3(520 773 753)
3(520 753 758)
3(200 145 675)
3(200 675 26)
3(26 675 145)
3(19 627 29)
3(19 29 372)
3(516 767 211)
3(742 516 211)
3(742 211 767)
3(750 519 530)
3(750 748 519)
3(519 748 530)
3(750 530 748)
3(519 207 748)
3(519 748 740)
3(740 748 207)
3(323 322 791)
3(325 323 791)
3(325 791 322)
3(751 523 530)
3(751 517 523)
3(751 530 517)
3(519 522 750)
3(750 522 530)
3(525 25 760)
3(744 760 25)
3(528 755 524)
3(528 203 755)
3(748 751 523)
3(530 748 523)
3(530 751 748)
3(733 207 233)
3(208 233 207)
3(520 758 196)
3(520 196 773)
3(196 758 773)
3(763 520 753)
3(753 520 772)
3(207 748 523)
3(748 519 523)
3(753 752 521)
3(753 521 751)
3(751 521 752)
3(609 23 31)
3(31 23 376)
3(772 529 524)
3(311 312 783)
3(310 783 312)
3(526 27 759)
3(526 759 743)
3(526 743 27)
3(759 27 743)
3(528 516 755)
3(528 755 767)
3(755 516 767)
3(528 767 516)
3(26 762 211)
3(739 202 518)
3(739 518 772)
3(739 772 202)
3(749 208 759)
3(759 208 526)
3(749 759 526)
3(671 202 764)
3(671 764 203)
3(671 203 202)
3(338 339 784)
3(339 340 784)
3(338 784 340)
3(731 232 206)
3(731 206 231)
3(232 231 206)
3(232 207 731)
3(232 206 207)
3(516 755 752)
3(755 529 752)
3(516 752 529)
3(756 523 527)
3(756 747 523)
3(756 527 747)
3(754 750 521)
3(754 521 752)
3(752 521 750)
3(760 525 763)
3(760 763 201)
3(760 201 525)
3(232 207 233)
3(749 750 519)
3(749 519 522)
3(749 522 750)
3(179 212 627)
3(179 372 212)
3(755 746 203)
3(528 746 755)
3(528 203 746)
3(527 194 761)
3(24 761 194)
3(341 339 784)
3(338 341 784)
3(759 740 208)
3(766 195 753)
3(753 195 758)
3(766 758 195)
3(739 202 201)
3(419 420 797)
3(438 797 420)
3(749 748 519)
3(747 206 231)
3(747 231 731)
3(520 521 753)
3(520 752 521)
3(520 753 752)
3(459 473 783)
3(56 459 783)
3(318 319 782)
3(319 321 782)
3(318 782 321)
3(756 523 751)
3(756 517 523)
3(756 751 517)
3(520 521 751)
3(520 751 753)
3(739 202 755)
3(739 764 202)
3(181 214 624)
3(181 371 214)
3(181 624 371)
3(195 753 520)
3(195 520 766)
3(520 753 766)
3(764 746 203)
3(206 527 745)
3(504 484 793)
3(484 477 793)
3(504 793 477)
3(213 607 180)
3(373 213 180)
3(373 180 607)
3(191 608 219)
3(191 219 375)
3(191 375 608)
3(748 756 523)
3(521 529 752)
3(529 520 752)
3(243 78 24)
3(243 193 78)
3(243 24 193)
3(756 527 761)
3(745 527 756)
3(232 207 747)
3(232 747 731)
3(495 470 786)
3(470 448 786)
3(760 201 680)
3(673 201 760)
3(673 760 680)
3(673 680 201)
3(320 319 782)
3(320 782 318)
3(529 755 772)
3(195 758 520)
3(197 142 685)
3(16 197 685)
3(16 685 142)
3(749 743 526)
3(36 735 206)
3(36 206 231)
3(219 30 803)
3(219 803 547)
3(30 547 803)
3(366 367 778)
3(369 778 367)
3(369 366 778)
3(324 791 323)
3(324 322 791)
3(754 755 516)
3(28 214 802)
3(214 542 802)
3(28 802 542)
3(757 526 749)
3(757 209 526)
3(749 526 209)
3(757 749 209)
3(636 23 718)
3(636 723 23)
3(23 723 718)
3(636 718 723)
3(747 207 523)
3(752 516 754)
3(770 717 27)
3(770 27 720)
3(27 717 720)
3(770 720 717)
3(472 498 775)
3(498 92 775)
3(472 775 92)
3(754 750 516)
3(754 516 521)
3(521 516 750)
3(516 210 754)
3(516 742 210)
3(742 754 210)
3(607 212 179)
3(179 212 373)
3(607 179 373)
3(190 218 608)
3(375 218 190)
3(375 190 608)
3(473 786 66)
3(448 66 786)
3(201 760 739)
3(196 195 758)
3(335 334 776)
3(337 335 776)
3(337 776 334)
3(759 740 233)
3(195 766 194)
3(194 766 741)
3(195 194 741)
3(195 741 766)
3(516 757 754)
3(757 210 754)
3(516 210 757)
3(216 630 257)
3(257 630 215)
3(216 215 630)
3(216 257 215)
3(424 136 787)
3(136 442 787)
3(424 787 442)
3(472 93 790)
3(447 790 93)
3(460 495 786)
3(460 786 459)
3(516 754 522)
3(522 754 750)
3(516 522 750)
3(207 748 747)
3(747 748 523)
3(660 19 634)
3(634 19 665)
3(660 665 19)
3(660 634 665)
3(757 754 522)
3(516 757 522)
3(522 757 526)
3(522 526 749)
3(522 749 757)
3(197 125 669)
3(125 134 669)
3(197 669 134)
3(81 82 791)
3(82 205 791)
3(81 791 205)
3(180 624 213)
3(180 213 371)
3(180 371 624)
3(757 750 522)
3(752 516 521)
3(759 38 27)
3(759 737 38)
3(27 38 737)
3(194 517 766)
3(195 766 517)
3(209 522 757)
3(486 469 790)
3(469 488 790)
3(486 790 488)
3(218 219 608)
3(198 684 118)
3(198 25 684)
3(25 118 684)
3(756 766 194)
3(756 194 517)
3(756 517 766)
3(742 210 211)
3(189 609 217)
3(189 217 376)
3(19 660 627)
3(627 660 179)
3(19 179 660)
3(194 756 527)
3(194 761 756)
3(762 26 702)
3(26 769 702)
3(762 769 26)
3(762 702 769)
3(210 742 757)
3(209 526 743)
3(209 743 27)
3(735 36 24)
3(24 36 745)
3(735 745 36)
3(496 458 790)
3(457 790 458)
3(756 741 194)
3(134 125 788)
3(135 788 125)
3(135 134 788)
3(201 680 739)
3(760 739 680)
3(772 529 752)
3(445 795 425)
3(418 425 795)
3(445 418 795)
3(746 26 203)
3(362 163 777)
3(365 777 163)
3(744 196 644)
3(744 653 196)
3(744 644 653)
3(196 653 644)
3(395 388 795)
3(409 795 388)
3(409 395 795)
3(702 762 211)
3(702 211 26)
3(194 659 761)
3(24 659 194)
3(24 761 659)
3(209 749 743)
3(762 211 711)
3(762 711 702)
3(702 711 211)
3(27 743 717)
3(27 770 743)
3(717 743 770)
3(36 24 206)
3(414 801 443)
3(414 128 801)
3(128 443 801)
3(671 202 739)
3(671 739 764)
3(23 718 609)
3(23 609 636)
3(636 609 718)
3(687 764 203)
3(671 764 687)
3(671 687 203)
3(154 199 672)
3(161 672 199)
3(161 154 672)
3(718 189 23)
3(718 609 189)
3(25 196 644)
3(25 644 744)
3(485 597 786)
3(786 597 796)
3(485 786 796)
3(485 796 597)
3(410 435 785)
3(410 785 425)
3(435 425 785)
3(700 765 210)
3(765 711 210)
3(700 711 765)
3(700 210 711)
3(114 797 419)
3(114 420 797)
3(757 522 210)
3(194 741 659)
3(194 642 741)
3(194 659 642)
3(741 642 659)
3(335 336 776)
3(336 334 776)
3(26 769 721)
3(721 769 702)
3(26 721 702)
3(740 747 207)
3(751 530 750)
3(751 750 521)
3(751 521 530)
3(521 750 530)
3(751 517 521)
3(751 520 517)
3(447 468 790)
3(468 496 790)
3(201 25 760)
3(517 520 766)
3(188 596 549)
3(187 596 188)
3(187 549 596)
3(627 19 634)
3(627 634 660)
3(522 750 521)
3(680 739 202)
3(201 680 202)
3(368 367 778)
3(368 778 366)
3(709 803 608)
3(709 628 803)
3(709 608 628)
3(628 608 803)
3(709 803 191)
3(608 191 803)
3(709 191 608)
3(700 209 743)
3(209 717 743)
3(700 717 209)
3(700 743 717)
3(624 651 802)
3(651 181 802)
3(624 802 181)
3(624 181 651)
3(196 744 758)
3(196 758 653)
3(653 758 744)
3(204 90 248)
3(204 248 97)
3(90 97 248)
3(69 192 242)
3(62 242 192)
3(62 69 242)
3(700 765 209)
3(210 209 765)
3(210 700 209)
3(166 363 777)
3(166 777 365)
3(429 785 410)
3(429 435 785)
3(762 211 742)
3(711 742 211)
3(762 742 711)
3(209 743 765)
3(700 765 743)
3(642 195 758)
3(653 758 195)
3(653 642 758)
3(653 195 642)
3(179 660 607)
3(641 660 179)
3(641 607 660)
3(641 179 607)
3(769 26 746)
3(489 460 794)
3(452 489 794)
3(452 794 460)
3(190 631 608)
3(218 608 631)
3(717 27 209)
3(527 756 517)
3(179 627 607)
3(627 660 607)
3(631 190 709)
3(631 709 699)
3(190 699 709)
3(631 699 190)
3(362 777 162)
3(364 162 777)
3(392 136 787)
3(424 392 787)
3(631 608 709)
3(190 709 608)
3(414 801 123)
3(443 123 801)
3(217 631 609)
3(189 609 631)
3(703 803 709)
3(703 709 628)
3(703 628 803)
3(765 742 210)
3(742 711 210)
3(765 711 742)
3(757 209 765)
3(757 765 210)
3(757 210 209)
3(759 27 770)
3(687 746 203)
3(687 764 746)
3(745 231 747)
3(745 747 206)
3(355 354 780)
3(356 355 780)
3(356 780 354)
3(214 802 624)
3(639 624 802)
3(214 639 802)
3(214 624 639)
3(194 741 761)
3(659 761 741)
3(624 641 180)
3(624 180 607)
3(624 607 641)
3(641 607 180)
3(671 680 739)
3(671 202 680)
3(610 651 802)
3(624 610 802)
3(624 651 610)
3(757 743 209)
3(459 57 794)
3(452 794 57)
3(452 459 794)
3(221 220 606)
3(221 606 531)
3(220 531 606)
3(642 195 741)
3(741 195 758)
3(642 741 758)
3(323 791 86)
3(325 86 791)
3(747 232 740)
3(592 793 484)
3(592 484 790)
3(592 790 793)
3(790 484 793)
3(201 25 673)
3(25 760 673)
3(215 552 682)
3(552 216 682)
3(215 682 216)
3(355 357 780)
3(357 354 780)
3(651 802 645)
3(651 645 610)
3(610 645 802)
3(24 745 768)
3(761 24 768)
3(3 72 601)
3(72 206 601)
3(3 601 206)
3(703 803 191)
3(703 191 709)
3(624 641 651)
3(651 641 180)
3(624 651 180)
3(208 87 599)
3(87 4 599)
3(208 599 4)
3(221 224 606)
3(224 220 606)
3(221 220 224)
3(636 31 609)
3(636 23 31)
3(107 108 776)
3(107 776 23)
3(108 23 776)
3(14 777 363)
3(14 364 777)
3(642 195 194)
3(771 760 25)
3(771 25 744)
3(774 498 775)
3(472 774 775)
3(120 789 419)
3(120 441 789)
3(645 181 802)
3(651 181 645)
3(476 208 793)
3(477 476 793)
3(477 793 208)
3(407 137 787)
3(137 392 787)
3(407 787 392)
3(214 802 181)
3(400 801 436)
3(400 414 801)
3(414 436 801)
3(102 457 799)
3(456 102 799)
3(456 799 457)
3(681 684 784)
3(690 681 784)
3(690 784 684)
3(29 634 627)
3(19 634 29)
3(771 25 673)
3(693 25 771)
3(693 771 673)
3(693 673 25)
3(471 489 786)
3(491 471 786)
3(636 31 625)
3(609 625 31)
3(288 760 680)
3(288 673 760)
3(139 787 140)
3(16 140 787)
3(139 16 787)
3(427 429 785)
3(427 785 410)
3(608 219 803)
3(219 191 803)
3(734 224 606)
3(221 224 734)
3(221 734 606)
3(346 347 788)
3(349 788 347)
3(349 346 788)
3(8 25 673)
3(201 8 673)
3(398 397 800)
3(397 399 800)
3(398 800 399)
3(343 789 342)
3(343 345 789)
3(345 342 789)
3(653 196 195)
3(118 117 684)
3(198 684 117)
3(392 408 798)
3(407 392 798)
3(407 798 408)
3(157 359 779)
3(360 157 779)
3(157 413 785)
3(157 785 388)
3(485 471 604)
3(492 485 604)
3(492 604 471)
3(29 634 611)
3(29 611 627)
3(623 218 608)
3(216 30 630)
3(537 216 630)
3(537 630 30)
3(330 98 774)
3(98 332 774)
3(517 766 751)
3(26 687 746)
3(26 203 687)
3(26 746 692)
3(769 26 692)
3(769 692 746)
3(211 711 210)
3(668 194 659)
3(642 194 668)
3(760 673 771)
3(485 786 604)
3(485 471 786)
3(471 604 786)
3(723 636 34)
3(723 34 729)
3(729 34 636)
3(723 729 636)
3(213 607 624)
3(484 603 469)
3(484 494 603)
3(494 469 603)
3(670 216 630)
3(670 630 257)
3(670 257 216)
3(447 453 793)
3(453 454 793)
3(141 350 787)
3(352 141 787)
3(439 779 14)
3(156 14 779)
3(419 390 789)
3(390 120 789)
3(203 417 795)
3(418 795 417)
3(418 203 795)
3(634 665 32)
3(730 32 665)
3(634 32 730)
3(634 730 665)
3(212 627 607)
3(68 315 781)
3(317 68 781)
3(314 70 781)
3(317 781 70)
3(38 27 770)
3(759 38 770)
3(623 609 217)
3(596 549 590)
3(188 590 549)
3(596 590 188)
3(720 38 770)
3(720 727 38)
3(770 38 727)
3(720 770 727)
3(450 449 796)
3(449 448 796)
3(399 437 785)
3(399 785 398)
3(206 480 601)
3(206 601 481)
3(605 215 257)
3(605 630 215)
3(209 726 717)
3(700 726 209)
3(680 288 739)
3(458 486 799)
3(456 799 486)
3(456 458 799)
3(327 775 94)
3(329 94 775)
3(768 36 662)
3(662 36 728)
3(768 728 36)
3(768 662 728)
3(436 401 801)
3(401 400 801)
3(233 740 304)
3(733 304 740)
3(484 603 790)
3(469 790 603)
3(469 484 790)
3(499 793 474)
3(499 84 793)
3(84 474 793)
3(604 786 794)
3(491 786 604)
3(491 604 794)
3(409 785 437)
3(409 388 785)
3(331 774 6)
3(332 6 774)
3(268 606 225)
3(268 734 606)
3(734 225 606)
3(408 798 424)
3(392 424 798)
3(189 718 725)
3(189 725 699)
3(189 699 718)
3(667 660 179)
3(667 179 641)
3(348 347 788)
3(346 348 788)
3(313 58 783)
3(58 311 783)
3(313 783 60)
3(310 60 783)
3(138 787 351)
3(138 352 787)
3(783 459 786)
3(473 783 786)
3(687 746 692)
3(687 692 26)
3(24 36 768)
3(745 768 36)
3(359 158 779)
3(158 361 779)
3(343 789 344)
3(342 344 789)
3(231 745 302)
3(735 302 745)
3(197 198 669)
3(125 669 198)
3(691 412 426)
3(433 412 691)
3(433 691 426)
3(633 608 219)
3(633 803 608)
3(633 219 803)
3(687 26 12)
3(687 12 203)
3(99 330 774)
3(333 99 774)
3(460 489 786)
3(471 460 786)
3(691 412 801)
3(426 801 412)
3(426 691 801)
3(303 740 232)
3(733 740 303)
3(276 642 758)
3(653 276 758)
3(199 679 778)
3(169 778 679)
3(169 199 778)
3(350 142 787)
3(142 353 787)
3(663 693 25)
3(663 771 693)
3(663 25 771)
3(20 696 183)
3(20 554 696)
3(183 696 554)
3(613 220 224)
3(732 613 224)
3(732 224 220)
3(732 220 613)
3(34 23 636)
3(723 23 34)
3(23 105 776)
3(105 106 776)
3(23 776 106)
3(213 639 619)
3(214 619 639)
3(214 213 619)
3(214 639 213)
3(425 678 795)
3(678 445 795)
3(425 445 678)
3(224 606 267)
3(734 267 606)
3(200 698 199)
3(507 199 698)
3(200 507 698)
3(197 640 198)
3(197 379 640)
3(198 640 379)
3(88 775 326)
3(88 329 775)
3(200 199 672)
3(200 672 154)
3(223 611 736)
3(266 611 223)
3(266 736 611)
3(31 636 34)
3(31 34 23)
3(32 634 19)
3(32 19 665)
3(601 480 782)
3(782 480 796)
3(601 782 796)
3(604 485 597)
3(604 597 786)
3(38 27 720)
3(400 128 801)
3(594 484 793)
3(504 484 594)
3(504 594 793)
3(513 701 205)
3(205 701 704)
3(513 704 701)
3(513 205 704)
3(643 385 193)
3(643 193 646)
3(643 646 385)
3(193 385 646)
3(675 200 780)
3(675 780 145)
3(739 289 671)
3(289 764 671)
3(593 604 786)
3(593 786 794)
3(593 794 604)
3(438 391 797)
3(390 797 391)
3(304 759 233)
3(304 737 759)
3(677 428 427)
3(677 427 800)
3(677 800 428)
3(427 428 800)
3(711 299 762)
3(702 762 299)
3(721 26 692)
3(769 721 692)
3(339 115 784)
3(115 340 784)
3(538 221 606)
3(531 538 606)
3(662 24 36)
3(662 768 24)
3(738 625 225)
3(268 225 625)
3(738 268 625)
3(327 93 775)
3(328 775 93)
3(54 241 804)
3(54 53 241)
3(54 804 53)
3(241 53 804)
3(506 513 701)
3(506 701 205)
3(378 643 385)
3(378 193 643)
3(213 624 619)
3(639 624 213)
3(32 634 29)
3(32 29 19)
3(764 687 290)
3(764 290 671)
3(624 213 632)
3(607 632 213)
3(592 594 484)
3(592 793 594)
3(242 193 192)
3(242 69 193)
3(205 248 204)
3(205 90 248)
3(152 358 779)
3(152 779 361)
3(622 212 611)
3(622 627 212)
3(212 627 611)
3(351 787 136)
3(353 136 787)
3(625 615 217)
3(31 217 615)
3(625 31 615)
3(625 217 31)
3(102 774 331)
3(102 333 774)
3(315 66 781)
3(66 316 781)
3(481 450 796)
3(485 796 450)
3(695 803 22)
3(695 722 803)
3(722 22 803)
3(695 22 722)
3(741 276 642)
3(610 802 639)
3(485 604 463)
3(492 463 604)
3(29 611 736)
3(29 223 611)
3(29 736 223)
3(261 718 631)
3(261 631 699)
3(718 699 631)
3(460 470 786)
3(484 462 603)
3(462 494 603)
3(34 31 625)
3(636 34 625)
3(220 613 606)
3(220 531 613)
3(613 531 606)
3(197 661 384)
3(197 658 661)
3(197 384 658)
3(658 384 661)
3(512 719 199)
3(716 199 719)
3(512 199 716)
3(512 716 719)
3(289 680 739)
3(695 689 803)
3(695 803 635)
3(689 635 803)
3(695 635 689)
3(217 609 615)
3(625 609 217)
3(596 550 220)
3(596 187 550)
3(596 220 187)
3(338 784 118)
3(340 118 784)
3(592 484 603)
3(592 603 790)
3(664 694 802)
3(664 802 16)
3(694 16 802)
3(664 16 694)
3(744 277 653)
3(744 644 277)
3(694 637 802)
3(674 802 637)
3(674 694 802)
3(674 637 694)
3(590 221 551)
3(590 551 188)
3(590 188 221)
3(659 741 275)
3(741 642 275)
3(31 738 625)
3(225 31 625)
3(225 738 31)
3(22 689 803)
3(695 689 22)
3(231 302 747)
3(731 747 302)
3(114 339 784)
3(114 784 341)
3(738 625 34)
3(738 34 31)
3(538 31 606)
3(221 606 31)
3(786 470 796)
3(448 786 796)
3(29 611 622)
3(212 29 622)
3(212 611 29)
3(303 232 747)
3(303 747 731)
3(224 613 606)
3(198 281 640)
3(198 640 669)
3(198 669 281)
3(281 669 640)
3(641 624 252)
3(641 252 607)
3(30 803 612)
3(30 537 803)
3(30 612 537)
3(537 612 803)
3(290 746 687)
3(711 299 742)
3(624 252 651)
3(311 56 783)
3(312 783 56)
3(650 179 660)
3(650 660 19)
3(650 19 179)
3(708 718 189)
3(708 23 718)
3(708 189 23)
3(62 310 783)
3(62 783 312)
3(635 722 803)
3(695 722 635)
3(539 28 605)
3(605 28 215)
3(539 605 215)
3(701 204 205)
3(701 205 248)
3(701 248 204)
3(643 193 192)
3(643 242 193)
3(643 192 242)
3(711 765 298)
3(298 765 700)
3(22 172 778)
3(172 171 778)
3(22 778 171)
3(552 183 686)
3(552 686 216)
3(686 183 216)
3(197 669 640)
3(280 197 640)
3(280 669 197)
3(280 640 669)
3(319 74 782)
3(321 782 74)
3(646 194 659)
3(646 668 194)
3(29 32 611)
3(634 611 32)
3(539 28 629)
3(28 605 629)
3(539 629 605)
3(167 166 777)
3(398 777 166)
3(398 167 777)
3(369 778 15)
3(367 15 778)
3(664 637 802)
3(664 694 637)
3(369 169 778)
3(366 778 169)
3(323 85 791)
3(324 791 85)
3(629 539 802)
3(28 629 802)
3(28 802 539)
3(224 221 549)
3(224 549 220)
3(219 608 620)
3(218 620 608)
3(218 219 620)
3(224 267 613)
3(732 613 267)
3(790 447 793)
3(468 790 793)
3(650 179 667)
3(708 725 189)
3(725 699 190)
3(725 190 189)
3(189 190 699)
3(641 667 180)
3(667 179 180)
3(641 180 179)
3(427 677 429)
3(677 428 429)
3(668 642 195)
3(668 195 194)
3(718 609 261)
3(718 631 609)
3(611 736 32)
3(29 32 736)
3(14 167 777)
3(439 14 777)
3(439 777 167)
3(551 225 221)
3(551 590 225)
3(225 590 221)
3(507 719 199)
3(507 512 719)
3(379 197 661)
3(379 661 384)
3(613 266 223)
3(613 732 266)
3(613 223 732)
3(24 659 646)
3(24 646 194)
3(19 51 792)
3(51 52 792)
3(19 792 52)
3(224 188 549)
3(224 221 188)
3(187 224 549)
3(187 220 224)
3(80 791 322)
3(80 325 791)
3(200 779 675)
3(675 779 780)
3(200 780 779)
3(134 669 788)
3(669 125 788)
3(550 220 223)
3(550 223 596)
3(220 596 223)
3(21 799 487)
3(464 487 799)
3(21 464 799)
3(188 461 596)
3(187 596 461)
3(400 798 393)
3(400 401 798)
3(401 393 798)
3(219 633 620)
3(758 277 653)
3(199 679 777)
3(777 679 778)
3(199 777 778)
3(656 195 668)
3(642 195 656)
3(703 803 22)
3(703 22 191)
3(191 22 803)
3(660 251 607)
3(641 607 251)
3(645 16 802)
3(645 181 16)
3(16 181 802)
3(538 31 615)
3(31 606 615)
3(538 615 606)
3(214 629 539)
3(214 539 802)
3(214 802 629)
3(499 793 95)
3(474 95 793)
3(298 711 742)
3(786 460 794)
3(209 704 717)
3(209 726 704)
3(263 709 628)
3(263 628 703)
3(417 780 203)
3(203 780 795)
3(417 795 780)
3(458 790 468)
3(30 689 803)
3(30 22 689)
3(30 803 22)
3(601 72 782)
3(480 72 601)
3(480 782 72)
3(674 802 626)
3(674 626 637)
3(637 626 802)
3(210 726 700)
3(210 714 726)
3(210 700 714)
3(603 799 598)
3(603 598 790)
3(790 598 799)
3(603 790 799)
3(200 285 715)
3(675 285 200)
3(675 200 715)
3(675 715 285)
3(698 200 285)
3(698 715 200)
3(198 657 640)
3(198 281 657)
3(704 717 27)
3(704 27 209)
3(502 483 794)
3(502 794 59)
3(483 59 794)
3(152 779 146)
3(152 147 779)
3(147 146 779)
3(477 793 454)
3(484 454 793)
3(23 723 708)
3(665 19 650)
3(458 790 486)
3(458 469 790)
3(200 672 698)
3(200 285 672)
3(672 285 698)
3(20 778 22)
3(20 172 778)
3(678 435 429)
3(678 402 435)
3(678 429 402)
3(722 703 803)
3(22 703 722)
3(594 233 207)
3(208 594 207)
3(208 233 594)
3(685 787 690)
3(685 683 787)
3(683 690 787)
3(709 608 263)
3(645 664 802)
3(16 664 645)
3(215 605 682)
3(215 682 28)
3(605 28 682)
3(405 396 800)
3(396 174 800)
3(405 800 174)
3(627 660 251)
3(672 698 199)
3(209 210 726)
3(679 672 777)
3(679 777 677)
3(672 677 777)
3(224 596 549)
3(224 549 590)
3(224 590 596)
3(470 471 786)
3(485 470 786)
3(674 16 802)
3(674 694 16)
3(204 701 514)
3(204 708 701)
3(708 514 701)
3(204 514 708)
3(192 386 643)
3(192 643 650)
3(386 650 643)
3(192 650 386)
3(169 170 679)
3(169 778 170)
3(679 170 778)
3(275 659 761)
3(358 154 779)
3(154 360 779)
3(425 678 785)
3(785 678 795)
3(425 785 795)
3(27 704 720)
3(24 662 646)
3(24 659 662)
3(606 225 625)
3(689 612 803)
3(689 635 612)
3(612 635 803)
3(469 488 603)
3(603 488 790)
3(498 6 775)
3(6 92 775)
3(335 110 776)
3(110 336 776)
3(107 334 776)
3(107 776 336)
3(675 672 200)
3(682 182 552)
3(682 215 182)
3(636 34 738)
3(636 738 625)
3(770 737 38)
3(770 759 737)
3(207 591 493)
3(463 493 591)
3(207 463 591)
3(512 191 716)
3(22 716 191)
3(22 512 716)
3(181 384 658)
3(16 181 658)
3(16 658 384)
3(197 640 658)
3(197 658 280)
3(633 803 628)
3(206 232 591)
3(206 591 231)
3(232 231 591)
3(206 207 591)
3(207 232 591)
3(485 463 591)
3(505 591 463)
3(505 485 591)
3(490 596 794)
3(491 596 490)
3(491 794 596)
3(657 198 661)
3(661 198 383)
3(657 383 198)
3(657 661 383)
3(200 715 719)
3(200 719 511)
3(200 511 715)
3(511 719 715)
3(447 94 793)
3(453 793 94)
3(610 253 651)
3(624 651 253)
3(645 610 253)
3(31 625 606)
3(31 606 225)
3(75 319 782)
3(320 75 782)
3(199 716 679)
3(22 716 199)
3(22 679 716)
3(394 388 795)
3(394 795 395)
3(232 207 594)
3(232 594 233)
3(205 701 294)
3(205 294 704)
3(193 272 643)
3(193 646 272)
3(670 30 630)
3(216 30 670)
3(469 468 790)
3(468 484 790)
3(192 804 54)
3(192 241 804)
3(192 54 241)
3(196 657 25)
3(196 644 657)
3(25 657 644)
3(219 620 621)
3(537 620 219)
3(537 621 620)
3(537 219 621)
3(257 605 682)
3(257 682 215)
3(30 630 258)
3(30 258 670)
3(670 258 630)
3(604 591 485)
3(604 463 591)
3(631 262 709)
3(262 608 709)
3(540 614 617)
3(540 617 622)
3(540 622 614)
3(594 207 493)
3(462 594 493)
3(462 207 594)
3(18 792 19)
3(18 51 792)
3(337 7 776)
3(7 335 776)
3(337 776 105)
3(334 105 776)
3(622 607 212)
3(204 701 506)
3(514 506 701)
3(192 378 643)
3(378 386 643)
3(444 148 795)
3(13 444 795)
3(13 795 148)
3(698 716 199)
3(698 199 719)
3(197 640 661)
3(389 390 801)
3(389 801 391)
3(390 391 801)
3(668 656 194)
3(656 195 194)
3(367 778 174)
3(368 174 778)
3(366 171 778)
3(171 368 778)
3(532 539 605)
3(532 605 215)
3(513 701 705)
3(506 705 701)
3(513 705 506)
3(647 643 385)
3(647 378 643)
3(647 385 378)
3(716 710 191)
3(716 512 710)
3(191 710 512)
3(181 652 658)
3(384 658 652)
3(384 652 181)
3(180 655 667)
3(180 641 655)
3(725 713 190)
3(190 713 699)
3(18 550 596)
3(18 596 187)
3(26 715 211)
3(702 211 715)
3(702 715 26)
3(533 617 619)
3(619 617 213)
3(533 213 617)
3(533 619 213)
3(540 613 220)
3(540 531 613)
3(32 634 736)
3(611 736 634)
3(36 735 768)
3(735 745 768)
3(674 28 802)
3(674 16 28)
3(28 16 802)
3(494 488 603)
3(453 793 475)
3(453 474 793)
3(474 475 793)
3(156 779 157)
3(413 157 779)
3(262 699 631)
3(440 423 800)
3(423 164 800)
3(440 800 164)
3(489 794 467)
3(452 467 794)
3(596 187 224)
3(224 188 590)
3(190 709 710)
3(191 710 709)
3(190 710 191)
3(190 191 709)
3(652 651 180)
3(652 181 651)
3(652 180 181)
3(180 651 181)
3(204 293 701)
3(204 708 293)
3(271 192 643)
3(271 650 192)
3(657 383 196)
3(25 383 657)
3(199 716 284)
3(199 284 679)
3(284 716 679)
3(199 284 698)
3(199 672 284)
3(284 672 698)
3(498 774 6)
3(103 6 774)
3(705 513 704)
3(385 647 646)
3(719 200 698)
3(198 661 640)
3(149 355 780)
3(356 149 780)
3(204 105 776)
3(247 204 776)
3(247 776 105)
3(247 105 204)
3(551 225 31)
3(31 225 221)
3(21 590 551)
3(188 590 21)
3(538 606 614)
3(531 614 606)
3(538 614 531)
3(499 793 5)
3(95 5 793)
3(385 194 646)
3(668 385 646)
3(668 194 385)
3(501 75 796)
3(2 501 796)
3(2 796 75)
3(552 686 182)
3(682 182 686)
3(682 686 552)
3(476 208 599)
3(599 208 793)
3(476 599 793)
3(511 715 211)
3(26 715 511)
3(162 163 777)
3(501 478 796)
3(75 796 478)
3(484 462 594)
3(603 484 594)
3(603 594 462)
3(282 25 663)
3(282 693 25)
3(282 663 693)
3(217 615 538)
3(713 189 725)
3(190 189 713)
3(655 667 179)
3(655 179 180)
3(432 686 182)
3(432 402 686)
3(182 686 402)
3(590 799 603)
3(590 603 488)
3(590 488 799)
3(488 603 799)
3(540 29 613)
3(622 613 29)
3(622 29 540)
3(622 540 613)
3(479 796 73)
3(479 480 796)
3(480 73 796)
3(616 618 534)
3(617 534 618)
3(617 616 534)
3(550 29 223)
3(29 220 223)
3(258 30 612)
3(612 30 630)
3(602 487 799)
3(590 487 602)
3(590 602 799)
3(590 799 487)
3(596 600 490)
3(596 794 600)
3(490 600 794)
3(703 635 803)
3(628 635 703)
3(628 803 635)
3(98 99 776)
3(104 98 776)
3(104 776 99)
3(167 363 777)
3(138 137 787)
3(138 787 407)
3(695 22 283)
3(722 283 22)
3(722 695 283)
3(618 532 638)
3(532 621 638)
3(618 621 532)
3(703 635 722)
3(281 198 684)
3(684 198 669)
3(385 24 646)
3(318 78 782)
3(78 320 782)
3(30 258 689)
3(30 689 670)
3(601 3 782)
3(3 72 782)
3(679 199 672)
3(703 716 191)
3(703 22 716)
3(181 658 645)
3(16 645 658)
3(183 686 182)
3(492 595 604)
3(463 595 492)
3(463 604 595)
3(444 415 795)
3(148 795 415)
3(197 280 685)
3(197 685 669)
3(539 629 533)
3(638 629 539)
3(638 533 629)
3(638 539 533)
3(175 423 800)
3(440 175 800)
3(714 726 209)
3(714 209 210)
3(677 785 427)
3(677 429 785)
3(215 682 553)
3(28 553 682)
3(504 462 594)
3(26 715 675)
3(200 715 26)
3(393 129 798)
3(400 798 129)
3(459 57 783)
3(459 783 794)
3(783 57 794)
3(513 704 209)
3(513 726 704)
3(513 209 726)
3(617 618 533)
3(619 533 618)
3(664 610 802)
3(664 637 610)
3(610 637 802)
3(188 461 590)
3(596 590 461)
3(485 597 591)
3(604 591 597)
3(513 27 704)
3(205 704 27)
3(193 24 646)
3(713 189 706)
3(706 189 725)
3(655 648 179)
3(179 648 667)
3(279 664 16)
3(279 16 694)
3(279 694 664)
3(151 417 780)
3(151 780 203)
3(654 657 196)
3(654 196 644)
3(365 165 800)
3(365 800 166)
3(165 166 800)
3(198 684 657)
3(684 281 657)
3(595 494 603)
3(462 494 595)
3(462 595 603)
3(441 9 789)
3(115 789 9)
3(354 146 780)
3(356 780 146)
3(28 802 626)
3(28 626 674)
3(365 777 164)
3(163 164 777)
3(205 248 294)
3(701 294 248)
3(272 242 193)
3(643 242 272)
3(220 29 613)
3(632 619 213)
3(200 779 672)
3(675 672 779)
3(182 683 432)
3(683 431 432)
3(182 431 683)
3(721 26 675)
3(721 675 692)
3(675 26 692)
3(117 789 127)
3(116 127 789)
3(117 116 789)
3(478 497 796)
3(479 796 497)
3(479 478 796)
3(117 684 784)
3(117 784 118)
3(684 118 784)
3(195 656 653)
3(790 486 799)
3(458 790 799)
3(130 349 788)
3(130 788 347)
3(349 132 788)
3(346 788 132)
3(223 613 611)
3(712 211 715)
3(712 702 211)
3(640 661 379)
3(698 507 719)
3(645 664 610)
3(785 427 800)
3(677 785 800)
3(590 602 551)
3(225 551 602)
3(225 602 590)
3(611 613 29)
3(685 197 658)
3(685 658 280)
3(550 600 596)
3(550 223 600)
3(596 600 223)
3(689 612 30)
3(657 383 654)
3(383 196 654)
3(169 168 778)
3(168 199 778)
3(201 202 688)
3(201 688 446)
3(446 688 202)
3(199 672 777)
3(214 629 533)
3(473 66 781)
3(66 67 781)
3(473 781 67)
3(626 605 28)
3(28 605 256)
3(626 28 256)
3(603 592 594)
3(343 124 789)
3(124 345 789)
3(421 112 784)
3(201 421 784)
3(201 784 112)
3(126 342 789)
3(126 789 345)
3(497 796 449)
3(478 449 796)
3(491 471 604)
3(200 719 507)
3(511 507 719)
3(198 379 661)
3(379 383 661)
3(204 293 248)
3(701 248 293)
3(192 242 271)
3(271 242 643)
3(196 654 653)
3(654 195 653)
3(196 195 654)
3(691 432 412)
3(691 433 432)
3(370 181 802)
3(16 370 802)
3(492 604 491)
3(115 114 784)
3(419 784 114)
3(419 115 784)
3(714 210 711)
3(248 205 791)
3(248 775 205)
3(205 775 791)
3(248 791 775)
3(705 513 726)
3(385 647 668)
3(212 622 632)
3(607 212 632)
3(355 150 780)
3(150 357 780)
3(712 511 715)
3(712 211 511)
3(614 538 615)
3(497 450 796)
3(497 796 481)
3(629 28 626)
3(531 614 613)
3(389 436 801)
3(389 801 414)
3(612 258 689)
3(191 374 803)
3(374 22 803)
3(29 223 613)
3(90 326 775)
3(90 775 328)
3(20 778 405)
3(405 778 800)
3(20 800 778)
3(20 405 800)
3(399 785 410)
3(399 427 785)
3(691 426 404)
3(691 404 433)
3(682 256 28)
3(682 605 256)
3(510 714 707)
3(510 707 515)
3(515 707 714)
3(510 515 714)
3(382 649 656)
3(382 387 649)
3(649 387 656)
3(382 656 387)
3(190 709 713)
3(190 713 710)
3(655 651 180)
3(655 180 652)
3(161 364 777)
3(160 777 364)
3(160 161 777)
3(300 702 769)
3(300 762 702)
3(682 553 182)
3(509 707 724)
3(509 724 713)
3(509 713 707)
3(381 666 649)
3(381 655 666)
3(381 649 655)
3(291 692 746)
3(291 769 692)
3(535 534 616)
3(535 618 534)
3(535 616 618)
3(457 102 774)
3(103 774 102)
3(103 457 774)
3(28 674 553)
3(553 674 683)
3(28 553 683)
3(28 683 674)
3(418 395 795)
3(425 795 395)
3(399 409 785)
3(405 406 800)
3(396 800 406)
3(491 492 595)
3(491 595 604)
3(510 724 707)
3(510 714 724)
3(649 666 382)
3(382 666 656)
3(191 703 710)
3(645 181 652)
3(712 711 211)
3(137 136 787)
3(663 657 25)
3(25 657 282)
3(461 595 491)
3(461 492 595)
3(769 300 721)
3(212 540 622)
3(787 392 798)
3(407 787 798)
3(248 205 249)
3(249 205 791)
3(248 249 791)
3(691 412 798)
3(798 412 801)
3(691 798 801)
3(219 633 621)
3(57 783 56)
3(218 620 623)
3(617 540 534)
3(617 534 614)
3(540 614 534)
3(386 643 648)
3(648 643 378)
3(386 648 378)
3(514 706 701)
3(506 701 706)
3(506 706 514)
3(712 711 210)
3(712 210 211)
3(553 682 674)
3(682 28 674)
3(686 683 432)
3(182 683 686)
3(678 435 785)
3(429 678 785)
3(398 166 800)
3(166 397 800)
3(622 540 534)
3(617 622 534)
3(708 514 189)
3(725 514 708)
3(725 189 514)
3(650 179 386)
3(667 650 386)
3(667 386 179)
3(476 87 599)
3(708 514 706)
3(386 650 648)
3(197 142 787)
3(685 787 142)
3(685 197 787)
3(11 787 136)
3(11 442 787)
3(644 25 663)
3(26 721 715)
3(292 723 34)
3(292 729 723)
3(270 32 665)
3(730 270 665)
3(679 778 677)
3(777 677 778)
3(157 779 158)
3(157 388 779)
3(388 158 779)
3(697 203 202)
3(697 671 203)
3(697 202 671)
3(170 679 22)
3(654 195 656)
3(427 399 800)
3(397 427 800)
3(424 393 798)
3(408 798 393)
3(601 24 782)
3(24 3 782)
3(601 3 24)
3(715 675 721)
3(721 675 286)
3(721 286 692)
3(61 804 60)
3(61 55 804)
3(55 60 804)
3(697 678 445)
3(697 795 678)
3(697 445 795)
3(771 673 287)
3(771 287 693)
3(411 412 801)
3(411 801 401)
3(412 401 801)
3(161 162 777)
3(197 16 658)
3(512 710 719)
3(652 384 661)
3(632 617 213)
3(688 403 445)
3(688 445 697)
3(688 697 403)
3(697 445 403)
3(18 600 596)
3(18 550 600)
3(213 534 632)
3(212 632 534)
3(213 632 212)
3(403 678 425)
3(445 678 403)
3(605 638 539)
3(532 638 605)
3(532 539 638)
3(480 782 73)
3(72 73 782)
3(48 483 794)
3(48 794 502)
3(410 785 409)
3(425 409 785)
3(615 217 623)
3(283 679 22)
3(695 22 679)
3(411 426 801)
3(787 424 798)
3(14 160 777)
3(1 56 783)
3(503 1 783)
3(352 139 787)
3(140 352 787)
3(595 493 463)
3(595 492 493)
3(493 594 591)
3(594 207 591)
3(712 714 210)
3(360 779 156)
3(155 156 779)
3(360 155 779)
3(620 535 537)
3(620 219 535)
3(510 509 707)
3(510 724 509)
3(382 649 381)
3(382 381 666)
3(255 674 637)
3(694 255 637)
3(536 614 538)
3(536 615 614)
3(536 538 615)
3(270 19 665)
3(270 32 19)
3(292 723 23)
3(292 23 34)
3(14 777 779)
3(439 779 777)
3(590 602 21)
3(21 602 551)
3(703 264 635)
3(703 628 264)
3(533 617 534)
3(533 534 618)
3(295 38 720)
3(295 720 727)
3(662 36 273)
3(728 662 273)
3(638 533 532)
3(638 618 533)
3(618 532 533)
3(332 774 96)
3(332 97 774)
3(97 96 774)
3(680 202 688)
3(680 688 201)
3(601 796 597)
3(601 591 796)
3(591 597 796)
3(601 597 591)
3(354 780 144)
3(357 144 780)
3(706 705 509)
3(509 705 707)
3(706 509 707)
3(381 647 648)
3(381 649 647)
3(381 648 649)
3(678 435 425)
3(19 386 650)
3(514 23 708)
3(291 687 746)
3(21 602 487)
3(21 799 602)
3(242 192 783)
3(62 783 192)
3(62 242 783)
3(197 669 788)
3(197 788 134)
3(86 85 791)
3(494 488 595)
3(595 488 603)
3(553 682 683)
3(493 591 595)
3(463 595 591)
3(760 673 287)
3(22 722 716)
3(22 716 283)
3(426 691 797)
3(426 797 801)
3(797 691 801)
3(774 457 799)
3(102 774 799)
3(264 635 722)
3(626 629 802)
3(16 658 664)
3(16 279 658)
3(447 93 775)
3(93 94 775)
3(447 775 94)
3(479 796 74)
3(73 74 796)
3(686 432 691)
3(432 402 691)
3(686 691 402)
3(380 180 652)
3(380 652 655)
3(380 655 180)
3(508 710 190)
3(508 713 710)
3(508 190 713)
3(191 508 710)
3(652 380 181)
3(619 533 629)
3(619 638 533)
3(428 406 800)
3(428 800 405)
3(16 658 685)
3(412 430 798)
3(412 798 401)
3(430 401 798)
3(662 24 273)
3(24 36 273)
3(720 295 27)
3(38 27 295)
3(250 660 634)
3(250 634 665)
3(659 274 768)
3(662 768 274)
3(659 768 662)
3(683 553 182)
3(683 182 682)
3(142 787 143)
3(197 143 787)
3(675 286 715)
3(688 403 202)
3(688 202 445)
3(255 674 626)
3(467 490 794)
3(668 656 387)
3(387 656 194)
3(668 387 194)
3(59 313 783)
3(60 59 783)
3(59 58 783)
3(93 472 775)
3(92 93 775)
3(429 686 428)
3(677 428 686)
3(429 677 686)
3(614 531 536)
3(384 661 380)
3(652 380 661)
3(384 380 652)
3(512 508 719)
3(508 710 719)
3(512 710 508)
3(198 25 657)
3(25 684 657)
3(25 282 684)
3(25 684 693)
3(590 799 598)
3(590 598 603)
3(537 621 535)
3(620 535 621)
3(269 738 636)
3(269 636 34)
3(305 770 737)
3(305 38 770)
3(672 676 777)
3(677 777 676)
3(347 788 128)
3(348 128 788)
3(346 134 788)
3(348 788 134)
3(404 681 446)
3(404 446 797)
3(404 797 681)
3(446 681 797)
3(725 514 706)
3(648 386 667)
3(65 796 448)
3(66 448 796)
3(65 66 796)
3(4 791 87)
3(599 87 791)
3(4 599 791)
3(214 629 619)
3(214 619 533)
3(183 686 428)
3(183 429 686)
3(678 402 434)
3(678 434 435)
3(623 616 218)
3(623 536 616)
3(623 218 536)
3(616 536 218)
3(462 493 595)
3(494 595 493)
3(616 218 620)
3(605 532 621)
3(449 65 796)
3(479 481 796)
3(534 213 617)
3(451 794 467)
3(466 467 794)
3(451 466 794)
3(508 724 713)
3(509 724 508)
3(509 508 713)
3(380 655 666)
3(380 666 381)
3(380 381 655)
3(536 615 623)
3(616 615 536)
3(17 683 553)
3(182 683 17)
3(744 663 278)
3(744 278 644)
3(744 644 663)
3(379 380 661)
3(379 666 380)
3(379 661 666)
3(666 661 380)
3(508 507 719)
3(508 724 507)
3(507 724 719)
3(508 719 724)
3(493 594 595)
3(595 594 591)
3(473 786 781)
3(66 781 786)
3(270 19 650)
3(23 292 708)
3(142 141 787)
3(685 141 142)
3(685 787 141)
3(674 28 256)
3(626 674 256)
3(506 706 705)
3(506 705 509)
3(506 509 706)
3(648 378 647)
3(381 647 378)
3(648 381 378)
3(219 537 803)
3(122 343 789)
3(344 122 789)
3(9 789 342)
3(9 344 789)
3(393 798 130)
3(424 130 798)
3(594 595 462)
3(488 595 461)
3(461 595 494)
3(23 708 204)
3(19 192 650)
3(265 634 736)
3(32 634 265)
3(735 768 301)
3(36 301 768)
3(622 212 534)
3(111 799 482)
3(111 500 799)
3(500 482 799)
3(71 76 782)
3(76 77 782)
3(71 782 77)
3(535 621 532)
3(535 532 618)
3(535 618 621)
3(613 540 614)
3(614 540 531)
3(509 515 707)
3(509 705 515)
3(515 705 707)
3(381 649 387)
3(381 387 647)
3(647 387 649)
3(710 508 724)
3(380 652 666)
3(714 726 515)
3(714 515 209)
3(209 515 726)
3(70 781 69)
3(193 69 781)
3(70 193 781)
3(536 217 623)
3(536 615 217)
3(789 419 797)
3(390 789 797)
3(351 137 787)
3(647 668 194)
3(385 647 194)
3(761 659 274)
3(768 659 761)
3(117 340 784)
3(116 784 340)
3(116 117 784)
3(685 788 690)
3(685 787 788)
3(787 690 788)
3(260 636 718)
3(723 636 260)
3(775 93 790)
3(472 775 790)
3(616 218 535)
3(616 535 620)
3(620 535 218)
3(296 717 770)
3(296 770 720)
3(428 696 686)
3(183 696 428)
3(183 686 696)
3(502 804 59)
3(502 794 804)
3(794 59 804)
3(426 404 797)
3(691 797 404)
3(435 403 678)
3(774 6 775)
3(646 24 273)
3(27 704 295)
3(467 483 794)
3(483 451 794)
3(16 685 279)
3(16 694 685)
3(629 214 639)
3(629 639 802)
3(771 663 278)
3(771 744 663)
3(254 610 664)
3(254 664 637)
3(705 515 714)
3(705 726 515)
3(647 656 387)
3(647 387 668)
3(99 98 774)
3(139 787 138)
3(269 738 625)
3(759 737 305)
3(29 32 792)
3(29 600 32)
3(29 792 600)
3(32 600 792)
3(465 799 486)
3(465 456 799)
3(217 623 218)
3(202 688 434)
3(434 688 403)
3(158 388 795)
3(158 795 394)
3(412 798 432)
3(691 432 798)
3(404 434 688)
3(691 404 688)
3(691 688 434)
3(691 434 404)
3(259 635 689)
3(259 695 635)
3(14 155 777)
3(155 160 777)
3(250 660 627)
3(671 202 688)
3(475 454 793)
3(617 534 632)
3(388 785 795)
3(409 795 785)
3(436 411 801)
3(444 159 795)
3(415 795 159)
3(331 774 103)
3(688 446 681)
3(688 681 201)
3(446 201 681)
3(499 5 791)
3(499 791 84)
3(5 84 791)
3(198 789 669)
3(125 669 789)
3(198 125 789)
3(688 404 202)
3(532 537 621)
3(535 536 616)
3(616 536 534)
3(21 487 590)
3(188 590 487)
3(777 166 800)
3(398 777 800)
3(141 787 140)
3(697 203 780)
3(697 780 795)
3(697 795 203)
3(96 775 91)
3(90 91 775)
3(96 90 775)
3(645 254 610)
3(446 404 688)
3(688 404 681)
3(225 221 224)
3(225 734 221)
3(82 322 791)
3(82 791 324)
3(716 283 679)
3(511 719 712)
3(383 654 661)
3(378 387 647)
3(515 506 705)
3(430 798 432)
3(599 594 793)
3(599 208 594)
3(594 208 793)
3(683 432 691)
3(159 795 13)
3(96 6 774)
3(18 596 490)
3(187 490 596)
3(447 790 775)
3(205 90 775)
3(90 248 775)
3(209 726 705)
3(209 705 513)
3(429 678 677)
3(677 678 785)
3(614 616 534)
3(396 800 175)
3(396 423 800)
3(432 798 683)
3(691 683 798)
3(507 510 724)
3(508 724 510)
3(379 666 382)
3(380 382 666)
3(174 173 778)
3(405 778 173)
3(405 174 778)
3(202 697 445)
3(445 697 203)
3(200 154 779)
3(154 153 779)
3(200 779 153)
3(487 465 799)
3(486 487 799)
3(146 200 779)
3(200 152 779)
3(198 684 784)
3(117 198 784)
3(390 801 121)
3(389 121 801)
3(220 223 224)
3(220 732 223)
3(684 657 282)
3(67 315 781)
3(67 781 68)
3(402 691 433)
3(488 461 590)
3(488 590 188)
3(314 71 781)
3(70 781 71)
3(105 776 104)
3(204 104 776)
3(192 804 55)
3(54 55 804)
3(688 403 678)
3(434 688 678)
3(434 678 403)
3(98 97 774)
3(713 189 509)
3(706 713 509)
3(706 509 189)
3(179 655 381)
3(655 648 381)
3(179 381 648)
3(369 168 778)
3(15 168 778)
3(259 612 689)
3(533 535 618)
3(247 204 774)
3(774 204 776)
3(247 774 776)
3(195 387 656)
3(175 174 800)
3(464 799 455)
3(110 455 799)
3(464 110 799)
3(735 745 301)
3(611 736 265)
3(155 14 779)
3(153 358 779)
3(152 153 779)
3(164 800 365)
3(164 165 800)
3(717 743 296)
3(590 221 224)
3(590 224 225)
3(719 510 507)
3(511 510 719)
3(382 661 379)
3(383 661 382)
3(491 596 595)
3(461 595 596)
3(461 596 491)
3(353 143 787)
3(11 353 787)
3(11 787 143)
3(50 466 804)
3(50 804 49)
3(466 49 804)
3(464 465 799)
3(59 0 804)
3(502 804 0)
3(594 207 504)
3(594 504 208)
3(510 724 719)
3(666 382 661)
3(719 712 510)
3(511 510 712)
3(382 654 661)
3(382 383 654)
3(71 781 2)
3(314 2 781)
3(429 686 678)
3(686 402 678)
3(429 402 686)
3(118 119 784)
3(338 784 119)
3(199 161 777)
3(161 672 777)
3(17 138 787)
3(407 17 787)
3(687 203 697)
3(91 6 775)
3(6 96 775)
3(22 689 778)
3(689 30 778)
3(22 778 30)
3(595 591 604)
3(89 775 326)
3(89 88 775)
3(270 19 241)
3(650 270 241)
3(650 241 19)
3(292 247 23)
3(292 708 247)
3(23 247 708)
3(224 220 596)
3(224 596 223)
3(453 95 793)
3(595 461 590)
3(595 590 488)
3(609 718 260)
3(685 788 669)
3(690 669 788)
3(685 197 788)
3(197 787 788)
3(614 536 616)
3(243 24 273)
3(646 243 273)
3(646 24 243)
3(295 27 249)
3(295 249 704)
3(27 704 249)
3(696 428 677)
3(696 677 800)
3(696 800 428)
3(192 241 783)
3(192 783 804)
3(783 241 804)
3(131 130 788)
3(130 424 788)
3(131 788 424)
3(88 5 775)
3(329 775 5)
3(514 706 189)
3(648 386 179)
3(491 596 604)
3(595 604 596)
3(431 432 798)
3(431 798 683)
3(406 423 800)
3(25 673 784)
3(25 784 8)
3(673 8 784)
3(18 600 490)
3(431 407 798)
3(431 798 408)
3(590 595 596)
3(786 783 794)
3(459 786 794)
3(190 509 713)
3(180 655 381)
3(614 536 534)
3(531 614 534)
3(115 116 784)
3(279 658 685)
3(447 775 793)
3(775 94 793)
3(697 688 202)
3(57 311 783)
3(58 57 783)
3(61 60 783)
3(310 61 783)
3(647 387 194)
3(420 422 797)
3(438 797 422)
3(681 201 680)
3(782 73 796)
3(620 618 535)
3(95 94 775)
3(95 775 329)
3(69 317 781)
3(68 781 69)
3(596 491 187)
3(455 465 799)
3(61 804 783)
3(60 783 804)
3(243 242 193)
3(272 243 193)
3(294 205 249)
3(163 168 778)
3(163 778 15)
3(603 594 595)
3(505 207 591)
3(505 591 206)
3(515 210 714)
3(141 16 685)
3(501 64 796)
3(478 796 64)
3(673 681 201)
3(62 61 783)
3(595 590 603)
3(54 19 241)
3(19 53 241)
3(475 477 793)
3(31 551 602)
3(31 602 225)
3(515 513 705)
3(385 387 647)
3(204 248 774)
3(97 204 774)
3(97 774 248)
3(195 382 656)
3(338 8 784)
3(8 341 784)
3(406 800 427)
3(592 793 599)
3(592 599 594)
3(159 779 158)
3(159 361 779)
3(714 712 510)
3(712 724 510)
3(382 654 656)
3(666 654 382)
3(336 109 776)
3(108 336 776)
3(108 776 109)
3(672 154 779)
3(705 209 515)
3(247 248 204)
3(247 204 293)
3(192 242 241)
3(192 241 271)
3(416 795 394)
3(415 394 795)
3(416 415 795)
3(198 789 684)
3(669 684 789)
3(600 550 29)
3(600 29 223)
3(135 788 124)
3(125 124 788)
3(195 382 654)
3(499 793 791)
3(5 791 793)
3(125 788 789)
3(788 669 789)
3(675 676 780)
3(675 779 676)
3(676 779 780)
3(676 777 779)
3(777 672 779)
3(676 779 672)
3(426 446 797)
3(99 774 100)
3(333 100 774)
3(63 312 783)
3(1 783 312)
3(1 63 783)
3(679 22 689)
3(679 778 22)
3(679 689 778)
3(152 779 13)
3(361 13 779)
3(210 714 510)
3(478 796 74)
3(29 19 792)
3(19 32 792)
3(411 391 801)
3(391 426 801)
3(542 802 370)
3(214 370 802)
3(542 370 214)
3(466 490 794)
3(676 777 785)
3(676 785 779)
3(777 779 785)
3(401 798 801)
3(798 400 801)
3(455 482 799)
3(482 465 799)
3(399 785 800)
3(398 800 785)
3(92 775 328)
3(92 91 775)
3(91 328 775)
3(64 796 2)
3(101 774 102)
3(101 333 774)
3(696 689 30)
3(696 30 778)
3(696 778 689)
3(157 779 785)
3(779 413 785)
3(404 691 681)
3(681 691 797)
3(697 403 678)
3(601 36 782)
3(36 24 782)
3(601 24 36)
3(117 789 198)
3(127 198 789)
3(210 712 510)
3(775 774 790)
3(598 775 790)
3(598 774 775)
3(598 790 774)
3(28 17 683)
3(421 797 422)
3(201 422 797)
3(421 201 797)
3(729 269 636)
3(727 770 305)
3(341 113 784)
3(114 784 113)
3(71 2 782)
3(76 782 2)
3(112 784 113)
3(421 113 784)
3(89 90 775)
3(205 89 775)
3(129 128 788)
3(128 400 788)
3(129 788 400)
3(243 24 36)
3(38 27 249)
3(32 19 241)
3(247 23 34)
3(374 803 547)
3(374 219 803)
3(374 547 219)
3(476 475 793)
3(475 86 793)
3(476 793 86)
3(452 483 794)
3(475 793 85)
3(474 85 793)
3(265 730 634)
3(728 301 768)
3(650 271 241)
3(247 293 708)
3(488 590 487)
3(646 243 272)
3(294 249 704)
3(367 175 778)
3(175 15 778)
3(366 778 170)
3(790 775 793)
3(13 147 779)
3(451 794 48)
3(126 125 789)
3(198 126 789)
3(792 51 804)
3(52 804 51)
3(52 792 804)
3(594 232 591)
3(98 774 776)
3(774 99 776)
3(679 778 696)
3(677 696 778)
3(130 129 798)
3(654 196 382)
3(600 593 794)
3(596 794 593)
3(596 593 600)
3(402 434 691)
3(402 691 678)
3(691 434 678)
3(241 783 242)
3(26 780 687)
3(26 12 780)
3(12 687 780)
3(781 783 786)
3(473 783 781)
3(143 132 787)
3(11 787 132)
3(63 62 783)
3(687 780 697)
3(687 203 780)
3(193 242 781)
3(69 781 242)
3(174 175 778)
3(171 778 170)
3(122 414 801)
3(123 122 801)
3(87 791 325)
3(87 86 791)
3(388 779 785)
3(443 128 788)
3(128 10 788)
3(443 788 10)
3(774 790 799)
3(790 457 799)
3(774 457 790)
3(20 696 428)
3(44 768 662)
3(44 728 768)
3(44 662 728)
3(691 433 434)
3(183 686 402)
3(34 31 225)
3(74 782 75)
3(58 452 794)
3(58 794 57)
3(154 155 779)
3(779 388 795)
3(158 779 795)
3(791 84 793)
3(223 29 32)
3(9 789 120)
3(774 790 472)
3(172 778 368)
3(173 368 778)
3(172 173 778)
3(3 318 782)
3(321 3 782)
3(510 211 712)
3(47 770 727)
3(720 770 47)
3(720 47 727)
3(634 41 665)
3(634 730 41)
3(41 730 665)
3(17 139 787)
3(121 120 789)
3(390 121 789)
3(681 673 784)
3(673 684 784)
3(68 783 1)
3(68 63 783)
3(792 466 804)
3(50 792 804)
3(50 466 792)
3(672 154 777)
3(777 154 779)
3(514 509 706)
3(381 386 648)
3(85 86 793)
3(697 795 676)
3(678 676 795)
3(676 677 785)
3(677 777 785)
3(421 797 420)
3(349 131 788)
3(131 132 788)
3(365 777 800)
3(164 800 777)
3(430 393 798)
3(43 729 636)
3(723 43 636)
3(723 729 43)
3(430 798 431)
3(147 13 795)
3(148 147 795)
3(664 40 637)
3(40 694 637)
3(664 694 40)
3(45 663 771)
3(45 693 663)
3(45 771 693)
3(150 417 780)
3(150 780 151)
3(635 42 722)
3(695 42 635)
3(695 722 42)
3(769 721 46)
3(46 721 692)
3(769 46 692)
3(602 31 21)
3(676 697 780)
3(676 780 795)
3(198 789 784)
3(684 784 789)
3(111 799 455)
3(335 111 776)
3(110 776 111)
3(106 334 776)
3(106 776 107)
3(443 789 801)
3(789 123 801)
3(443 123 789)
3(109 776 110)
3(7 99 774)
3(7 774 100)
3(73 321 782)
3(73 782 74)
3(201 784 681)
3(201 673 784)
3(598 602 799)
3(590 602 598)
3(337 104 776)
3(7 776 104)
3(599 208 233)
3(594 599 233)
3(598 592 790)
3(598 775 592)
3(592 775 790)
3(23 247 776)
3(23 105 247)
3(242 781 243)
3(193 243 781)
3(600 18 29)
3(307 306 804)
3(308 804 306)
3(308 307 804)
3(231 206 601)
3(591 601 206)
3(591 231 601)
3(406 800 397)
3(147 146 780)
3(146 779 780)
3(147 780 779)
3(456 101 799)
3(102 799 101)
3(84 324 791)
3(85 84 791)
3(683 407 798)
3(431 407 683)
3(21 108 776)
3(109 21 776)
3(84 85 793)
3(247 248 774)
3(78 782 79)
3(318 79 782)
3(411 389 801)
3(717 743 297)
3(676 678 785)
3(128 788 801)
3(788 443 801)
3(370 28 802)
3(542 28 370)
3(595 461 493)
3(482 456 799)
3(150 780 149)
3(76 320 782)
3(320 77 782)
3(204 98 776)
3(116 789 9)
3(116 115 789)
3(675 687 780)
3(676 780 687)
3(354 145 780)
3(24 782 78)
3(24 243 782)
3(243 78 782)
3(676 795 785)
3(99 7 776)
3(17 431 683)
3(147 356 780)
3(111 776 7)
3(419 784 797)
3(114 797 784)
3(422 391 797)
3(81 791 322)
3(81 80 791)
3(30 374 803)
3(30 547 374)
3(26 675 780)
3(145 26 780)
3(20 778 173)
3(34 31 602)
3(34 602 225)
3(416 795 395)
3(670 30 696)
3(600 32 223)
3(430 408 798)
3(674 787 683)
3(17 683 787)
3(674 683 17)
3(674 17 787)
3(797 391 801)
3(390 797 801)
3(75 782 76)
3(626 639 802)
3(309 306 804)
3(309 804 307)
3(483 794 58)
3(117 789 784)
3(423 800 397)
3(341 112 784)
3(59 794 58)
3(407 787 683)
3(683 787 798)
3(145 780 144)
3(64 449 796)
3(77 782 78)
3(129 788 347)
3(129 130 788)
3(346 788 133)
3(132 133 788)
3(675 26 687)
3(597 782 796)
3(601 782 597)
3(72 321 782)
3(9 127 789)
3(419 789 784)
3(115 784 789)
3(22 170 778)
3(181 214 370)
3(25 684 673)
3(30 778 20)
3(696 20 778)
3(30 20 696)
3(124 789 123)
3(343 123 789)
3(127 342 789)
3(127 789 126)
3(418 416 795)
3(94 95 793)
3(133 134 788)
3(389 801 122)
3(17 407 683)
3(174 778 800)
3(155 777 779)
3(10 124 789)
3(10 789 123)
3(219 191 374)
3(16 674 685)
3(111 799 110)
3(242 783 786)
3(242 786 781)
3(242 781 783)
3(123 789 122)
3(792 794 804)
3(792 466 794)
3(794 466 804)
3(159 394 795)
3(416 417 795)
3(416 795 150)
3(417 150 795)
3(400 788 801)
3(348 135 788)
3(348 788 10)
3(135 10 788)
3(674 685 787)
3(16 787 685)
3(16 674 787)
3(774 96 775)
3(482 101 799)
3(17 28 674)
3(17 16 28)
3(17 674 16)
3(681 421 784)
3(681 201 421)
3(25 119 784)
3(25 784 118)
3(192 61 804)
3(192 783 61)
3(345 125 789)
3(125 789 124)
3(344 120 789)
3(121 344 789)
3(681 421 797)
3(681 797 784)
3(421 784 797)
3(48 794 804)
3(502 48 804)
3(83 88 791)
3(82 83 791)
3(82 791 88)
3(602 776 799)
3(21 799 776)
3(21 776 602)
3(147 779 795)
3(779 13 795)
3(247 34 776)
3(602 247 776)
3(602 776 34)
3(602 34 247)
3(243 36 782)
3(601 243 782)
3(601 36 243)
3(83 324 791)
3(84 83 791)
3(59 804 60)
3(59 783 804)
3(4 791 325)
3(10 788 124)
3(765 700 297)
3(22 20 30)
3(778 696 800)
3(20 800 696)
3(423 165 800)
3(779 785 795)
3(18 29 792)
3(18 792 600)
3(74 75 796)
3(149 416 795)
3(150 149 795)
3(199 162 777)
3(122 789 121)
3(785 777 800)
3(398 777 785)
3(119 8 784)
3(149 415 795)
3(446 422 797)
3(446 797 201)
3(400 798 788)
3(129 788 798)
3(681 201 797)
3(684 784 25)
3(306 53 804)
3(308 804 53)
3(628 612 803)
3(612 633 803)
3(79 24 782)
3(780 150 795)
3(784 116 789)
3(16 141 787)
3(781 2 782)
3(71 781 782)
3(593 794 792)
3(593 792 600)
3(600 792 794)
3(51 50 792)
3(51 804 50)
3(422 426 797)
3(426 391 797)
3(424 788 798)
3(788 130 798)
3(593 786 242)
3(593 242 783)
3(593 783 786)
3(390 801 789)
3(121 789 801)
3(83 5 791)
3(88 791 5)
3(149 148 795)
3(19 18 29)
3(71 193 781)
3(28 16 370)
3(397 165 800)
3(18 792 50)
3(18 466 792)
3(34 776 23)
3(80 4 791)
3(98 204 774)
3(690 683 798)
3(691 690 798)
3(58 794 783)
3(22 30 374)
3(144 26 780)
3(60 0 804)
3(597 242 786)
3(597 781 242)
3(597 786 781)
3(791 592 793)
3(599 592 791)
3(599 791 793)
3(774 7 776)
3(451 48 804)
3(49 804 48)
3(49 451 804)
3(241 32 792)
3(241 792 19)
3(50 804 308)
3(50 307 804)
3(782 74 796)
3(122 121 801)
3(205 88 775)
3(85 791 793)
3(791 86 793)
3(681 690 797)
3(690 691 797)
3(59 783 794)
3(794 783 804)
3(610 802 626)
3(38 27 599)
3(249 599 27)
3(249 38 599)
3(124 788 789)
3(593 597 786)
3(604 597 593)
3(690 787 798)
3(451 794 804)
3(79 782 3)
3(696 30 554)
3(159 158 795)
3(592 603 598)
3(783 792 804)
3(783 241 792)
3(792 241 804)
3(792 783 794)
3(593 783 792)
3(593 794 783)
3(784 690 797)
3(151 357 780)
3(241 600 792)
3(241 32 600)
3(782 781 796)
3(2 782 796)
3(2 796 781)
3(101 774 799)
3(88 791 775)
3(5 775 791)
3(248 775 598)
3(248 598 774)
3(248 774 775)
3(775 95 793)
3(597 242 593)
3(598 776 799)
3(602 776 598)
3(798 788 801)
3(788 789 801)
3(788 443 789)
3(306 804 54)
3(309 54 804)
3(778 677 800)
3(691 690 801)
3(690 798 801)
3(787 788 798)
3(787 424 788)
3(8 112 784)
3(789 784 797)
3(789 797 801)
3(88 205 791)
3(248 775 592)
3(248 592 598)
3(64 65 796)
3(690 788 798)
3(797 690 801)
3(308 804 51)
3(308 52 804)
3(782 75 796)
3(197 788 133)
3(791 775 793)
3(592 793 775)
3(592 775 791)
3(593 783 241)
3(593 241 792)
3(144 780 12)
3(357 12 780)
3(0 804 55)
3(775 793 5)
3(175 778 800)
3(307 48 804)
3(48 309 804)
3(159 779 795)
3(110 776 799)
3(111 799 776)
3(0 48 804)
3(780 779 795)
3(147 780 795)
3(10 788 789)
3(690 789 788)
3(690 669 789)
3(241 593 242)
3(247 774 598)
3(598 774 776)
3(247 598 776)
3(12 780 151)
3(597 243 781)
3(597 781 782)
3(597 782 243)
3(781 243 782)
3(780 149 795)
3(598 247 248)
3(789 122 801)
3(593 241 600)
3(242 597 243)
3(217 184 376)
3(184 217 377)
3(548 377 217)
3(18 372 29)
3(372 176 212)
3(376 21 31)
3(212 176 373)
3(185 218 375)
3(219 374 186)
3(218 185 377)
3(548 218 377)
3(213 177 371)
3(177 213 373)
3(219 186 375)
3(17 28 370)
3(214 371 178)
3(374 30 20)
3(214 178 370)
3(781 796 597)
3(786 781 796)
3(598 774 799)
3(774 776 799)
3(249 791 599)
3(249 592 791)
3(249 599 592)
3(49 307 804)
3(179 176 212)
3(184 189 217)
3(21 31 23)
3(180 213 177)
3(185 218 190)
3(191 186 219)
3(181 178 214)
3(789 690 797)
3(784 690 789)
3(247 598 602)
3(601 243 597)
3(53 52 804)
3(309 804 55)
3(309 0 804)
3(676 795 779)
3(677 800 777)
3(778 777 800)
3(690 788 801)
3(690 801 789)
3(78 243 77)
3(77 243 193)
3(243 77 782)
3(71 243 781)
3(71 193 243)
3(243 782 71)
3(77 243 71)
3(96 248 90)
3(96 97 248)
3(248 775 96)
3(248 96 774)
3(779 777 413)
3(413 777 439)
3(777 413 785)
3(167 413 777)
3(189 631 190)
3(631 699 189)
3(180 607 179)
3(63 242 62)
3(63 69 242)
3(63 242 783)
3(190 608 191)
3(180 624 181)
3(218 377 217)
3(520 772 752)
3(204 247 23)
3(19 241 192)
3(217 609 31)
3(747 745 527)
3(766 751 520)
3(213 624 214)
3(29 627 212)
3(601 36 206)
3(601 231 36)
3(737 27 233)
3(233 27 38)
3(27 233 208)
3(206 601 24)
3(791 599 86)
3(86 599 87)
3(599 86 793)
3(476 86 599)
3(799 487 488)
3(799 486 488)
3(744 25 663)
3(743 297 700)
3(215 532 630)
3(630 532 605)
3(532 630 216)
3(621 630 532)
3(131 442 787)
3(131 787 11)
3(787 131 424)
3(131 788 787)
3(161 777 154)
3(154 777 160)
3(774 500 7)
3(100 500 774)
3(488 799 790)
3(201 784 8)
3(718 189 631)
3(505 601 796)
3(505 481 601)
3(601 591 505)
3(796 505 591)
3(601 505 206)
3(793 208 504)
3(606 221 225)
3(781 68 1)
3(781 1 67)
3(781 68 783)
3(781 783 1)
3(599 233 27)
3(599 38 233)
3(682 686 216)
3(682 670 216)
3(686 216 670)
3(537 532 630)
3(630 537 621)
3(795 203 445)
3(768 24 659)
3(796 485 470)
3(199 778 162)
3(162 778 168)
3(778 162 777)
3(163 162 778)
3(163 777 778)
3(604 596 794)
3(604 593 596)
3(223 220 613)
3(12 780 203)
3(612 630 537)
3(612 537 621)
3(460 459 794)
3(154 777 155)
3(796 485 591)
3(95 775 5)
3(793 484 468)
3(792 600 466)
3(466 600 18)
3(600 466 794)
3(490 466 600)
3(799 457 458)
3(10 789 443)
3(216 257 682)
3(796 786 66)
3(796 66 781)
3(100 774 101)
3(621 803 612)
3(621 633 803)
3(803 537 621)
3(803 621 219)
3(472 457 774)
3(132 787 133)
3(133 787 143)
3(787 133 788)
3(132 787 788)
3(197 133 787)
3(795 425 409)
3(800 428 20)
3(776 21 23)
3(13 779 159)
3(622 632 534)
3(247 204 708)
3(650 192 241)
3(704 205 249)
3(205 249 27)
3(243 193 646)
3(398 413 777)
3(696 216 183)
3(554 216 696)
3(686 216 696)
3(696 216 670)
3(789 690 684)
3(421 113 797)
3(797 113 784)
3(113 797 420)
3(114 797 113)
3(776 464 21)
3(776 109 464)
3(464 799 776)
3(464 776 110)
3(2 75 782)
3(80 81 249)
3(249 81 27)
3(80 249 27)
3(81 249 791)
3(249 80 791)
3(249 81 205)
3(4 249 599)
3(4 27 249)
3(4 599 27)
3(249 791 4)
3(80 249 4)
3(164 778 777)
3(800 778 164)
3(163 778 164)
3(164 778 15)
3(804 466 451)
3(132 131 787)
3(791 592 248)
3(592 248 249)
3(212 607 213)
3(164 778 440)
3(440 778 15)
3(778 440 800)
3(175 440 778)
3(316 2 781)
3(17 787 16)
3(7 799 111)
3(7 500 799)
3(799 776 7)
3(799 7 774)
3(799 774 500)
3(776 31 21)
3(776 602 31)
3(31 23 776)
3(31 776 34)
3(241 792 53)
3(53 792 19)
3(792 53 804)
3(52 53 792)
3(69 783 781)
3(69 68 783)
3(783 242 69)
3(783 69 63)
3(27 599 208)
3(101 482 774)
3(774 482 100)
3(482 774 799)
3(500 774 482)
3(1 783 67)
3(67 783 503)
3(783 67 781)
3(473 67 783)
3(696 30 216)
3(149 780 148)
3(148 780 356)
3(780 148 795)
3(147 148 780)
3(66 781 65)
3(65 781 796)
3(781 65 316)
3(64 781 2)
3(64 796 781)
3(781 316 64)
3(65 781 64)
3(578 604 597)
3(593 604 578)
3(593 578 597)
3(592 583 588)
3(577 592 588)
3(577 583 592)
3(592 598 588)
3(598 583 588)
3(592 583 598)
3(588 592 603)
3(588 603 598)
3(589 578 597)
3(582 589 597)
3(582 597 578)
3(589 604 597)
3(589 578 604)
3(593 578 581)
3(593 581 585)
3(593 585 578)
3(577 592 579)
3(588 579 592)
3(584 592 579)
3(584 577 592)
3(578 581 604)
3(604 581 593)
3(598 590 583)
3(583 590 602)
3(598 583 602)
3(598 590 588)
3(590 583 588)
3(602 575 583)
3(602 587 575)
3(602 583 587)
3(586 597 576)
3(601 576 597)
3(586 576 601)
3(586 601 597)
3(603 588 579)
3(603 579 592)
3(593 585 596)
3(585 600 596)
3(593 600 585)
3(588 603 590)
3(599 592 579)
3(584 599 579)
3(584 592 599)
3(582 576 597)
3(576 589 597)
3(582 586 597)
3(604 576 589)
3(604 597 576)
3(604 589 581)
3(589 604 595)
3(589 595 576)
3(595 604 576)
3(588 595 603)
3(588 579 595)
3(595 579 603)
3(559 586 601)
3(561 601 586)
3(559 561 586)
3(559 601 561)
3(588 595 590)
3(581 595 589)
3(581 604 595)
3(592 569 583)
3(583 569 577)
3(592 577 569)
3(556 587 602)
3(558 602 587)
3(556 602 558)
3(556 558 587)
3(596 581 556)
3(581 555 556)
3(596 556 555)
3(596 555 581)
3(578 597 564)
3(578 564 593)
3(593 564 597)
3(583 598 569)
3(592 569 598)
3(594 579 559)
3(579 560 559)
3(594 559 560)
3(594 560 579)
3(584 560 599)
3(584 599 562)
3(599 560 562)
3(584 562 560)
3(600 585 555)
3(600 557 585)
3(600 555 557)
3(585 557 555)
3(582 564 578)
3(582 597 564)
3(595 576 579)
3(595 580 576)
3(595 579 580)
3(576 595 594)
3(576 594 591)
3(576 591 595)
3(579 594 576)
3(579 595 594)
3(596 556 575)
3(596 575 590)
3(596 590 556)
3(575 556 590)
3(575 596 581)
3(575 581 556)
3(581 595 575)
3(581 580 595)
3(575 595 580)
3(589 595 580)
3(559 576 594)
3(559 594 591)
3(559 591 576)
3(579 559 576)
3(596 595 575)
3(596 581 595)
3(575 590 595)
3(596 593 581)
3(596 581 585)
3(575 583 590)
3(575 590 602)
3(602 556 575)
3(575 556 587)
3(590 575 588)
3(594 579 592)
3(594 603 579)
3(594 579 599)
3(604 591 576)
3(576 591 597)
3(585 555 596)
3(600 596 555)
3(601 576 591)
3(604 581 596)
3(601 559 576)
3(576 559 586)
3(599 579 560)
3(584 560 579)
3(595 588 580)
3(569 245 583)
3(569 577 245)
3(575 595 588)
3(581 228 556)
3(581 555 228)
3(224 596 556)
3(555 596 224)
3(236 559 579)
3(236 579 560)
3(594 559 232)
3(560 594 232)
3(564 239 582)
3(564 578 239)
3(570 583 598)
3(570 569 583)
3(570 598 569)
3(564 593 585)
3(564 585 578)
3(569 592 584)
3(569 584 577)
3(556 575 228)
3(556 224 590)
3(559 232 591)
3(236 559 576)
3(602 570 583)
3(602 598 570)
3(590 602 556)
3(581 585 555)
3(569 599 584)
3(569 592 599)
3(597 586 563)
3(586 601 563)
3(597 563 601)
3(587 602 570)
3(587 570 583)
3(564 600 585)
3(564 593 600)
3(597 563 582)
3(564 582 563)
3(597 564 563)
3(582 586 563)
3(599 594 560)
3(591 601 559)
3(245 583 570)
3(239 582 563)
3(561 567 586)
3(601 586 567)
3(561 601 567)
3(584 573 562)
3(599 573 584)
3(599 562 573)
3(568 567 586)
3(568 586 561)
3(568 561 567)
3(584 573 574)
3(584 574 562)
3(574 573 562)
3(248 569 598)
3(248 592 569)
3(558 571 587)
3(602 587 571)
3(558 602 571)
3(585 565 557)
3(600 565 585)
3(600 557 565)
3(563 586 567)
3(563 567 601)
3(585 565 566)
3(585 566 557)
3(566 565 557)
3(572 571 587)
3(572 587 558)
3(572 558 571)
3(584 569 573)
3(573 569 599)
3(587 571 570)
3(602 570 571)
3(585 564 565)
3(565 564 600)
3(597 242 564)
3(593 564 242)
3(586 568 563)
3(574 584 569)
3(564 566 585)
3(587 572 570)
3(235 586 559)
3(235 561 586)
3(559 601 231)
3(561 231 601)
3(556 602 225)
3(558 225 602)
3(229 587 556)
3(229 558 587)
3(599 560 233)
3(599 233 562)
3(237 560 584)
3(237 584 562)
3(223 600 555)
3(557 600 223)
3(227 555 585)
3(227 585 557)
3(570 598 248)
3(597 242 563)
3(591 231 559)
3(576 559 235)
3(590 225 556)
3(575 556 229)
3(594 560 233)
3(560 579 237)
3(223 596 555)
3(227 555 581)
3(564 238 585)
3(238 566 585)
3(587 244 570)
3(587 572 244)
3(246 584 569)
3(246 574 584)
3(586 240 563)
3(586 568 240)
3(238 578 564)
3(569 246 577)
3(244 570 583)
3(563 582 240)
3(584 39 562)
3(584 574 39)
3(39 574 562)
3(586 561 37)
3(586 37 568)
3(37 561 568)
3(585 33 557)
3(585 566 33)
3(33 566 557)
3(35 587 558)
3(35 572 587)
3(35 558 572)
3(234 562 574)
3(234 573 562)
3(568 561 230)
3(567 230 561)
3(572 558 226)
3(571 226 558)
3(222 557 566)
3(222 565 557)
3(573 38 562)
3(599 562 38)
3(599 38 573)
3(561 36 567)
3(601 36 561)
3(601 567 36)
3(565 32 557)
3(600 557 32)
3(600 32 565)
3(558 34 571)
3(602 34 558)
3(602 571 34)
3(564 600 241)
3(565 241 600)
3(602 570 247)
3(602 247 571)
3(249 569 599)
3(573 249 599)
3(601 563 243)
3(567 601 243)
3(593 241 564)
3(249 569 592)
3(247 598 570)
3(563 243 597)
3(762 746 767)
3(744 773 760)
3(742 767 754)
3(758 753 773)
3(763 753 772)
3(753 751 752)
3(731 231 232)
3(754 752 750)
3(773 753 763)
3(232 233 733)
3(749 740 759)
3(766 753 758)
3(749 750 748)
3(760 773 763)
3(739 755 764)
3(764 755 746)
3(746 755 767)
3(748 751 756)
3(763 772 739)
3(745 756 761)
3(749 759 743)
3(36 231 735)
3(772 755 739)
3(754 767 755)
3(752 754 755)
3(760 763 739)
3(757 754 750)
3(754 757 742)
3(756 766 741)
3(755 772 752)
3(740 749 748)
3(748 747 740)
3(769 746 762)
3(748 750 751)
3(742 762 767)
3(758 773 744)
3(743 759 770)
3(747 748 756)
3(757 749 743)
3(751 750 752)
3(761 768 745)
3(771 744 760)
3(765 757 743)
3(756 741 761)
3(690 684 681)
3(609 636 625)
3(288 680 673)
3(741 766 758)
3(765 742 757)
3(757 750 749)
3(634 627 611)
3(631 623 608)
3(751 766 756)
3(642 668 659)
3(623 631 609)
3(605 257 630)
3(700 717 726)
3(288 760 739)
3(733 233 304)
3(268 225 734)
3(725 718 699)
3(667 641 660)
3(231 302 735)
3(733 303 232)
3(653 642 276)
3(224 267 734)
3(266 223 736)
3(739 764 289)
3(304 233 737)
3(711 702 299)
3(738 225 268)
3(639 619 624)
3(290 687 671)
3(624 632 607)
3(622 611 627)
3(741 758 276)
3(610 639 624)
3(261 699 718)
3(289 671 680)
3(625 615 609)
3(653 277 644)
3(659 275 642)
3(731 302 231)
3(303 731 232)
3(252 624 607)
3(764 746 290)
3(762 742 299)
3(651 252 641)
3(711 298 700)
3(646 659 668)
3(224 732 267)
3(660 650 667)
3(708 718 725)
3(261 609 631)
3(732 223 266)
3(620 633 608)
3(758 744 277)
3(642 656 668)
3(641 251 660)
3(298 742 765)
3(704 726 717)
3(263 703 709)
3(714 700 726)
3(698 285 715)
3(281 640 657)
3(723 718 708)
3(665 650 660)
3(685 690 683)
3(263 608 628)
3(627 251 607)
3(679 677 672)
3(759 740 304)
3(275 761 741)
3(704 717 720)
3(646 662 659)
3(606 625 268)
3(675 285 672)
3(280 658 640)
3(633 628 608)
3(610 624 253)
3(645 253 651)
3(701 704 294)
3(643 272 646)
3(631 608 262)
3(614 622 617)
3(622 627 607)
3(698 719 716)
3(658 661 640)
3(641 667 655)
3(725 699 713)
3(262 709 699)
3(293 708 701)
3(271 643 650)
3(701 705 704)
3(647 643 646)
3(719 698 715)
3(640 661 657)
3(716 284 698)
3(617 618 616)
3(258 612 630)
3(618 638 621)
3(281 684 669)
3(670 689 258)
3(679 672 284)
3(685 280 669)
3(303 740 747)
3(625 606 615)
3(747 745 302)
3(619 618 617)
3(713 706 725)
3(655 667 648)
3(267 613 606)
3(654 644 657)
3(624 619 632)
3(642 653 656)
3(611 613 266)
3(712 715 702)
3(611 622 613)
3(626 256 605)
3(714 711 700)
3(704 705 726)
3(668 647 646)
3(607 632 622)
3(606 614 615)
3(629 626 605)
3(613 614 606)
3(654 653 644)
3(710 713 709)
3(655 652 651)
3(300 769 762)
3(724 707 713)
3(666 655 649)
3(291 746 769)
3(707 724 714)
3(649 656 666)
3(710 703 716)
3(645 652 658)
3(712 702 711)
3(663 282 657)
3(721 300 702)
3(633 620 621)
3(623 620 608)
3(708 706 701)
3(648 650 643)
3(644 663 657)
3(715 721 702)
3(292 34 729)
3(730 32 270)
3(654 656 653)
3(286 675 692)
3(693 287 673)
3(710 716 719)
3(658 652 661)
3(632 619 617)
3(615 623 609)
3(283 695 679)
3(712 711 714)
3(694 674 255)
3(699 709 713)
3(651 641 655)
3(264 628 635)
3(710 709 703)
3(651 652 645)
3(295 727 38)
3(728 273 36)
3(706 707 705)
3(648 647 649)
3(291 692 687)
3(605 638 629)
3(674 683 682)
3(760 287 771)
3(722 283 716)
3(703 264 722)
3(279 664 658)
3(619 629 638)
3(250 665 660)
3(659 662 274)
3(715 286 721)
3(255 626 637)
3(684 282 693)
3(269 34 738)
3(305 737 38)
3(677 676 672)
3(725 706 708)
3(648 667 650)
3(616 620 623)
3(605 621 638)
3(616 623 615)
3(644 278 663)
3(703 722 716)
3(664 645 658)
3(665 270 650)
3(292 723 708)
3(705 701 706)
3(648 643 647)
3(32 265 736)
3(36 735 301)
3(713 710 724)
3(652 655 666)
3(768 761 274)
3(723 260 718)
3(296 720 717)
3(662 646 273)
3(704 720 295)
3(622 614 613)
3(694 279 685)
3(771 278 744)
3(254 637 610)
3(705 714 726)
3(647 668 656)
3(636 269 625)
3(759 305 770)
3(259 689 695)
3(250 627 634)
3(671 688 680)
3(645 664 254)
3(225 224 734)
3(719 715 712)
3(657 661 654)
3(674 682 256)
3(686 683 691)
3(617 616 614)
3(629 619 639)
3(732 224 223)
3(259 635 612)
3(745 768 301)
3(611 265 634)
3(770 296 743)
3(687 697 671)
3(707 714 705)
3(656 649 647)
3(609 260 636)
3(685 669 690)
3(615 614 616)
3(619 638 618)
3(681 680 688)
3(616 618 620)
3(272 242 243)
3(248 294 249)
3(673 680 681)
3(696 686 677)
3(697 688 671)
3(714 724 712)
3(666 656 654)
3(620 618 621)
3(247 293 248)
3(271 241 242)
3(680 288 289)
3(739 289 288)
3(267 606 268)
3(267 268 734)
3(303 733 304)
3(740 303 304)
3(679 695 689)
3(719 724 710)
3(652 666 661)
3(287 288 673)
3(287 760 288)
3(688 697 678)
3(729 34 269)
3(727 305 38)
3(272 643 271)
3(272 271 242)
3(294 248 293)
3(294 293 701)
3(290 291 687)
3(290 746 291)
3(243 36 273)
3(295 38 249)
3(270 32 241)
3(247 34 292)
3(686 678 677)
3(32 730 265)
3(728 36 301)
3(256 255 674)
3(256 626 255)
3(270 241 271)
3(270 271 650)
3(293 292 708)
3(247 292 293)
3(724 719 712)
3(661 666 654)
3(283 679 284)
3(283 284 716)
3(272 243 273)
3(646 272 273)
3(294 295 249)
3(294 704 295)
3(299 742 298)
3(711 299 298)
3(679 696 677)
3(691 681 688)
3(300 762 299)
3(702 300 299)
3(683 686 682)
3(277 276 758)
3(653 276 277)
3(34 225 738)
3(223 32 736)
3(681 684 673)
3(691 678 686)
3(697 676 678)
3(713 707 706)
3(648 649 655)
3(276 275 741)
3(276 642 275)
3(688 678 691)
3(735 302 301)
3(745 301 302)
3(266 736 265)
3(266 265 611)
3(263 628 264)
3(263 264 703)
3(280 685 279)
3(280 279 658)
3(263 709 262)
3(263 262 608)
3(304 737 305)
3(304 305 759)
3(269 268 625)
3(269 738 268)
3(651 253 252)
3(624 252 253)
3(732 266 267)
3(613 267 266)
3(302 303 747)
3(731 303 302)
3(285 675 286)
3(715 285 286)
3(257 256 682)
3(257 605 256)
3(297 743 296)
3(717 297 296)
3(676 677 678)
3(689 259 258)
3(612 258 259)
3(261 718 260)
3(261 260 609)
3(251 252 607)
3(641 252 251)
3(275 659 274)
3(761 275 274)
3(250 660 251)
3(250 251 627)
3(676 687 675)
3(281 657 282)
3(684 281 282)
3(676 675 672)
3(277 278 644)
3(277 744 278)
3(670 696 689)
3(285 698 284)
3(285 284 672)
3(290 671 289)
3(290 289 764)
3(629 639 626)
3(675 687 692)
3(693 673 684)
3(696 679 689)
3(264 42 722)
3(635 42 264)
3(645 254 253)
3(610 253 254)
3(662 44 274)
3(768 274 44)
3(674 694 685)
3(664 40 254)
3(637 254 40)
3(278 45 663)
3(771 45 278)
3(721 46 300)
3(769 300 46)
3(250 41 665)
3(634 41 250)
3(674 685 683)
3(265 41 634)
3(730 41 265)
3(768 44 301)
3(728 301 44)
3(257 258 630)
3(257 670 258)
3(43 269 636)
3(43 729 269)
3(47 305 727)
3(47 770 305)
3(46 286 692)
3(46 721 286)
3(282 45 693)
3(282 663 45)
3(40 255 637)
3(40 694 255)
3(45 287 693)
3(45 771 287)
3(298 297 700)
3(298 765 297)
3(42 259 695)
3(42 635 259)
3(687 676 697)
3(46 692 291)
3(46 291 769)
3(47 720 296)
3(47 296 770)
3(40 664 279)
3(40 279 694)
3(42 283 722)
3(42 695 283)
3(43 636 260)
3(43 260 723)
3(628 633 612)
3(281 280 640)
3(669 280 281)
3(699 261 262)
3(631 262 261)
3(635 628 612)
3(691 683 690)
3(47 727 295)
3(47 295 720)
3(44 662 273)
3(728 44 273)
3(292 43 723)
3(292 729 43)
3(41 270 665)
3(41 730 270)
3(681 691 690)
3(610 626 639)
3(637 626 610)
3(752 772 753)
3(747 756 745)
3(766 751 753)
3(737 233 38)
3(700 297 717)
3(743 297 765)
3(621 605 630)
3(682 686 670)
3(612 621 630)
3(257 682 670)
3(621 612 633)
3(632 617 622)
3(686 696 670)
3(684 690 669)
3(577 588 583)
3(582 578 589)
3(578 585 581)
3(588 577 579)
3(584 579 577)
3(583 575 587)
3(582 589 576)
3(582 576 586)
3(578 581 589)
3(580 579 576)
3(581 575 580)
3(589 580 576)
3(575 583 588)
3(588 579 580)
3(581 580 589)
3(583 245 577)
3(580 575 588)
3(228 555 556)
3(555 224 556)
3(236 560 559)
3(560 232 559)
3(239 578 582)
3(581 228 575)
3(579 236 576)
3(245 570 569)
3(564 239 563)
3(563 568 567)
3(574 569 573)
3(564 565 566)
3(571 570 572)
3(235 559 561)
3(559 231 561)
3(556 225 558)
3(229 556 558)
3(560 562 233)
3(237 562 560)
3(557 223 555)
3(227 557 555)
3(569 570 248)
3(564 563 242)
3(576 235 586)
3(575 229 587)
3(579 584 237)
3(227 581 585)
3(564 566 238)
3(244 572 570)
3(246 569 574)
3(563 240 568)
3(238 585 578)
3(228 229 575)
3(228 556 229)
3(556 224 225)
3(246 584 577)
3(228 227 555)
3(228 581 227)
3(223 224 555)
3(560 236 237)
3(579 237 236)
3(560 233 232)
3(244 583 587)
3(235 576 236)
3(235 236 559)
3(559 232 231)
3(582 586 240)
3(234 574 573)
3(567 568 230)
3(571 572 226)
3(222 566 565)
3(37 586 235)
3(37 235 561)
3(237 39 562)
3(237 584 39)
3(39 584 246)
3(39 246 574)
3(229 35 587)
3(558 35 229)
3(37 568 240)
3(37 240 586)
3(33 557 227)
3(585 33 227)
3(33 585 238)
3(33 238 566)
3(37 561 230)
3(568 37 230)
3(39 234 562)
3(39 574 234)
3(244 35 572)
3(244 587 35)
3(33 222 557)
3(33 566 222)
3(35 226 572)
3(35 558 226)
3(246 577 245)
3(246 245 569)
3(239 238 578)
3(564 238 239)
3(234 38 562)
3(573 38 234)
3(561 36 230)
3(567 230 36)
3(222 32 557)
3(565 32 222)
3(558 34 226)
3(571 226 34)
3(231 36 561)
3(583 244 245)
3(570 245 244)
3(239 240 563)
3(239 582 240)
3(38 233 562)
3(34 558 225)
3(223 557 32)
3(564 241 565)
3(571 247 570)
3(573 569 249)
3(567 243 563)
3(38 573 249)
3(36 243 567)
3(32 565 241)
3(34 247 571)
3(249 569 248)
3(241 564 242)
3(570 247 248)
3(242 563 243)
3(318 320 78)
3(340 338 118)
3(79 318 78)
3(338 119 118)
3(3 321 318)
3(341 8 338)
3(76 320 75)
3(340 116 115)
3(78 320 77)
3(340 118 117)
3(72 321 3)
3(341 112 8)
3(319 321 74)
3(341 339 114)
3(74 321 73)
3(341 114 113)
3(75 320 319)
3(340 115 339)
3(3 318 79)
3(338 8 119)
3(75 319 74)
3(339 115 114)
3(319 320 318)
3(340 339 338)
3(318 321 319)
3(341 338 339)
3(77 320 76)
3(340 117 116)
3(73 321 72)
3(341 113 112)
3(6 332 331)
3(364 14 363)
3(6 331 103)
3(363 14 167)
3(99 333 330)
3(365 163 362)
3(102 333 101)
3(365 166 165)
3(330 332 98)
3(364 362 162)
3(331 333 102)
3(365 363 166)
3(98 332 97)
3(364 162 161)
3(100 333 99)
3(365 164 163)
3(96 332 6)
3(364 160 14)
3(103 331 102)
3(363 167 166)
3(99 330 98)
3(362 163 162)
3(331 332 330)
3(364 363 362)
3(330 333 331)
3(365 362 363)
3(97 332 96)
3(364 161 160)
3(101 333 100)
3(365 165 164)
3(82 324 322)
3(356 146 354)
3(82 322 81)
3(354 146 145)
3(86 325 323)
3(357 150 355)
3(83 324 82)
3(356 147 146)
3(87 325 86)
3(357 151 150)
3(85 324 84)
3(356 149 148)
3(323 324 85)
3(356 355 149)
3(322 325 80)
3(357 354 144)
3(80 325 4)
3(357 144 12)
3(81 322 80)
3(354 145 144)
3(86 323 85)
3(355 150 149)
3(322 324 323)
3(356 354 355)
3(323 325 322)
3(357 355 354)
3(4 325 87)
3(357 12 151)
3(84 324 83)
3(356 148 147)
3(184 185 548)
3(21 184 545)
3(177 543 178)
3(186 20 547)
3(176 544 177)
3(18 541 176)
3(31 217 538)
3(31 545 217)
3(28 542 214)
3(28 214 539)
3(178 542 17)
3(219 547 30)
3(219 30 537)
3(185 186 546)
3(212 29 540)
3(212 541 29)
3(214 213 533)
3(214 543 213)
3(213 212 534)
3(213 544 212)
3(217 218 536)
3(217 548 218)
3(218 546 219)
3(218 219 535)
3(534 535 533)
3(535 534 536)
3(552 215 216)
3(216 215 532)
3(531 220 221)
3(549 221 220)
3(183 182 552)
3(188 549 187)
3(538 221 31)
3(551 31 221)
3(28 539 215)
3(28 215 553)
3(182 17 553)
3(216 537 30)
3(554 216 30)
3(18 187 550)
3(550 220 29)
3(220 540 29)
3(213 534 533)
3(21 551 188)
3(20 183 554)
3(218 535 536)
3(535 532 533)
3(536 534 531)
3(183 552 216)
3(188 221 549)
3(537 532 535)
3(188 551 221)
3(531 534 540)
3(215 182 553)
3(220 550 187)
3(182 215 552)
3(532 539 533)
3(216 554 183)
3(187 549 220)
3(531 221 538)
3(216 532 537)
3(540 534 212)
3(215 539 532)
3(214 178 543)
3(540 220 531)
3(538 536 531)
3(538 217 536)
3(533 539 214)
3(219 537 535)
3(217 545 184)
3(217 184 548)
3(219 186 547)
3(177 213 543)
3(550 29 18)
3(29 541 18)
3(553 17 28)
3(17 542 28)
3(31 551 21)
3(545 31 21)
3(554 30 20)
3(30 547 20)
3(218 548 185)
3(212 544 176)
3(546 186 219)
3(185 546 218)
3(214 542 178)
3(176 541 212)
3(177 544 213)
3(90 328 326)
3(360 154 358)
3(90 326 89)
3(358 154 153)
3(94 329 327)
3(361 158 359)
3(91 328 90)
3(360 155 154)
3(95 329 94)
3(361 159 158)
3(93 328 92)
3(360 157 156)
3(327 328 93)
3(360 359 157)
3(326 329 88)
3(361 358 152)
3(88 329 5)
3(361 152 13)
3(89 326 88)
3(358 153 152)
3(94 327 93)
3(359 158 157)
3(326 328 327)
3(360 358 359)
3(327 329 326)
3(361 359 358)
3(5 329 95)
3(361 13 159)
3(92 328 91)
3(360 156 155)
3(161 199 154)
3(134 125 197)
3(413 388 437)
3(516 528 211)
3(419 390 438)
3(512 507 199)
3(197 379 384)
3(496 458 468)
3(458 496 457)
3(196 525 520)
3(511 200 507)
3(379 198 383)
3(97 90 204)
3(62 192 69)
3(459 495 460)
3(398 413 437)
3(394 415 416)
3(475 474 453)
3(457 496 472)
3(383 196 382)
3(473 495 459)
3(438 390 391)
3(511 510 211)
3(22 512 199)
3(16 197 384)
3(517 527 194)
3(489 467 452)
3(400 436 414)
3(419 438 420)
3(448 470 495)
3(424 392 408)
3(453 454 475)
3(19 179 386)
3(514 189 23)
3(468 447 496)
3(496 447 472)
3(465 482 455)
3(423 406 396)
3(448 495 473)
3(458 456 486)
3(486 456 465)
3(489 452 460)
3(390 389 391)
3(198 197 125)
3(454 477 475)
3(416 418 395)
3(468 454 447)
3(204 514 23)
3(192 19 386)
3(192 378 193)
3(448 450 470)
3(468 484 454)
3(205 204 90)
3(401 393 430)
3(198 117 118)
3(145 146 200)
3(438 422 420)
3(411 391 389)
3(395 409 388)
3(193 78 77)
3(81 205 82)
3(399 427 397)
3(393 408 430)
3(398 399 397)
3(392 407 408)
3(467 466 451)
3(387 194 385)
3(456 458 457)
3(459 460 452)
3(467 483 452)
3(393 424 408)
3(515 513 209)
3(393 401 400)
3(433 426 412)
3(455 464 465)
3(396 406 405)
3(454 484 477)
3(206 24 527)
3(206 3 24)
3(528 203 26)
3(26 203 12)
3(453 447 454)
3(388 394 395)
3(465 456 482)
3(423 397 406)
3(487 465 464)
3(409 395 425)
3(469 458 486)
3(466 467 490)
3(160 161 154)
3(96 90 97)
3(63 62 69)
3(134 135 125)
3(391 422 438)
3(411 426 391)
3(425 435 410)
3(198 379 197)
3(436 411 389)
3(474 499 95)
3(159 444 415)
3(471 485 492)
3(478 64 501)
3(419 441 120)
3(75 478 501)
3(470 460 495)
3(388 409 437)
3(469 468 458)
3(395 418 425)
3(398 437 399)
3(439 413 167)
3(103 472 498)
3(128 414 443)
3(503 473 56)
3(401 436 400)
3(494 484 469)
3(449 64 478)
3(390 419 120)
3(472 92 498)
3(414 123 443)
3(402 429 435)
3(475 477 476)
3(401 430 412)
3(486 488 469)
3(48 502 483)
3(440 423 175)
3(424 442 136)
3(111 482 500)
3(374 20 186)
3(371 177 178)
3(375 186 185)
3(184 21 376)
3(372 18 176)
3(377 185 184)
3(497 450 449)
3(164 423 440)
3(488 188 461)
3(457 472 103)
3(167 413 398)
3(93 472 447)
3(157 388 413)
3(207 462 493)
3(463 207 493)
3(400 414 128)
3(56 473 459)
3(462 484 494)
3(66 448 473)
3(122 414 389)
3(469 488 494)
3(474 95 453)
3(415 394 159)
3(479 478 74)
3(420 114 419)
3(468 469 484)
3(448 65 449)
3(389 390 121)
3(403 435 425)
3(430 432 412)
3(432 182 402)
3(490 491 187)
3(471 492 491)
3(485 463 492)
3(476 477 208)
3(418 417 203)
3(461 187 491)
3(399 410 427)
3(447 453 94)
3(158 394 388)
3(471 489 460)
3(409 425 410)
3(489 490 467)
3(483 451 48)
3(396 175 423)
3(136 392 424)
3(111 455 482)
3(518 202 524)
3(489 471 491)
3(411 412 426)
3(487 486 465)
3(85 474 475)
3(416 415 149)
3(408 407 431)
3(412 432 433)
3(434 403 202)
3(434 202 404)
3(450 485 470)
3(410 429 427)
3(406 397 427)
3(519 207 523)
3(398 397 166)
3(457 102 456)
3(459 452 57)
3(129 393 400)
3(410 435 429)
3(487 188 488)
3(54 53 19)
3(141 142 16)
3(106 105 23)
3(169 170 22)
3(206 481 480)
3(452 483 58)
3(130 424 393)
3(423 165 397)
3(482 456 101)
3(470 485 471)
3(174 396 405)
3(464 455 110)
3(451 466 49)
3(137 407 392)
3(208 477 504)
3(402 433 432)
3(428 429 183)
3(182 432 431)
3(391 426 422)
3(522 521 516)
3(460 470 471)
3(504 477 484)
3(13 148 444)
3(411 436 401)
3(402 434 433)
3(501 2 75)
3(404 426 433)
3(92 6 498)
3(14 156 439)
3(59 502 0)
3(440 15 164)
3(520 521 517)
3(418 203 445)
3(176 179 372)
3(178 181 371)
3(179 176 373)
3(189 184 376)
3(181 178 370)
3(191 186 375)
3(186 191 374)
3(184 189 377)
3(13 444 159)
3(5 95 499)
3(64 2 501)
3(120 441 9)
3(56 1 503)
3(443 10 128)
3(399 437 409)
3(167 14 439)
3(498 6 103)
3(480 72 206)
3(417 151 203)
3(175 15 440)
3(48 0 502)
3(500 7 111)
3(11 136 442)
3(183 402 182)
3(187 461 188)
3(530 523 517)
3(408 431 430)
3(487 488 486)
3(425 418 445)
3(75 74 478)
3(114 115 419)
3(526 519 522)
3(519 530 522)
3(412 411 401)
3(85 84 474)
3(148 149 415)
3(480 479 73)
3(113 420 421)
3(462 494 493)
3(527 517 523)
3(73 479 74)
3(114 420 113)
3(120 121 390)
3(64 449 65)
3(405 406 428)
3(518 524 529)
3(23 108 107)
3(172 22 171)
3(52 51 19)
3(139 140 16)
3(462 207 504)
3(402 435 434)
3(530 519 523)
3(404 202 446)
3(399 409 410)
3(519 208 207)
3(504 207 208)
3(524 516 529)
3(136 137 392)
3(49 48 451)
3(111 110 455)
3(175 396 174)
3(472 93 92)
3(156 157 413)
3(122 123 414)
3(66 473 67)
3(150 417 416)
3(166 167 398)
3(103 102 457)
3(57 56 459)
3(128 129 400)
3(491 490 489)
3(201 202 518)
3(201 446 202)
3(529 521 520)
3(479 481 497)
3(180 177 371)
3(185 190 375)
3(19 51 18)
3(19 18 372)
3(17 16 370)
3(17 139 16)
3(21 23 376)
3(21 108 23)
3(22 172 20)
3(22 20 374)
3(177 180 373)
3(190 185 377)
3(475 86 85)
3(149 150 416)
3(201 518 525)
3(60 55 61)
3(77 76 71)
3(143 132 133)
3(83 82 88)
3(99 98 104)
3(162 163 168)
3(505 481 206)
3(518 520 525)
3(521 530 517)
3(504 484 462)
3(202 203 524)
3(445 203 202)
3(479 480 481)
3(202 403 445)
3(485 505 463)
3(157 158 388)
3(93 447 94)
3(519 526 208)
3(122 389 121)
3(66 65 448)
3(483 59 58)
3(131 424 130)
3(101 100 482)
3(164 165 423)
3(520 518 529)
3(207 463 505)
3(95 94 453)
3(394 158 159)
3(206 523 207)
3(206 207 505)
3(173 174 405)
3(49 466 50)
3(110 109 464)
3(137 138 407)
3(434 435 403)
3(445 403 425)
3(428 427 429)
3(201 422 446)
3(524 203 528)
3(527 523 206)
3(431 432 430)
3(142 143 197)
3(168 169 199)
3(58 57 452)
3(393 129 130)
3(101 456 102)
3(397 165 166)
3(516 521 529)
3(105 104 204)
3(54 192 55)
3(521 522 530)
3(404 446 426)
3(68 63 69)
3(124 125 135)
3(91 90 96)
3(160 154 155)
3(524 528 516)
3(491 492 461)
3(422 426 446)
3(481 505 485)
3(405 428 20)
3(433 434 404)
3(150 151 417)
3(87 86 476)
3(480 73 72)
3(112 113 421)
3(182 431 17)
3(18 490 187)
3(497 481 450)
3(463 493 492)
3(0 55 60)
3(104 7 99)
3(68 1 63)
3(83 88 5)
3(76 2 71)
3(6 91 96)
3(143 11 132)
3(124 135 10)
3(116 127 9)
3(15 168 163)
3(155 14 160)
3(464 21 487)
3(406 427 428)
3(148 13 147)
3(84 83 5)
3(92 91 6)
3(60 59 0)
3(7 100 99)
3(76 75 2)
3(156 14 155)
3(163 164 15)
3(132 11 131)
3(123 124 10)
3(116 9 115)
3(153 154 200)
3(125 126 198)
3(481 485 450)
3(461 494 488)
3(205 90 89)
3(70 69 193)
3(193 77 71)
3(82 205 88)
3(188 487 21)
3(20 428 183)
3(133 197 143)
3(162 168 199)
3(494 461 493)
3(492 493 461)
3(50 466 18)
3(464 109 21)
3(17 407 138)
3(173 405 20)
3(55 192 61)
3(204 104 98)
3(51 50 18)
3(109 108 21)
3(138 139 17)
3(172 173 20)
3(147 152 146)
3(81 80 27)
3(79 78 24)
3(26 144 145)
3(118 119 25)
3(134 197 133)
3(161 162 199)
3(153 200 152)
3(126 127 198)
3(193 71 70)
3(89 88 205)
3(53 52 19)
3(107 106 23)
3(140 141 16)
3(22 170 171)
3(62 61 192)
3(98 97 204)
3(24 3 79)
3(119 8 25)
3(4 27 80)
3(12 144 26)
3(378 192 386)
3(181 380 180)
3(514 204 506)
3(189 509 190)
3(192 54 19)
3(179 381 386)
3(514 509 189)
3(204 23 105)
3(512 508 507)
3(508 191 190)
3(514 506 509)
3(522 210 209)
3(509 508 190)
3(512 22 191)
3(209 526 522)
3(382 381 380)
3(381 180 380)
3(179 180 381)
3(181 16 384)
3(16 142 197)
3(379 380 384)
3(513 506 205)
3(196 195 382)
3(520 517 195)
3(378 381 387)
3(195 194 387)
3(517 194 195)
3(386 381 378)
3(520 195 196)
3(525 196 25)
3(522 516 210)
3(516 211 210)
3(510 515 210)
3(508 509 510)
3(509 515 510)
3(508 510 507)
3(510 210 211)
3(528 26 211)
3(515 209 210)
3(509 506 515)
3(515 506 513)
3(526 209 27)
3(193 378 385)
3(381 382 387)
3(385 378 387)
3(527 24 194)
3(199 169 22)
3(511 507 510)
3(382 195 387)
3(154 199 200)
3(200 199 507)
3(27 513 205)
3(205 81 27)
3(69 192 193)
3(506 204 205)
3(12 203 151)
3(3 206 72)
3(25 383 198)
3(198 118 25)
3(27 208 526)
3(27 4 208)
3(25 201 525)
3(25 8 201)
3(181 370 16)
3(180 179 373)
3(190 191 375)
3(23 189 376)
3(26 145 200)
3(26 200 511)
3(24 78 193)
3(24 193 385)
3(508 512 191)
3(181 384 380)
3(17 431 407)
3(19 372 179)
3(190 377 189)
3(449 450 448)
3(394 416 395)
3(414 436 389)
3(183 429 402)
3(449 478 497)
3(479 497 478)
3(17 370 178)
3(177 373 176)
3(420 422 421)
3(416 417 418)
3(476 86 475)
3(474 84 499)
3(415 444 148)
3(419 115 441)
3(68 67 1)
3(503 1 67)
3(10 443 123)
3(413 439 156)
3(482 100 500)
3(483 502 59)
3(424 131 442)
3(5 499 84)
3(115 9 441)
3(7 500 100)
3(11 442 131)
3(198 127 117)
3(117 127 116)
3(87 476 208)
3(112 421 201)
3(25 196 383)
3(26 511 211)
3(24 385 194)
3(27 209 513)
3(152 147 13)
3(146 152 200)
3(382 380 379)
3(379 383 382)
3(180 371 181)
3(22 374 191)
3(87 208 4)
3(112 201 8)
3(18 466 490)
3(483 467 451)
3(201 421 422)
3(473 503 67)
3(58 311 57)
3(347 130 129)
3(61 310 60)
3(346 133 132)
3(58 313 311)
3(349 130 347)
3(310 313 60)
3(349 346 132)
3(311 312 56)
3(348 347 128)
3(62 312 310)
3(348 134 346)
3(56 312 1)
3(348 128 10)
3(63 312 62)
3(348 135 134)
3(57 311 56)
3(347 129 128)
3(62 310 61)
3(346 134 133)
3(60 313 59)
3(349 132 131)
3(59 313 58)
3(349 131 130)
3(311 313 310)
3(349 347 346)
3(310 312 311)
3(348 346 347)
3(1 312 63)
3(348 10 135)
3(50 308 307)
3(352 138 351)
3(50 307 49)
3(351 138 137)
3(306 308 53)
3(352 350 141)
3(53 308 52)
3(352 141 140)
3(48 309 0)
3(353 136 11)
3(54 309 306)
3(353 142 350)
3(307 309 48)
3(353 351 136)
3(51 308 50)
3(352 139 138)
3(55 309 54)
3(353 143 142)
3(49 307 48)
3(351 137 136)
3(54 306 53)
3(350 142 141)
3(307 308 306)
3(352 351 350)
3(306 309 307)
3(353 350 351)
3(0 309 55)
3(353 11 143)
3(52 308 51)
3(352 140 139)
3(7 335 111)
3(367 15 175)
3(106 334 105)
3(366 170 169)
3(7 337 335)
3(369 15 367)
3(334 337 105)
3(369 366 169)
3(107 336 334)
3(368 171 366)
3(110 336 109)
3(368 174 173)
3(335 336 110)
3(368 367 174)
3(108 336 107)
3(368 172 171)
3(111 335 110)
3(367 175 174)
3(107 334 106)
3(366 171 170)
3(105 337 104)
3(369 169 168)
3(104 337 7)
3(369 168 15)
3(335 337 334)
3(369 367 366)
3(334 336 335)
3(368 366 367)
3(109 336 108)
3(368 173 172)
3(68 315 67)
3(343 124 123)
3(71 314 70)
3(342 127 126)
3(314 317 70)
3(345 342 126)
3(68 317 315)
3(345 124 343)
3(2 316 314)
3(344 9 342)
3(315 316 66)
3(344 343 122)
3(64 316 2)
3(344 120 9)
3(66 316 65)
3(344 122 121)
3(2 314 71)
3(342 9 127)
3(67 315 66)
3(343 123 122)
3(69 317 68)
3(345 125 124)
3(70 317 69)
3(345 126 125)
3(315 317 314)
3(345 343 342)
3(314 316 315)
3(344 342 343)
3(65 316 64)
3(344 121 120)
)


// ************************************************************************* //
