/*--------------------------------*- C++ -*----------------------------------*\
| =========                 |                                                 |
| \\      /  F ield         | OpenFOAM: The Open Source CFD Toolbox           |
|  \\    /   O peration     | Version:  2412                                  |
|   \\  /    A nd           | Website:  www.openfoam.com                      |
|    \\/     M anipulation  |                                                 |
\*---------------------------------------------------------------------------*/
FoamFile
{
    version     2.0;
    format      ascii;
    arch        "LSB;label=32;scalar=64";
    note        "nPoints:805  nCells:2379  nFaces:5513  nInternalFaces:4003";
    class       labelList;
    location    "constant/outer_box/polyMesh";
    object      neighbour;
}
// * * * * * * * * * * * * * * * * * * * * * * * * * * * * * * * * * * * * * //


4003
(
3
90
1896
1987
4
226
273
6
157
181
125
1897
1987
287
328
8
191
254
192
419
13
105
1898
1979
219
2080
12
149
1904
2136
23
143
1907
1985
14
150
208
1905
179
1899
2136
212
1894
1979
180
208
1900
1906
1909
1901
1908
1900
1905
1903
1907
1894
1898
1896
1897
1895
1902
1899
1904
200
1903
1985
458
1606
1706
52
53
113
68
346
408
588
397
451
1068
2019
50
291
1921
1963
66
69
80
100
33
362
631
35
369
410
71
106
111
422
481
62
281
1926
1963
429
485
82
389
390
331
721
2079
47
402
446
55
85
122
46
383
418
90
125
213
119
173
1982
81
84
146
434
661
935
107
416
417
435
483
470
871
79
85
102
152
384
706
1960
62
392
1974
105
212
241
53
98
145
71
142
75
131
204
1991
132
152
182
487
2019
2056
133
461
1118
77
364
409
395
517
2039
64
86
201
295
74
147
218
235
367
1974
382
552
2060
97
139
137
966
2169
100
186
405
69
76
129
233
653
1037
93
116
135
156
173
160
166
333
801
1654
91
169
178
164
300
424
186
462
1991
112
263
396
2103
85
121
139
201
106
1976
123
313
432
110
183
292
486
2142
117
118
160
110
225
279
97
242
127
147
155
320
101
121
161
458
782
1622
344
1916
183
211
292
96
134
264
282
103
233
251
168
312
570
99
140
337
124
341
255
330
117
126
151
264
282
123
612
184
201
295
121
1975
194
264
136
141
319
326
1920
160
527
530
131
163
217
298
117
146
169
183
229
132
152
166
129
131
163
237
239
934
128
466
504
116
135
650
156
651
174
223
260
284
307
1981
177
203
319
139
182
255
663
134
263
363
388
1917
145
146
225
214
230
514
1351
186
144
161
360
261
246
1314
233
300
513
141
153
1975
419
910
159
539
1498
151
284
370
253
1984
166
237
339
1928
1972
161
256
1984
299
1982
455
604
2023
379
1924
1965
351
1931
1969
307
260
1976
1608
1950
2101
214
1981
313
519
494
517
222
315
348
1336
660
763
223
184
926
1024
1334
231
235
1989
1092
1423
1620
262
544
546
547
1181
174
1030
1386
1595
197
206
231
308
238
439
605
1125
194
203
234
453
633
1128
331
638
1041
193
203
259
188
211
216
388
1918
1965
281
1923
1969
1083
2073
222
357
249
678
679
624
205
220
329
360
196
216
247
381
398
2005
2070
288
927
2008
1126
1194
494
2053
196
202
259
251
307
258
450
606
1028
202
247
206
263
363
425
572
1003
1767
1852
2122
379
1922
1972
363
260
391
644
1990
210
256
375
607
637
2013
550
358
1046
1860
220
293
370
373
291
1919
258
285
528
293
338
229
250
279
883
361
231
283
235
421
702
592
2067
338
572
1368
1721
261
400
1976
442
891
2035
371
737
804
242
269
507
867
662
1163
2086
232
698
303
566
2037
308
275
464
899
283
298
1240
1992
290
454
1593
305
459
241
326
1273
299
476
1260
447
1258
2011
529
2018
669
2000
452
1911
2038
2057
274
960
996
272
296
535
855
1615
2112
375
303
329
374
510
639
640
465
904
929
313
282
319
337
341
337
1983
552
592
315
1983
393
575
710
344
1159
341
305
991
688
689
266
294
614
649
322
351
1970
276
283
399
2002
306
334
339
1971
295
357
578
480
1348
1956
479
1001
1967
276
297
621
756
1555
350
918
292
373
525
332
2003
311
357
433
815
285
414
582
1966
372
588
709
2052
289
367
601
293
388
618
289
707
976
1964
737
946
900
964
674
1970
1473
1546
392
2018
322
590
754
361
373
587
332
361
375
391
371
524
778
1982
317
726
802
339
490
1139
1986
338
630
323
379
522
1966
500
1160
318
490
657
332
784
1490
2052
325
467
497
329
360
489
1004
1477
775
478
505
1893
2061
354
376
642
2030
2070
860
993
334
658
823
421
2037
765
901
1993
581
985
526
977
1971
923
1059
2162
352
520
549
347
449
1548
1820
2089
824
965
558
376
2001
1133
1496
385
1495
583
986
735
1489
2023
757
900
906
1656
404
454
866
1011
1573
2066
1504
1827
2108
366
475
376
436
944
1658
430
845
496
1980
400
1401
967
1758
2144
779
875
427
1674
443
1180
2025
415
817
818
1294
2016
919
937
1392
423
841
843
850
814
1211
412
906
1296
1123
1209
1397
1479
377
491
853
541
1988
911
666
2032
2051
1146
1222
1983
420
428
420
465
887
915
540
558
1008
452
625
845
439
930
1409
1525
477
406
495
704
666
1699
2071
656
1161
1096
1175
981
1237
1118
1503
591
1717
2035
450
931
1428
1501
680
1215
1323
1218
1322
453
644
961
623
713
788
453
987
1410
1500
949
1067
892
1392
901
2021
671
2004
589
621
1369
816
1151
2066
1231
1321
468
988
1429
1483
1164
1390
624
1372
505
637
667
586
1493
1579
460
845
2045
892
1163
1166
1192
635
1371
2025
938
964
554
555
2017
553
556
1053
1054
1040
1308
1039
1309
1119
1147
1299
1462
999
1650
468
702
1123
1355
1093
1094
778
1531
620
1169
431
851
876
577
649
2077
1461
2049
1146
1378
588
838
908
963
1010
775
1372
489
1474
579
629
833
1096
1317
740
1529
2001
1482
1819
2104
520
551
1213
2046
449
980
1564
1616
1820
474
1200
1350
1986
632
943
956
796
1371
619
822
872
620
821
873
1264
1285
619
1360
492
819
1532
496
2152
475
979
594
1319
1651
789
1813
1027
1688
478
781
2024
472
664
722
790
473
665
723
791
571
1622
500
1634
1813
1885
2044
1618
1632
624
1553
557
825
1279
1352
525
1471
811
1534
1227
1304
516
730
1026
2036
511
635
1554
1231
1476
668
1341
1933
2154
691
711
692
712
808
1986
541
1384
524
1634
808
2137
840
1353
534
1468
533
1195
1238
1381
518
680
1988
1198
1329
502
741
776
1980
1265
1395
1254
2178
863
2039
512
531
611
758
1523
1810
673
770
560
870
1494
559
1764
2017
838
739
800
515
643
520
700
865
564
685
948
951
563
684
947
950
1369
512
531
636
1157
961
1980
573
697
1290
1257
1281
840
1823
545
615
626
794
578
1625
545
595
626
975
562
729
1283
630
1523
515
659
1486
593
1387
778
1578
1227
1413
643
1486
584
2026
2038
2073
828
905
1988
775
1578
796
600
620
761
1759
526
1592
831
1092
2051
2076
1418
1452
1569
1337
1466
553
606
997
554
605
998
1338
1465
760
1533
542
616
690
711
805
848
712
806
849
587
1728
609
1561
1830
769
2030
2106
620
648
772
1759
1488
1552
566
732
560
701
548
864
1002
756
1174
2102
1226
1440
787
1528
1225
1441
1004
1574
585
1013
1030
568
569
577
911
1539
796
1577
1442
2061
922
921
696
743
1964
695
744
1966
779
1042
580
687
1590
2018
701
1494
824
981
1962
728
827
1241
822
1106
821
1107
819
1577
2046
634
762
677
1449
2155
713
1283
710
1290
1619
1782
809
1375
1706
1003
1374
750
830
1270
1000
1247
2114
788
1324
783
1390
1520
909
1474
835
932
2041
687
815
611
767
869
618
1592
615
768
852
741
776
862
836
1030
1139
731
1271
1452
2053
601
785
614
1538
795
1176
1756
1035
831
1262
1787
765
901
958
803
1036
1837
621
777
855
1048
1823
1938
2014
599
641
782
1580
608
724
725
799
633
826
959
1130
1642
1210
1443
1572
1343
2060
1085
1084
816
1035
619
641
1633
1729
1760
918
1062
1256
760
1076
663
1249
1560
1124
1693
1814
1545
823
1077
671
780
877
893
1233
1671
1599
720
777
835
932
1052
710
713
2259
838
2038
703
1676
681
716
924
1100
682
717
925
1101
935
1441
1655
1594
1478
1491
996
1609
2085
1135
1134
2036
659
831
1228
1773
704
2014
1133
1621
1543
1547
1544
1548
809
734
884
1050
1148
1051
1149
969
1007
1585
693
767
947
694
768
948
685
829
1754
651
1568
2325
1332
1450
673
1585
2056
753
1435
2045
725
847
1079
1184
724
846
1078
1183
1306
1665
658
1569
1670
776
2026
1488
1635
719
947
1182
1154
1626
1450
2322
805
2098
806
2100
672
2172
1035
2061
1220
1280
1978
718
797
928
909
972
1049
2078
1586
2070
751
764
1699
789
1263
707
1545
912
920
1136
969
1098
1584
1776
1842
1558
1614
1559
1616
859
711
914
712
913
771
1191
1527
742
822
821
1212
1583
1632
1038
1232
1469
1563
1470
1561
957
2004
722
1090
1346
723
1091
1347
897
950
1444
898
951
1445
744
977
743
976
954
1193
736
820
929
786
952
1069
1350
807
1110
1102
1236
1103
1235
803
1697
1778
1005
1161
1271
1427
1209
1397
1764
774
1731
2139
1037
1426
1290
1283
880
985
1020
1970
881
986
1021
1971
848
2094
849
2096
832
1079
742
766
1437
742
766
1633
1133
1166
857
858
872
873
1601
2173
1219
1230
1564
1977
1344
2026
982
1173
862
865
1043
1373
2059
762
858
1120
738
1394
2118
769
1472
2030
923
1189
1997
861
1078
2043
1335
1735
781
840
1331
902
1047
1720
1365
792
1300
793
1301
917
1017
1485
1048
1340
1998
2014
807
828
905
1136
1016
1068
1319
888
984
1199
1367
2047
868
2051
1000
1289
1557
1998
1295
1457
2065
760
983
1773
1453
1603
1610
824
1119
1259
962
1009
1747
989
1066
1109
1012
799
1366
791
1582
1647
868
1627
939
1876
835
897
1076
898
1077
1485
894
968
1263
1165
1775
829
1451
836
1002
1022
1282
1201
2141
1115
1333
825
1197
884
916
1584
940
1078
1455
1749
910
1299
1786
826
857
1196
984
1298
823
1141
1837
1217
1297
2057
2236
826
2099
2101
1223
1286
1224
1287
1014
1138
1745
1530
2048
832
867
1239
1555
1794
1046
1607
1005
1064
1331
1495
1604
1606
1613
1013
1087
1519
2129
1328
1412
1327
1411
2047
952
1360
1617
917
1292
1612
940
941
1650
1404
1653
1757
844
1095
1383
1211
1281
1860
936
2013
2067
1517
1648
1516
1649
870
861
899
873
872
1178
1512
1945
982
1344
2305
870
1024
1542
954
1367
2309
868
1184
1541
1225
2040
991
1167
1311
1258
1060
1083
1254
2170
864
877
1087
2234
1661
1703
1415
1698
2015
1662
1702
949
1646
853
872
1242
873
1243
1362
1412
1363
1411
867
936
1456
1155
1216
1656
1778
894
1227
1615
1654
970
907
1195
1858
2134
1196
1120
2092
2137
1601
1828
1183
1570
978
949
1095
1013
1110
1597
1668
1589
1674
1787
2047
1611
1679
1623
1671
1730
2088
1342
1512
1131
1596
1185
1586
895
1142
1266
1382
896
1143
1267
1349
976
1019
977
1018
946
965
2010
904
1471
1031
973
1071
1521
974
1072
1522
999
1741
1172
1229
1320
1011
1265
2079
916
1006
1407
1765
1663
2086
1342
1023
1293
903
1288
973
1356
974
1357
985
986
915
1198
928
1214
1244
1598
1681
1104
964
1643
1328
2122
2135
1155
1460
1846
2077
1337
1065
920
1199
1303
925
1091
1509
924
1090
1508
970
1499
1006
1185
1190
1472
996
1197
1174
1794
1104
2093
998
1056
1286
997
1057
1287
1996
1056
1057
1032
1086
1275
1329
2007
2000
940
980
1803
979
1804
1454
1942
1123
1479
1492
1206
1260
1354
1655
1370
1512
1571
1097
1629
1403
1834
1993
1033
1033
1716
1326
1704
1870
1487
1513
2034
1008
1724
963
1164
1460
1737
1024
1045
1044
1162
1034
1307
1402
1487
1295
1566
1162
2092
2137
1132
1487
1002
1066
1282
1319
1652
1446
1708
1342
2085
1117
1182
1387
1385
1848
1158
1466
2167
1147
1175
1007
1598
1082
1450
1405
1209
1237
1491
1049
1539
1142
1312
1143
1313
1036
1723
1043
1276
1365
1084
1421
1085
1422
1672
1960
1289
1535
1012
1538
1069
1229
1027
1790
1026
1791
1282
1298
1339
1192
1222
1958
1160
1318
1651
2020
2057
2239
1645
1867
1088
1111
1521
1089
1112
1522
1132
1101
1100
1418
1289
1712
1459
1832
1968
1451
1864
1806
1099
1340
1031
1082
1263
1401
1076
1182
1131
1825
1857
1481
1833
1664
1636
1077
1305
1194
1231
1306
1383
1800
1190
1216
1510
1021
1114
1316
1020
1113
1315
1444
1445
1060
1298
1352
2088
1305
1188
1460
1520
1134
1419
1135
1420
1159
1690
1121
1675
2036
1074
1472
1317
2083
1580
1153
1307
1430
1388
1145
1232
1310
1040
1719
1816
1126
1476
1061
1345
1425
1447
1107
1399
1445
1106
1398
1444
1079
1214
1214
1658
1557
2199
1171
1359
1148
1409
1149
1410
1376
1514
1666
1722
1667
1721
1179
1377
1400
1869
1286
1287
1067
2073
2177
1726
1994
2124
1200
1350
1129
1591
1458
1644
1065
1073
1152
1291
1098
1630
1127
2006
1854
1095
1162
1137
1388
2131
1113
1312
1315
1114
1313
1316
1117
1276
1407
1612
1140
1625
2000
1107
1204
1251
1399
1106
1203
1250
1398
1098
2220
1462
2072
1268
1269
1096
1334
1818
1185
1430
1090
1187
1508
1091
1186
1509
2078
1683
1740
1684
1739
1455
1770
1331
1272
1630
2095
2097
1236
1428
1235
1429
2092
1540
2145
2166
1414
1602
1955
1171
1339
1359
1136
1303
1142
1187
1266
1143
1186
1267
1398
1399
1144
1333
1361
1322
1468
1777
1152
1365
1850
1851
1198
1310
1475
1594
2037
1281
1304
1757
1274
1275
1856
1273
1753
1194
1496
1291
1320
1539
1240
1743
1345
1482
2106
1248
1708
1808
1377
1400
1644
1692
1277
1278
1426
1446
1305
1676
1200
1636
1678
2001
1178
1677
1266
1361
1267
1310
1453
1502
1554
1553
1384
1628
1734
1829
1208
1600
1974
1170
1221
1492
1821
1188
1202
1170
1463
1524
1596
1228
1732
1672
2054
1599
1354
1343
2093
1733
2085
1597
1191
1686
1265
1179
1318
1869
1373
1493
1822
1366
1374
1448
1311
2033
1291
1302
1289
1436
1555
1742
1758
1467
1536
2034
1261
1679
1957
1670
1311
1463
1241
2025
1767
1805
1437
1252
1253
1347
1346
1526
1353
1560
2024
1202
2091
1692
1295
1435
1442
1416
1957
1361
1518
1425
1588
1302
1233
1293
1292
1785
1250
1312
1251
1313
1563
1623
1671
1307
2034
1360
1478
1809
1247
1999
1706
1809
1537
1639
1772
1801
1270
2046
1607
1254
2027
1484
1272
1436
1255
1777
1559
1603
1704
1943
1402
1524
1644
1784
1300
1521
1550
1301
1522
1551
1226
1330
1589
1339
1581
1788
1884
1349
1872
1325
1680
2116
1531
1532
1672
1478
1809
1519
1731
1587
1283
2317
1250
1252
1251
1253
1288
1297
1324
1317
1329
1464
1506
1915
2130
1325
1792
1878
1584
2024
1433
1434
1433
1570
1434
1541
1762
2142
1425
1510
1591
1700
1744
1737
2011
1502
1725
1467
1621
1692
1380
1396
1729
2238
1611
1802
1421
1431
2097
1422
1432
2095
1290
2320
1665
1297
1340
1590
1451
1882
1451
2084
1302
1419
1438
2101
1420
1439
2099
1345
1845
2087
1459
1701
1824
1517
1770
2009
1835
2058
1550
1551
2045
2248
1526
1575
1640
1751
1847
2016
2064
1575
1761
2229
1885
2053
1315
1316
1447
1447
1861
1542
1442
1838
1354
1337
1786
1326
1338
1475
1515
1618
1336
1800
1359
1838
2058
1323
2157
1435
1391
1701
1719
1565
2100
2098
2042
2128
2247
1585
2022
1382
1818
1394
1646
1556
1832
2208
1978
2153
1489
1535
1624
1518
1475
1581
1784
1958
1370
1744
1849
1571
1795
2235
1874
2090
1405
1433
1370
1434
1547
1548
1576
1507
1518
1581
2094
1459
2096
1626
1686
1746
1537
2107
1566
1628
1727
1812
1456
1493
1871
1812
1882
1605
1617
1946
1389
1507
1617
1769
1549
2074
1465
1466
1505
1387
1655
1660
1443
2090
1405
1735
1776
1798
1583
1825
1595
1656
1909
2065
1514
1941
1961
1460
1841
1540
1600
1512
1742
1476
1621
1679
2179
1833
2074
1627
1659
1660
1479
1961
1463
1807
1487
1715
1783
1992
1639
1855
1499
1496
1562
1836
1938
1765
1515
1748
1750
1709
1710
1641
2111
1762
2117
1641
2109
1611
1802
1666
1688
1749
1783
1811
1798
1781
1620
1674
1901
1489
1511
1997
1638
1511
1579
1695
1696
2096
2094
1998
2100
2098
1469
2140
1470
1893
1713
1815
1702
1855
1766
1859
2156
2260
1788
1796
1660
1845
1877
1541
1763
2044
2198
1484
1510
1524
1883
1657
1881
2049
1682
2170
2081
2132
1968
1738
2049
1565
2158
1872
1830
1668
1890
1726
1994
1733
1593
1722
2069
1938
2067
2080
2087
1675
1696
1791
1596
1591
1624
1863
1638
1786
2055
1733
1874
1868
1628
1739
2080
1561
1563
1760
1817
1876
1570
1710
1743
1790
1690
1695
1804
2144
1705
1772
1556
1751
2028
2159
1685
1766
1780
2011
2055
1550
1551
1806
1536
1609
1588
1945
2110
1517
2133
1555
2127
1629
1709
1753
1803
1761
1713
2176
1677
1723
1745
1678
1720
1724
1756
1828
1664
1732
1747
1681
1716
1741
2149
1738
1946
1639
2108
1680
1614
1875
1616
1820
1843
1890
2068
2115
1796
2012
1652
1800
1698
2016
1840
2193
1559
1610
2161
2307
1823
1853
1893
1781
1977
1892
1952
1734
1637
1752
1799
1989
2022
2303
1640
1613
1706
1879
1694
1833
1718
1868
1643
1669
2089
2113
1868
1889
1755
1817
1597
2002
1609
1688
1843
1778
1906
1630
1694
1888
1635
1647
1788
1653
1861
1657
1738
1645
1755
1783
1951
1941
1796
1669
2175
2146
1850
2111
1768
1767
2120
1787
1908
1657
1789
1760
2151
2361
1663
2172
2362
1761
1693
1725
1765
2143
1825
1851
2117
1810
1844
1873
1642
1757
1779
1849
1816
1725
1814
1789
1854
1951
1666
1877
1667
2082
1657
1910
1935
1876
1684
1850
1861
1830
1929
1751
1729
1730
1819
1673
1683
1684
1855
1717
1838
1864
1801
1725
1872
2055
1880
2068
1927
1691
1875
1771
1793
2158
1890
1862
2063
2131
1821
1717
1736
1756
1841
1721
1722
1727
1693
1818
2143
1959
2164
1765
1925
2143
1707
1750
1847
1860
1704
1832
1703
1812
1739
1740
1750
1827
2109
1815
1878
1774
1805
1852
1840
2114
2149
1879
2091
1781
1934
2151
2374
1783
1935
2372
1805
1822
1792
1808
1782
1880
2003
1930
1845
2087
1779
1941
1776
2062
1863
1746
1888
2041
1936
1945
2103
1847
1775
1769
1869
1841
1877
1869
1860
1933
1937
1773
2075
1834
1888
1861
1818
1831
1953
1826
1891
2063
1842
1913
1769
1825
1848
1877
1839
1883
1885
1851
1936
1822
1835
2174
1916
1952
1925
1794
1842
2062
2152
2126
1788
1814
1846
1816
1930
1881
1870
1839
1892
1911
1865
1914
1995
2148
1815
1939
2130
1829
2153
1913
1915
1863
1936
1858
1868
1995
1827
1857
1816
1862
1837
2029
2123
2371
1880
1839
2183
1856
2131
1834
2171
1874
2186
1862
1866
2154
1862
1866
1885
1932
1886
1891
2373
1910
2118
2179
2164
1858
1871
1853
1889
1959
2059
2288
1912
1934
1947
1949
2069
1933
1943
1942
1857
1947
1856
2009
2015
1932
1948
1858
2134
2279
2181
1947
1948
1913
1937
2118
2084
1871
1893
2134
1883
1891
1881
1886
1940
2059
2141
1939
1944
2091
2116
2146
1944
1946
2176
2069
1949
2107
2376
1889
1912
1934
2048
1892
1910
1935
1953
2174
2377
1936
2367
2378
1919
1921
1973
1916
1917
1920
1918
1923
1927
1926
1973
1922
1924
1931
1925
1928
1930
1929
1911
2072
1938
2148
2124
2135
2368
1939
1918
1921
2150
1924
1926
1931
1929
1948
2108
2369
2370
2156
1943
1944
1946
1945
2127
1949
1949
1951
1954
1955
1953
1954
1955
1955
1957
1958
1959
1959
1961
1962
2103
2102
1964
2017
1966
1968
2160
2160
1970
1972
1974
1976
2095
2097
1980
1982
1984
1986
1988
1992
2357
1991
2029
2161
1993
1995
1996
1997
1997
1999
2013
2001
2003
2005
2006
2032
2033
2008
2132
2009
2133
2011
2054
2147
2165
2014
2016
2018
2020
2021
2022
2056
2022
2024
2026
2028
2168
2157
2168
2161
2360
2031
2071
2105
2033
2050
2035
2037
2039
2041
2042
2043
2043
2129
2045
2240
2047
2049
2051
2076
2053
2055
2057
2059
2061
2063
2064
2065
2065
2067
2069
2071
2073
2177
2163
2076
2077
2078
2078
2080
2082
2083
2084
2133
2084
2086
2088
2150
2091
2093
2095
2097
2099
2121
2101
2103
2106
2171
2106
2172
2108
2110
2111
2112
2112
2114
2115
2116
2116
2118
2120
2121
2125
2122
2126
2122
2124
2125
2162
2126
2126
2129
2139
2129
2138
2131
2133
2135
2375
2137
2139
2140
2141
2141
2180
2144
2146
2147
2148
2148
2166
2150
2151
2152
2152
2154
2155
2156
2156
2158
2159
2160
2160
2162
2164
2165
2166
2166
2168
2169
2170
2170
2172
2174
2175
2176
2176
2178
2181
2182
2180
2181
2182
2182
2188
2192
2213
2185
2190
2210
2186
2194
2214
2197
2199
2188
2201
2218
2203
2204
2192
2230
2256
2191
2197
2200
2257
2204
2240
2194
2231
2262
2199
2233
2231
2232
2267
2202
2239
2241
2266
2206
2234
2230
2237
2268
2208
2235
2242
2265
2202
2203
2270
2205
2236
2209
2209
2225
2238
2208
2243
2247
2241
2275
2293
2294
2249
2244
2248
2214
2245
2257
2232
2280
2295
2296
2223
2250
2251
2264
2218
2256
2288
2255
2279
2227
2252
2253
2271
2242
2276
2297
2298
2237
2281
2299
2300
2254
2269
2221
2225
2243
2221
2226
2238
2227
2247
2223
2229
2259
2263
2228
2258
2228
2244
2246
2244
2227
2260
2272
2261
2229
2248
2249
2240
2264
2233
2263
2263
2306
2249
2235
2247
2271
2238
2239
2264
2309
2272
2248
2272
2304
2271
2308
2246
2273
2351
2249
2258
2319
2259
2320
2261
2321
2260
2322
2274
2352
2262
2273
2301
2268
2315
2265
2318
2316
2317
2325
2324
2267
2369
2305
2310
2285
2368
2270
2282
2370
2286
2323
2287
2367
2270
2274
2302
2326
2307
2303
2358
2359
2277
2282
2340
2278
2285
2337
2289
2328
2332
2290
2327
2331
2301
2375
2284
2286
2343
2283
2287
2342
2289
2366
2291
2329
2334
2292
2330
2333
2290
2365
2292
2364
2291
2363
2302
2376
2314
2313
2311
2312
2304
2335
2303
2357
2305
2361
2306
2339
2307
2360
2308
2336
2309
2362
2310
2344
2377
2378
2325
2324
2317
2316
2322
2321
2320
2319
2315
2345
2323
2348
2318
2338
2326
2341
2352
2351
2358
2359
2336
2338
2347
2335
2341
2346
2344
2345
2349
2339
2348
2350
2347
2353
2346
2354
2350
2356
2349
2355
2353
2360
2371
2354
2357
2372
2355
2362
2373
2356
2361
2374
2367
2373
2369
2374
2368
2371
2370
2372
2376
2375
2377
2378
)


// ************************************************************************* //
