/*--------------------------------*- C++ -*----------------------------------*\
| =========                 |                                                 |
| \\      /  F ield         | OpenFOAM: The Open Source CFD Toolbox           |
|  \\    /   O peration     | Version:  2412                                  |
|   \\  /    A nd           | Website:  www.openfoam.com                      |
|    \\/     M anipulation  |                                                 |
\*---------------------------------------------------------------------------*/
FoamFile
{
    version     2.0;
    format      ascii;
    arch        "LSB;label=32;scalar=64";
    note        "nPoints:805  nCells:2379  nFaces:5513  nInternalFaces:4003";
    class       labelList;
    location    "constant/outer_box/polyMesh";
    object      owner;
}
// * * * * * * * * * * * * * * * * * * * * * * * * * * * * * * * * * * * * * //


5513
(
0
0
0
0
1
1
1
2
2
2
3
3
3
4
4
5
5
5
6
6
7
7
7
7
8
8
9
9
9
9
10
10
10
10
11
11
11
11
12
12
12
13
13
13
14
14
14
15
15
16
16
17
17
18
18
19
19
20
20
21
21
22
22
23
23
23
24
24
24
25
25
25
26
26
26
26
27
27
27
27
28
28
28
28
29
29
29
29
30
30
30
31
31
31
32
32
32
33
33
34
34
34
34
35
35
36
36
36
37
37
37
38
38
38
39
39
39
40
40
40
41
41
41
42
42
42
43
43
43
44
44
44
45
45
45
46
46
47
47
48
48
48
48
49
49
49
50
50
50
51
51
51
52
52
52
53
53
54
54
54
54
55
55
55
56
56
56
57
57
57
58
58
58
59
59
59
60
60
60
60
61
61
61
61
62
62
63
63
63
64
64
65
65
65
66
66
66
67
67
67
67
68
68
69
70
70
70
70
71
71
72
72
72
73
73
73
74
74
74
75
75
75
76
76
77
77
78
78
78
78
79
79
80
80
80
81
81
81
82
82
83
83
83
84
84
84
86
86
87
87
87
87
88
88
88
89
89
89
90
90
91
91
91
92
92
92
92
93
93
93
94
94
94
95
95
95
96
96
97
97
98
98
99
99
99
100
100
101
101
101
102
102
103
103
104
104
104
105
105
106
107
107
108
108
108
108
109
109
109
109
110
111
111
111
112
112
112
113
113
113
114
114
114
115
115
115
116
116
118
118
118
119
119
119
120
120
120
122
122
122
123
124
124
124
125
125
126
126
126
127
127
128
128
129
130
130
130
132
133
133
134
135
135
136
136
136
137
137
138
138
138
140
140
140
141
141
142
142
143
143
143
144
144
144
145
147
148
148
148
149
149
149
150
150
150
151
153
153
154
154
154
155
155
156
156
157
157
158
158
158
158
159
159
160
161
162
162
162
163
164
164
165
165
165
167
167
167
168
168
169
170
170
170
171
171
171
171
172
172
172
172
173
174
175
175
175
175
176
176
176
177
177
177
178
178
178
179
179
179
180
180
180
181
181
182
184
185
185
185
186
187
187
187
187
188
188
188
189
189
189
189
190
190
190
191
191
192
192
193
193
193
194
194
195
195
195
195
196
196
197
197
197
198
198
198
199
199
199
200
200
200
202
203
204
204
204
205
205
206
207
207
207
208
209
209
209
210
210
210
211
212
212
213
213
213
214
214
215
215
215
215
216
217
217
218
218
218
219
219
220
221
221
221
222
222
223
224
224
224
225
226
226
227
227
227
227
228
228
228
229
229
230
230
230
231
232
232
232
234
234
234
235
236
236
236
237
237
238
238
238
239
239
239
240
240
240
241
241
242
242
243
243
243
243
244
244
244
245
245
245
245
246
246
247
248
248
248
248
249
249
250
250
250
251
252
252
252
252
253
253
254
254
255
256
257
257
257
258
258
259
261
261
262
262
265
265
265
265
266
266
266
267
267
267
267
268
268
268
268
269
269
269
270
270
270
271
271
271
272
272
272
273
273
274
274
275
275
275
276
276
277
277
277
277
278
278
278
278
279
280
280
280
281
281
283
284
285
285
286
286
286
286
287
287
288
288
289
289
290
290
291
291
294
294
294
296
296
296
297
297
297
298
299
299
300
300
301
301
301
302
302
302
302
303
303
304
304
304
304
305
305
306
306
306
308
309
309
309
310
310
310
311
311
311
312
312
313
314
314
314
314
315
315
316
316
316
317
317
318
318
318
320
320
321
321
321
322
322
323
323
323
324
324
324
325
325
325
326
326
327
327
327
328
328
329
330
330
331
331
333
333
334
334
335
335
335
336
336
336
339
340
340
340
342
342
342
343
343
343
344
344
345
345
345
345
346
346
347
347
348
348
349
349
349
350
350
351
351
352
352
352
353
353
353
354
354
355
355
355
356
356
356
357
358
358
359
359
359
362
362
364
364
365
365
365
366
366
367
368
368
368
369
369
370
371
371
372
372
372
373
374
374
376
377
377
377
378
378
378
378
379
380
380
380
381
381
381
382
382
383
383
384
384
385
385
386
386
386
387
387
387
387
388
389
389
390
390
391
391
392
393
393
393
394
394
394
394
395
395
396
396
397
397
398
398
399
399
400
401
401
401
402
402
403
403
403
403
404
404
405
405
406
406
406
407
407
407
408
408
408
409
409
410
410
411
411
411
412
412
413
413
413
414
414
415
415
416
416
417
417
418
418
419
419
420
420
421
421
422
422
423
423
424
424
425
425
426
426
426
427
427
427
428
428
429
429
430
430
431
431
431
432
432
433
433
434
434
434
435
435
436
436
436
437
437
437
438
438
438
438
439
439
440
440
440
441
441
441
441
442
442
442
443
443
444
444
444
445
445
445
446
446
447
447
448
448
448
449
449
450
450
451
451
451
452
452
453
454
455
455
455
456
456
456
456
457
457
457
457
458
458
459
459
460
460
460
461
461
462
462
463
463
463
463
464
464
465
465
466
466
467
467
468
468
469
469
469
470
470
471
471
471
471
472
472
473
473
474
474
475
475
476
476
477
477
478
478
479
479
480
480
481
481
482
482
482
483
483
484
484
484
484
485
485
486
486
487
487
488
488
488
488
489
490
491
491
492
492
492
493
493
493
494
495
495
496
496
497
497
497
498
498
498
498
499
499
499
499
500
501
501
501
501
502
502
503
503
503
504
504
505
505
506
506
506
506
507
507
508
508
508
508
509
509
509
510
510
511
511
511
512
512
513
513
514
514
515
515
516
516
517
517
518
518
518
519
519
520
521
521
521
521
522
522
523
523
523
523
524
525
526
527
527
528
528
528
529
529
529
530
530
531
531
532
532
532
533
533
533
534
534
534
535
535
536
536
536
537
537
537
538
538
538
538
539
539
540
540
541
541
542
542
542
543
543
543
544
544
545
545
546
546
547
547
548
548
548
549
549
550
550
550
551
551
552
552
553
554
555
555
555
556
556
556
557
557
558
558
559
559
560
560
561
561
561
562
562
562
563
563
564
564
565
565
565
566
566
567
567
567
568
568
569
569
570
570
571
571
571
572
572
573
573
573
574
574
574
575
575
576
576
576
577
578
579
579
579
580
580
581
581
581
582
582
583
583
583
584
584
584
585
585
585
586
586
587
588
589
589
590
590
591
591
591
592
593
593
593
594
594
594
595
595
595
596
596
596
597
597
597
597
598
598
598
598
599
599
600
600
601
601
602
602
602
603
603
603
604
604
605
606
607
607
608
608
608
609
609
610
610
610
611
611
612
612
612
613
613
613
614
615
615
616
616
616
617
617
617
618
619
621
622
622
622
623
623
623
625
625
626
626
627
627
627
627
628
628
628
628
629
629
629
630
631
631
632
632
632
633
634
634
635
636
636
636
637
637
638
638
639
639
640
640
641
642
642
643
643
644
644
645
645
645
646
646
646
647
647
647
648
648
649
650
650
650
651
651
652
652
652
653
653
653
654
654
654
654
655
655
655
655
656
656
657
657
658
659
659
660
660
661
661
661
662
662
663
663
664
664
665
665
666
666
667
667
668
668
668
669
669
669
670
670
670
670
671
671
672
672
672
673
673
674
674
675
675
675
676
676
676
677
677
678
678
679
679
680
681
681
682
682
683
683
683
684
684
685
686
686
686
687
687
688
688
689
689
690
690
691
691
691
692
692
692
693
693
693
694
694
694
695
695
696
696
697
697
698
698
698
699
699
699
699
700
700
701
701
702
702
703
703
703
704
705
705
705
706
706
707
708
708
708
709
709
710
713
714
714
714
714
715
715
715
715
716
716
717
717
718
718
719
719
719
720
720
720
721
721
722
723
724
725
726
726
727
727
727
727
728
728
729
729
730
730
730
731
731
732
732
732
733
733
733
734
734
734
735
735
735
736
736
737
738
738
739
739
739
740
740
740
741
743
743
744
744
745
745
745
746
746
746
746
747
747
747
747
748
748
748
749
749
749
750
750
751
751
752
752
752
752
753
753
753
754
754
754
755
755
755
756
757
757
758
758
758
759
759
759
760
761
761
762
763
763
764
764
765
765
766
767
767
768
768
769
770
770
770
771
771
772
772
773
773
773
773
774
774
777
777
779
779
780
780
781
782
782
783
783
784
784
784
785
785
785
786
786
787
787
787
788
788
789
789
790
790
791
792
792
793
793
794
794
794
795
795
797
797
798
798
798
799
799
800
800
800
801
801
802
802
803
803
804
804
805
805
806
806
807
808
809
809
810
810
810
811
811
811
812
812
812
813
813
813
814
814
814
815
816
816
817
817
818
818
819
820
820
821
822
823
825
825
827
827
827
828
829
829
830
830
830
831
832
832
833
833
834
834
834
835
836
837
837
837
839
839
839
840
841
841
842
842
842
843
843
844
844
845
846
846
847
847
848
848
849
849
850
850
850
851
851
852
852
853
854
854
854
855
856
856
856
856
857
858
859
859
860
860
861
861
862
863
863
864
865
866
866
868
869
869
870
871
871
874
874
874
874
875
875
876
876
877
877
878
878
878
878
879
879
879
879
880
880
881
881
882
882
882
883
883
884
885
885
885
886
886
886
887
887
888
888
888
889
889
889
890
890
890
890
891
891
892
893
893
894
894
895
895
896
896
897
898
899
900
902
902
903
903
904
905
906
906
907
907
907
908
908
908
909
910
911
912
912
912
913
913
913
914
914
914
915
915
916
916
917
917
918
918
919
919
920
920
921
921
921
922
922
922
923
924
925
926
926
926
927
927
928
929
930
930
931
931
932
932
933
933
933
934
934
934
935
936
937
937
938
938
939
939
939
940
941
941
942
942
942
943
943
943
944
944
945
945
945
946
948
950
951
952
953
953
953
953
954
954
955
955
955
956
956
957
957
957
958
958
959
959
960
960
961
962
962
963
964
965
966
966
967
967
968
968
969
969
970
971
971
971
972
972
973
973
974
974
975
975
978
978
978
979
979
980
980
981
981
982
982
983
983
984
984
987
987
988
988
989
989
989
990
990
990
991
991
992
992
992
992
993
993
994
994
994
995
995
995
996
997
998
999
1000
1000
1001
1001
1001
1003
1003
1004
1005
1005
1006
1007
1007
1008
1009
1009
1010
1010
1010
1011
1011
1012
1013
1014
1014
1015
1015
1015
1016
1016
1017
1017
1017
1018
1018
1018
1019
1019
1019
1020
1021
1022
1022
1023
1023
1024
1025
1025
1025
1026
1026
1027
1027
1028
1028
1029
1029
1029
1031
1031
1032
1032
1033
1034
1034
1036
1037
1038
1038
1038
1039
1039
1040
1041
1041
1042
1042
1042
1043
1044
1044
1044
1045
1045
1045
1046
1046
1047
1047
1048
1048
1049
1049
1050
1050
1051
1051
1052
1052
1053
1053
1054
1054
1055
1055
1055
1055
1056
1057
1058
1058
1058
1059
1059
1059
1060
1060
1061
1061
1062
1062
1063
1063
1063
1063
1064
1064
1065
1066
1067
1068
1069
1070
1070
1070
1071
1071
1071
1072
1072
1072
1073
1073
1074
1074
1075
1075
1075
1080
1080
1080
1080
1081
1081
1081
1081
1082
1082
1083
1083
1084
1085
1086
1086
1086
1087
1087
1088
1088
1088
1089
1089
1089
1092
1093
1093
1094
1094
1097
1097
1098
1099
1099
1100
1101
1102
1102
1103
1103
1104
1105
1105
1105
1108
1108
1108
1109
1109
1109
1110
1110
1111
1111
1111
1112
1112
1112
1113
1114
1115
1115
1115
1116
1116
1116
1117
1117
1118
1118
1119
1120
1120
1121
1121
1122
1122
1122
1124
1124
1124
1125
1125
1126
1126
1127
1127
1127
1128
1128
1129
1129
1129
1130
1130
1130
1131
1131
1132
1133
1134
1135
1137
1137
1138
1138
1139
1139
1140
1140
1141
1141
1144
1144
1145
1145
1146
1147
1148
1149
1150
1150
1150
1150
1151
1151
1152
1153
1153
1154
1154
1155
1155
1156
1156
1156
1156
1157
1157
1158
1158
1159
1160
1161
1162
1163
1163
1164
1165
1165
1166
1167
1167
1167
1168
1168
1168
1169
1169
1169
1170
1171
1172
1172
1173
1173
1174
1174
1175
1176
1176
1176
1177
1177
1177
1178
1179
1179
1180
1180
1181
1181
1182
1183
1184
1186
1187
1188
1189
1189
1189
1190
1191
1192
1193
1193
1194
1195
1195
1196
1196
1197
1197
1199
1201
1201
1202
1202
1203
1203
1204
1204
1205
1205
1205
1206
1206
1207
1207
1207
1208
1208
1210
1210
1211
1211
1212
1212
1213
1213
1214
1215
1215
1216
1217
1217
1218
1218
1219
1219
1220
1220
1221
1221
1221
1222
1223
1223
1223
1224
1224
1224
1225
1226
1228
1229
1230
1230
1230
1232
1233
1234
1234
1234
1235
1236
1237
1238
1238
1239
1239
1240
1241
1241
1242
1242
1243
1243
1244
1244
1244
1245
1245
1245
1246
1246
1246
1247
1248
1248
1249
1249
1250
1251
1252
1252
1253
1253
1255
1255
1256
1256
1256
1257
1257
1258
1258
1259
1259
1260
1261
1261
1262
1262
1262
1263
1264
1264
1268
1268
1268
1269
1269
1269
1270
1270
1271
1272
1272
1273
1274
1274
1275
1275
1276
1277
1277
1277
1278
1278
1278
1279
1279
1279
1280
1280
1280
1284
1284
1284
1285
1285
1286
1287
1288
1288
1292
1292
1293
1294
1294
1294
1295
1296
1296
1297
1299
1299
1300
1301
1302
1303
1304
1305
1306
1306
1307
1308
1308
1309
1309
1310
1314
1314
1318
1319
1320
1321
1321
1322
1323
1324
1325
1326
1326
1327
1327
1328
1330
1330
1331
1332
1332
1333
1334
1335
1335
1336
1338
1340
1341
1341
1343
1344
1344
1346
1347
1348
1348
1348
1349
1351
1351
1352
1353
1353
1355
1355
1356
1356
1357
1357
1358
1358
1358
1360
1361
1362
1362
1363
1363
1364
1364
1364
1366
1366
1367
1367
1368
1368
1370
1373
1373
1374
1374
1375
1375
1375
1376
1376
1376
1377
1378
1378
1379
1379
1379
1380
1380
1380
1381
1381
1382
1383
1384
1384
1385
1385
1386
1386
1386
1388
1389
1389
1389
1390
1390
1391
1391
1392
1392
1393
1393
1393
1394
1395
1395
1396
1396
1396
1397
1397
1400
1400
1402
1403
1403
1403
1404
1404
1405
1406
1406
1406
1406
1407
1408
1408
1408
1409
1410
1413
1413
1414
1414
1415
1415
1416
1416
1417
1417
1417
1419
1420
1421
1422
1423
1423
1423
1424
1424
1424
1426
1427
1427
1428
1429
1431
1432
1436
1438
1439
1440
1440
1441
1442
1443
1446
1448
1448
1449
1449
1449
1450
1453
1453
1454
1454
1455
1456
1457
1457
1457
1458
1458
1458
1459
1461
1461
1461
1462
1462
1464
1464
1465
1467
1467
1468
1468
1469
1470
1473
1473
1477
1477
1479
1480
1480
1480
1481
1481
1481
1482
1483
1483
1483
1484
1485
1486
1488
1490
1490
1491
1492
1492
1493
1494
1495
1496
1497
1497
1497
1498
1498
1499
1500
1500
1500
1501
1501
1501
1502
1503
1503
1504
1504
1505
1505
1506
1506
1506
1507
1507
1508
1509
1511
1513
1513
1514
1514
1515
1516
1516
1519
1519
1520
1525
1525
1525
1526
1527
1527
1528
1528
1528
1529
1529
1529
1530
1530
1533
1533
1533
1534
1534
1534
1535
1536
1536
1537
1537
1540
1543
1543
1544
1544
1546
1546
1546
1547
1549
1549
1552
1552
1556
1556
1557
1557
1558
1558
1560
1560
1562
1562
1562
1564
1564
1565
1565
1566
1567
1567
1567
1568
1568
1568
1571
1572
1572
1572
1573
1573
1574
1574
1575
1575
1576
1576
1579
1581
1582
1582
1583
1587
1588
1593
1593
1595
1595
1598
1600
1601
1602
1602
1603
1604
1604
1605
1605
1606
1608
1608
1608
1609
1610
1612
1613
1614
1615
1615
1618
1619
1619
1620
1620
1622
1622
1623
1624
1624
1626
1627
1628
1629
1631
1631
1631
1631
1632
1632
1635
1636
1637
1637
1638
1639
1640
1641
1642
1643
1643
1645
1646
1647
1648
1648
1649
1649
1650
1651
1651
1652
1653
1654
1654
1655
1656
1658
1659
1659
1659
1661
1661
1662
1662
1663
1665
1667
1668
1669
1671
1672
1673
1673
1674
1676
1680
1682
1682
1682
1683
1685
1685
1685
1686
1687
1687
1687
1688
1689
1689
1689
1691
1691
1691
1692
1694
1697
1697
1697
1698
1698
1700
1700
1701
1701
1702
1703
1705
1705
1707
1707
1707
1708
1708
1711
1711
1711
1712
1712
1712
1713
1713
1714
1714
1714
1714
1715
1715
1715
1718
1718
1719
1719
1726
1727
1728
1729
1730
1730
1731
1733
1734
1734
1735
1736
1736
1737
1740
1742
1742
1744
1746
1748
1748
1749
1749
1750
1751
1752
1752
1754
1754
1755
1756
1757
1758
1762
1762
1763
1763
1763
1766
1766
1768
1768
1770
1770
1771
1771
1771
1772
1772
1774
1774
1775
1776
1777
1778
1779
1780
1780
1781
1782
1784
1785
1785
1786
1787
1789
1792
1793
1793
1793
1795
1795
1795
1796
1797
1797
1797
1798
1798
1799
1799
1800
1801
1802
1806
1806
1807
1807
1808
1808
1810
1811
1811
1811
1812
1813
1813
1814
1815
1817
1819
1821
1823
1824
1824
1824
1826
1826
1826
1827
1828
1829
1829
1831
1831
1831
1833
1835
1835
1836
1836
1836
1838
1839
1840
1840
1841
1843
1843
1844
1844
1845
1846
1846
1848
1848
1849
1850
1851
1852
1853
1853
1854
1856
1857
1859
1859
1863
1864
1865
1865
1865
1866
1866
1867
1867
1870
1871
1872
1873
1873
1874
1875
1875
1878
1879
1879
1880
1882
1882
1883
1884
1884
1884
1886
1887
1887
1887
1887
1888
1889
1890
1891
1892
1894
1895
1895
1896
1897
1898
1899
1900
1901
1902
1902
1903
1904
1905
1906
1907
1908
1909
1910
1911
1912
1912
1914
1914
1914
1915
1917
1919
1920
1922
1923
1927
1928
1932
1932
1934
1935
1937
1940
1940
1941
1942
1942
1947
1948
1950
1950
1951
1952
1952
1953
1954
1956
1956
1957
1958
1960
1960
1961
1962
1963
1964
1965
1967
1967
1968
1969
1971
1973
1975
1977
1978
1979
1981
1983
1985
1987
1989
1989
1990
1990
1991
1992
1994
1994
1995
1996
1998
1999
2000
2002
2004
2004
2005
2006
2007
2007
2008
2009
2010
2010
2012
2012
2013
2015
2017
2019
2019
2020
2020
2021
2023
2025
2027
2027
2028
2028
2029
2029
2030
2031
2031
2032
2033
2034
2036
2038
2040
2040
2041
2042
2043
2044
2044
2046
2048
2050
2050
2052
2054
2056
2058
2060
2062
2062
2063
2064
2066
2068
2070
2072
2072
2074
2075
2075
2076
2077
2079
2081
2081
2082
2082
2083
2085
2087
2089
2090
2092
2094
2096
2098
2099
2100
2102
2104
2104
2105
2105
2107
2109
2109
2110
2111
2113
2113
2114
2115
2117
2119
2119
2119
2120
2120
2121
2123
2123
2123
2124
2125
2127
2127
2128
2128
2130
2132
2134
2135
2136
2138
2138
2139
2140
2142
2143
2145
2145
2146
2147
2147
2149
2149
2150
2151
2153
2153
2154
2155
2157
2157
2158
2159
2161
2163
2163
2164
2165
2167
2167
2168
2169
2171
2173
2173
2174
2175
2177
2177
2178
2179
2179
2180
2181
2183
2183
2183
2184
2184
2184
2185
2185
2185
2186
2186
2187
2187
2187
2188
2188
2189
2189
2189
2190
2190
2191
2191
2192
2192
2193
2193
2193
2194
2194
2195
2195
2195
2196
2196
2196
2196
2197
2197
2198
2198
2198
2199
2200
2200
2200
2201
2201
2202
2203
2203
2204
2205
2205
2205
2206
2206
2206
2207
2207
2207
2207
2208
2209
2209
2210
2210
2210
2211
2211
2211
2211
2212
2212
2212
2212
2213
2213
2213
2214
2214
2215
2215
2215
2215
2216
2216
2216
2216
2217
2217
2217
2217
2218
2218
2219
2219
2219
2220
2220
2220
2221
2221
2222
2222
2222
2222
2223
2223
2224
2224
2224
2225
2226
2226
2226
2227
2228
2228
2229
2230
2230
2231
2231
2232
2232
2233
2234
2234
2235
2236
2236
2237
2237
2239
2240
2241
2241
2242
2242
2243
2245
2245
2246
2250
2250
2251
2251
2252
2252
2253
2253
2254
2254
2255
2255
2255
2256
2256
2257
2257
2258
2259
2260
2261
2262
2262
2263
2264
2265
2265
2266
2266
2266
2267
2267
2268
2268
2269
2269
2269
2270
2271
2272
2273
2274
2275
2275
2275
2276
2276
2276
2277
2277
2277
2278
2278
2278
2279
2279
2280
2280
2280
2281
2281
2281
2282
2282
2283
2283
2283
2284
2284
2284
2285
2285
2286
2286
2287
2287
2288
2288
2289
2290
2291
2292
2293
2293
2294
2294
2295
2295
2296
2296
2297
2297
2298
2298
2299
2299
2300
2300
2301
2302
2303
2304
2305
2306
2307
2308
2309
2310
2311
2311
2312
2312
2313
2313
2314
2314
2315
2318
2323
2326
2327
2327
2327
2328
2328
2328
2329
2329
2329
2330
2330
2330
2331
2331
2332
2332
2333
2333
2334
2334
2337
2337
2337
2340
2340
2340
2342
2342
2342
2343
2343
2343
2363
2363
2364
2364
2365
2365
2366
2366
2367
2368
2369
2370
43
64
73
88
102
104
115
120
121
123
129
130
134
139
142
145
146
151
152
155
163
164
166
169
174
182
202
216
220
223
233
251
279
282
292
295
298
307
308
319
320
330
332
338
343
347
348
360
361
363
366
367
370
374
392
398
399
400
405
411
413
414
424
432
433
443
448
459
462
464
469
474
476
477
482
489
490
493
500
502
507
510
513
519
522
524
525
526
535
540
551
553
554
559
565
577
578
580
582
587
589
590
596
599
600
605
606
613
614
618
622
624
630
633
634
635
641
648
649
657
658
664
665
674
675
680
684
685
695
696
707
716
717
722
723
724
725
742
749
751
759
761
764
766
772
775
776
778
786
792
793
796
797
808
815
819
820
828
839
855
857
858
859
862
864
865
867
880
881
883
885
886
887
895
896
897
898
899
902
904
909
911
924
925
928
929
930
931
936
941
944
950
951
952
961
962
970
975
976
977
983
985
986
987
988
994
995
999
1002
1006
1008
1009
1012
1014
1022
1028
1029
1033
1036
1047
1050
1051
1052
1056
1057
1065
1066
1073
1075
1076
1077
1084
1085
1090
1091
1102
1103
1113
1114
1121
1125
1128
1134
1135
1136
1138
1140
1141
1144
1145
1148
1149
1157
1159
1160
1178
1180
1183
1184
1185
1190
1199
1200
1213
1228
1235
1236
1240
1260
1266
1267
1273
1274
1276
1298
1318
1320
1327
1328
1336
1345
1354
1356
1357
1359
1362
1363
1369
1369
1371
1371
1372
1372
1387
1398
1399
1401
1401
1402
1409
1410
1411
1411
1412
1412
1418
1418
1419
1420
1421
1422
1425
1428
1429
1430
1430
1431
1431
1432
1432
1433
1434
1437
1437
1438
1438
1439
1439
1452
1452
1454
1463
1471
1471
1472
1474
1474
1486
1494
1504
1510
1513
1521
1522
1523
1523
1524
1531
1531
1532
1532
1538
1538
1542
1542
1545
1545
1553
1553
1554
1554
1569
1569
1577
1577
1578
1578
1580
1580
1586
1586
1587
1587
1588
1589
1589
1590
1590
1592
1592
1594
1594
1599
1599
1605
1607
1607
1617
1625
1625
1627
1633
1633
1634
1634
1636
1650
1658
1660
1664
1664
1670
1670
1675
1675
1676
1677
1677
1678
1678
1681
1681
1690
1690
1693
1695
1695
1696
1696
1699
1699
1709
1709
1710
1710
1716
1716
1720
1720
1723
1723
1724
1724
1728
1728
1732
1732
1738
1741
1741
1743
1743
1745
1745
1747
1747
1753
1753
1754
1759
1759
1764
1764
1773
1785
1790
1790
1791
1791
1803
1803
1804
1804
1807
1810
1837
1975
1981
1984
1990
2002
2003
2006
2031
2050
2071
2075
2093
2105
2107
2184
2187
2189
2190
2191
2195
2201
2202
2204
2219
2224
2225
2233
2243
2244
2245
2246
2250
2251
2252
2253
2254
2258
2261
2273
2274
2289
2290
2291
2292
2293
2294
2295
2296
2297
2298
2299
2300
2301
2302
2304
2306
2308
2310
2311
2312
2313
2314
2315
2316
2316
2317
2318
2319
2319
2320
2321
2321
2322
2323
2324
2324
2325
2326
2331
2332
2333
2334
2335
2335
2336
2336
2338
2338
2339
2339
2341
2341
2344
2344
2345
2345
2346
2346
2347
2347
2348
2348
2349
2349
2350
2350
2351
2351
2352
2352
2353
2353
2354
2354
2355
2355
2356
2356
2357
2358
2358
2359
2359
2360
2361
2362
2363
2364
2365
2366
2371
2372
2373
2374
2375
2376
2377
2378
763
504
1582
1257
1498
1351
1635
1304
1647
1281
1876
1849
539
514
1552
1413
660
466
1817
1744
1488
1227
159
114
138
128
1602
1122
1652
1641
410
328
1166
824
429
226
1395
798
369
287
485
273
1222
946
1378
804
1192
965
1265
756
1146
737
31
4
35
1
990
882
2074
1239
1181
802
1767
1606
312
860
1805
1613
1477
1828
1574
2173
547
726
570
993
1782
1867
1619
1645
1004
1601
168
301
94
317
1726
1886
1718
2175
21
19
18
16
22
20
741
1979
170
1030
15
165
1092
17
905
1987
1350
1985
955
2136
1152
1973
208
1539
1229
1172
316
2005
310
549
769
257
516
728
532
780
1074
368
2171
697
750
807
1069
729
437
1291
1339
1447
537
568
1171
509
1303
884
503
642
1282
2104
569
467
2032
1104
690
1907
700
1043
1365
836
972
1894
1895
1901
1903
1566
1896
1407
1906
1535
1898
1819
1908
1902
1899
1905
1900
1909
1897
1904
871
631
1611
1478
402
422
1679
1491
1321
1355
1476
1209
470
362
446
481
1285
1381
1264
1238
1231
1123
47
30
38
33
2058
2090
1393
971
240
198
58
183
57
563
564
592
219
201
846
847
270
271
192
77
1364
705
8
1541
6
461
1570
947
948
293
709
340
133
157
412
1161
997
998
254
5
1391
1293
2
401
1151
280
686
425
1343
1663
63
1100
1101
712
59
2060
480
1520
358
24
1314
1583
228
1950
199
937
1629
355
359
1070
1475
2066
2052
1426
938
1518
576
426
1325
893
604
147
1993
225
428
382
662
1600
1640
1247
2086
607
1388
2010
1956
1967
221
1618
1385
244
445
1597
586
1165
365
1335
333
738
494
409
1035
891
396
1962
37
236
65
404
380
1646
385
176
290
610
1489
1025
207
959
774
190
1105
16
18
17
19
20
21
949
708
1217
2079
2102
191
364
676
645
454
137
495
181
1668
704
1271
1686
1383
246
667
1067
1212
1132
1188
745
1435
853
491
335
386
1324
875
656
1154
430
960
1037
1446
1201
288
1540
32
346
963
1208
1427
1746
1296
851
1153
1170
2039
350
1571
103
919
342
309
783
274
1436
1341
1334
440
935
397
1638
1097
1779
1694
625
617
1234
2130
336
2023
1216
1061
810
1768
259
838
148
683
1164
1484
733
876
638
384
1248
2138
253
2035
1917
1928
1918
1919
1929
1931
1927
1921
1191
731
1394
1495
966
1480
892
561
721
901
795
2140
1878
2145
927
1485
575
95
1761
1999
224
1735
854
263
96
945
1579
1775
748
2110
1064
284
1016
2112
1503
1854
1023
106
327
536
567
349
1584
1062
264
1311
1342
69
1249
83
900
1797
1680
1233
1041
706
1473
837
1687
543
889
910
1417
68
132
834
153
1095
1922
1923
677
1916
1925
2144
1920
2089
609
1930
1924
1926
1511
1736
39
942
1108
2081
1711
755
2042
2021
85
337
781
25
1206
1068
1034
652
933
1015
76
1801
1058
1642
1284
2163
1731
79
1585
1665
1821
173
1332
1205
1246
2115
757
1644
956
557
1748
98
42
1526
1032
833
1490
1455
1573
1794
260
1219
1220
341
1377
2159
1368
1177
2054
117
903
1769
56
2088
1596
1530
1996
958
1415
1612
1193
863
968
1870
1610
1505
1774
1414
1261
1464
1727
1653
1330
1158
574
1352
1527
1822
1621
1792
1549
2117
1237
2128
2132
1673
1604
1207
1448
487
1099
1416
1116
1954
1852
1173
1482
2083
2040
1630
1598
1780
2113
1259
1623
1704
1603
1842
1576
1502
1760
603
2119
1755
1789
1700
1864
1737
1809
1855
1777
1802
2155
1820
1758
1830
1832
1784
1834
1847
2125
1881
682
1021
681
1300
1978
1551
1550
1977
1106
1020
1508
375
1315
646
206
1313
1316
1301
647
162
1107
472
1456
256
1186
1232
205
1509
184
86
247
211
1382
1312
1142
1203
1499
110
1333
1187
1346
217
473
1143
1347
127
44
1242
1349
447
444
790
2121
479
711
2048
321
1079
209
131
2162
255
354
852
1965
1969
51
89
1078
154
791
1444
1445
1669
41
1963
395
1626
866
1591
844
813
15
22
1515
1717
1424
407
771
72
2027
2167
2068
49
2165
602
2008
1168
801
2012
2007
1404
812
923
842
718
736
762
826
1443
1210
1204
1243
1972
869
324
2015
2064
1137
1408
2169
1308
1648
1309
1649
416
817
417
818
527
1053
530
1054
1466
1722
1465
1721
1337
1666
1338
1667
1039
1516
1040
1517
45
353
107
415
1379
1689
1799
418
1915
1119
1752
383
1937
1175
1944
1329
1844
435
1873
483
1913
1147
1943
1317
1939
1198
1933
1096
1567
40
1637
46
1940
1245
1859
967
1614
1440
1616
1441
678
544
679
546
640
689
1547
1563
639
688
1548
1561
1543
1469
1544
1470
1559
1225
1558
1226
185
167
249
262
1358
1497
1215
1661
1218
1662
390
843
389
841
2142
1094
486
1093
2180
1739
2178
1740
1255
1684
1254
1683
1323
1703
1322
1702
36
356
82
423
2182
1705
)


// ************************************************************************* //
