/*--------------------------------*- C++ -*----------------------------------*\
| =========                 |                                                 |
| \\      /  F ield         | OpenFOAM: The Open Source CFD Toolbox           |
|  \\    /   O peration     | Version:  2412                                  |
|   \\  /    A nd           | Website:  www.openfoam.com                      |
|    \\/     M anipulation  |                                                 |
\*---------------------------------------------------------------------------*/
FoamFile
{
    version     2.0;
    format      ascii;
    arch        "LSB;label=32;scalar=64";
    class       vectorField;
    location    "constant/outer_box/polyMesh";
    object      points;
}
// * * * * * * * * * * * * * * * * * * * * * * * * * * * * * * * * * * * * * //


805
(
(0.05 0.0275 0)
(0.097 0.0275 0)
(0.144 0.0275 0)
(0.191 0.0275 0)
(0.191 0.3325 0)
(0.144 0.3325 0)
(0.097 0.3325 0)
(0.05 0.3325 0)
(0.191 0.0275 0.39)
(0.144 0.0275 0.39)
(0.097 0.0275 0.39)
(0.05 0.0275 0.39)
(0.191 0.3325 0.39)
(0.144 0.3325 0.39)
(0.097 0.3325 0.39)
(0.05 0.3325 0.39)
(0 0 0.39)
(0 0.065 0.39)
(0 0.065 0)
(0 0 0)
(0 0.295 0.39)
(0 0.295 0)
(0 0.36 0.39)
(0 0.36 0)
(0.206 0 0)
(0.206 0 0.39)
(0.206 0.36 0.39)
(0.206 0.36 0)
(-0.04 0.065 0.39)
(-0.04 0.065 0)
(-0.04 0.295 0.39)
(-0.04 0.295 0)
(-0.057 0 -0.08)
(-0.057 0 -0.19)
(-0.057 0.36 -0.08)
(-0.057 0.36 -0.19)
(0.263 0 -0.08)
(0.263 0 -0.19)
(0.263 0.36 -0.08)
(0.263 0.36 -0.19)
(-0.14 -0.1 0.47)
(-0.14 -0.1 -0.08)
(-0.14 0.46 0.47)
(-0.14 0.46 -0.08)
(0.346 -0.1 -0.08)
(0.346 -0.1 0.47)
(0.346 0.46 0.47)
(0.346 0.46 -0.08)
(0.045905778 0.038748783 0)
(0.035538843 0.044734136 0)
(0.02375 0.042655445 0)
(0.016055379 0.033485353 0)
(0.016055379 0.021514647 0)
(0.02375 0.012344555 0)
(0.035538843 0.010265864 0)
(0.045905778 0.016251217 0)
(0.092905778 0.038748783 0)
(0.082538843 0.044734136 0)
(0.07075 0.042655445 0)
(0.063055379 0.033485353 0)
(0.063055379 0.021514647 0)
(0.07075 0.012344555 0)
(0.082538843 0.010265864 0)
(0.092905778 0.016251217 0)
(0.13990578 0.038748783 0)
(0.12953884 0.044734136 0)
(0.11775 0.042655445 0)
(0.11005538 0.033485353 0)
(0.11005538 0.021514647 0)
(0.11775 0.012344555 0)
(0.12953884 0.010265864 0)
(0.13990578 0.016251217 0)
(0.18690578 0.038748783 0)
(0.17653884 0.044734136 0)
(0.16475 0.042655445 0)
(0.15705538 0.033485353 0)
(0.15705538 0.021514647 0)
(0.16475 0.012344555 0)
(0.17653884 0.010265864 0)
(0.18690578 0.016251217 0)
(0.18690578 0.34374878 0)
(0.17653884 0.34973414 0)
(0.16475 0.34765544 0)
(0.15705538 0.33848535 0)
(0.15705538 0.32651465 0)
(0.16475 0.31734456 0)
(0.17653884 0.31526586 0)
(0.18690578 0.32125122 0)
(0.13990578 0.34374878 0)
(0.12953884 0.34973414 0)
(0.11775 0.34765544 0)
(0.11005538 0.33848535 0)
(0.11005538 0.32651465 0)
(0.11775 0.31734456 0)
(0.12953884 0.31526586 0)
(0.13990578 0.32125122 0)
(0.092905778 0.34374878 0)
(0.082538843 0.34973414 0)
(0.07075 0.34765544 0)
(0.063055379 0.33848535 0)
(0.063055379 0.32651465 0)
(0.07075 0.31734456 0)
(0.082538843 0.31526586 0)
(0.092905778 0.32125122 0)
(0.045905778 0.34374878 0)
(0.035538843 0.34973414 0)
(0.02375 0.34765544 0)
(0.016055379 0.33848535 0)
(0.016055379 0.32651465 0)
(0.02375 0.31734456 0)
(0.035538843 0.31526586 0)
(0.045905778 0.32125122 0)
(0.18690578 0.038748783 0.39)
(0.17653884 0.044734136 0.39)
(0.16475 0.042655445 0.39)
(0.15705538 0.033485353 0.39)
(0.15705538 0.021514647 0.39)
(0.16475 0.012344555 0.39)
(0.17653884 0.010265864 0.39)
(0.18690578 0.016251217 0.39)
(0.13990578 0.038748783 0.39)
(0.12953884 0.044734136 0.39)
(0.11775 0.042655445 0.39)
(0.11005538 0.033485353 0.39)
(0.11005538 0.021514647 0.39)
(0.11775 0.012344555 0.39)
(0.12953884 0.010265864 0.39)
(0.13990578 0.016251217 0.39)
(0.092905778 0.038748783 0.39)
(0.082538843 0.044734136 0.39)
(0.07075 0.042655445 0.39)
(0.063055379 0.033485353 0.39)
(0.063055379 0.021514647 0.39)
(0.07075 0.012344555 0.39)
(0.082538843 0.010265864 0.39)
(0.092905778 0.016251217 0.39)
(0.045905778 0.038748783 0.39)
(0.035538843 0.044734136 0.39)
(0.02375 0.042655445 0.39)
(0.016055379 0.033485353 0.39)
(0.016055379 0.021514647 0.39)
(0.02375 0.012344555 0.39)
(0.035538843 0.010265864 0.39)
(0.045905778 0.016251217 0.39)
(0.18690578 0.34374878 0.39)
(0.17653884 0.34973414 0.39)
(0.16475 0.34765544 0.39)
(0.15705538 0.33848535 0.39)
(0.15705538 0.32651465 0.39)
(0.16475 0.31734456 0.39)
(0.17653884 0.31526586 0.39)
(0.18690578 0.32125122 0.39)
(0.13990578 0.34374878 0.39)
(0.12953884 0.34973414 0.39)
(0.11775 0.34765544 0.39)
(0.11005538 0.33848535 0.39)
(0.11005538 0.32651465 0.39)
(0.11775 0.31734456 0.39)
(0.12953884 0.31526586 0.39)
(0.13990578 0.32125122 0.39)
(0.092905778 0.34374878 0.39)
(0.082538843 0.34973414 0.39)
(0.07075 0.34765544 0.39)
(0.063055379 0.33848535 0.39)
(0.063055379 0.32651465 0.39)
(0.07075 0.31734456 0.39)
(0.082538843 0.31526586 0.39)
(0.092905778 0.32125122 0.39)
(0.045905778 0.34374878 0.39)
(0.035538843 0.34973414 0.39)
(0.02375 0.34765544 0.39)
(0.016055379 0.33848535 0.39)
(0.016055379 0.32651465 0.39)
(0.02375 0.31734456 0.39)
(0.035538843 0.31526586 0.39)
(0.045905778 0.32125122 0.39)
(0 0.065 0.0975)
(0 0.065 0.195)
(0 0.065 0.2925)
(0 0 0.0975)
(0 0 0.195)
(0 0 0.2925)
(0 0.14166667 0.39)
(0 0.21833333 0.39)
(0 0.295 0.0975)
(0 0.295 0.195)
(0 0.295 0.2925)
(0 0.14166667 0)
(0 0.21833333 0)
(0 0.36 0.0975)
(0 0.36 0.195)
(0 0.36 0.2925)
(0.068666667 0 0)
(0.13733333 0 0)
(0.206 0 0.0975)
(0.206 0 0.195)
(0.206 0 0.2925)
(0.068666667 0 0.39)
(0.13733333 0 0.39)
(0.068666667 0.36 0.39)
(0.13733333 0.36 0.39)
(0.206 0.09 0.39)
(0.206 0.18 0.39)
(0.206 0.27 0.39)
(0.068666667 0.36 0)
(0.13733333 0.36 0)
(0.206 0.09 0)
(0.206 0.18 0)
(0.206 0.27 0)
(0.206 0.36 0.0975)
(0.206 0.36 0.195)
(0.206 0.36 0.2925)
(-0.04 0.065 0.0975)
(-0.04 0.065 0.195)
(-0.04 0.065 0.2925)
(-0.04 0.14166667 0.39)
(-0.04 0.21833333 0.39)
(-0.04 0.295 0.0975)
(-0.04 0.295 0.195)
(-0.04 0.295 0.2925)
(-0.04 0.14166667 0)
(-0.04 0.21833333 0)
(-0.057 0 -0.135)
(-0.057 0.09 -0.08)
(-0.057 0.18 -0.08)
(-0.057 0.27 -0.08)
(-0.057 0.36 -0.135)
(-0.057 0.09 -0.19)
(-0.057 0.18 -0.19)
(-0.057 0.27 -0.19)
(0.263 0 -0.135)
(0.263 0.09 -0.08)
(0.263 0.18 -0.08)
(0.263 0.27 -0.08)
(0.263 0.36 -0.135)
(0.263 0.09 -0.19)
(0.263 0.18 -0.19)
(0.263 0.27 -0.19)
(0.023 0 -0.19)
(0.103 0 -0.19)
(0.183 0 -0.19)
(0.023 0 -0.08)
(0.103 0 -0.08)
(0.183 0 -0.08)
(0.023 0.36 -0.19)
(0.103 0.36 -0.19)
(0.183 0.36 -0.19)
(0.023 0.36 -0.08)
(0.103 0.36 -0.08)
(0.183 0.36 -0.08)
(-0.14 -0.1 0.011666667)
(-0.14 -0.1 0.10333333)
(-0.14 -0.1 0.195)
(-0.14 -0.1 0.28666667)
(-0.14 -0.1 0.37833333)
(-0.14 -0.0066666667 0.47)
(-0.14 0.086666667 0.47)
(-0.14 0.18 0.47)
(-0.14 0.27333333 0.47)
(-0.14 0.36666667 0.47)
(-0.14 0.46 0.011666667)
(-0.14 0.46 0.10333333)
(-0.14 0.46 0.195)
(-0.14 0.46 0.28666667)
(-0.14 0.46 0.37833333)
(-0.14 -0.0066666667 -0.08)
(-0.14 0.086666667 -0.08)
(-0.14 0.18 -0.08)
(-0.14 0.27333333 -0.08)
(-0.14 0.36666667 -0.08)
(-0.0428 -0.1 -0.08)
(0.0544 -0.1 -0.08)
(0.1516 -0.1 -0.08)
(0.2488 -0.1 -0.08)
(0.346 -0.1 0.011666667)
(0.346 -0.1 0.10333333)
(0.346 -0.1 0.195)
(0.346 -0.1 0.28666667)
(0.346 -0.1 0.37833333)
(-0.0428 -0.1 0.47)
(0.0544 -0.1 0.47)
(0.1516 -0.1 0.47)
(0.2488 -0.1 0.47)
(-0.0428 0.46 0.47)
(0.0544 0.46 0.47)
(0.1516 0.46 0.47)
(0.2488 0.46 0.47)
(0.346 -0.0066666667 0.47)
(0.346 0.086666667 0.47)
(0.346 0.18 0.47)
(0.346 0.27333333 0.47)
(0.346 0.36666667 0.47)
(-0.0428 0.46 -0.08)
(0.0544 0.46 -0.08)
(0.1516 0.46 -0.08)
(0.2488 0.46 -0.08)
(0.346 0.46 0.011666667)
(0.346 0.46 0.10333333)
(0.346 0.46 0.195)
(0.346 0.46 0.28666667)
(0.346 0.46 0.37833333)
(0.346 -0.0066666667 -0.08)
(0.346 0.086666667 -0.08)
(0.346 0.18 -0.08)
(0.346 0.27333333 -0.08)
(0.346 0.36666667 -0.08)
(0.031444621 0.021514647 0)
(0.033518592 0.033276722 0)
(0.02375 0.0275 0)
(0.04072231 0.024507324 0)
(0.07795083 0.021613997 0)
(0.082075294 0.033009037 0)
(0.087562754 0.024564816 0)
(0.071749748 0.030320363 0)
(0.13202757 0.024952272 0)
(0.12152185 0.030992804 0)
(0.13079067 0.034930573 0)
(0.12237667 0.020357243 0)
(0.17799349 0.023729512 0)
(0.16884422 0.031406661 0)
(0.16679711 0.021875608 0)
(0.177875 0.035077722 0)
(0.17451859 0.33827672 0)
(0.17244462 0.32651465 0)
(0.16475 0.3325 0)
(0.18172231 0.32950732 0)
(0.12751859 0.33827672 0)
(0.12544462 0.32651465 0)
(0.11775 0.3325 0)
(0.13472231 0.32950732 0)
(0.074844222 0.33640666 0)
(0.083993492 0.32872951 0)
(0.083875 0.34007772 0)
(0.072797111 0.32687561 0)
(0.028177157 0.33678462 0)
(0.035983319 0.32751521 0)
(0.02592668 0.32698504 0)
(0.038817632 0.33780173 0)
(0.17799349 0.023729512 0.39)
(0.16884422 0.031406661 0.39)
(0.16679711 0.021875608 0.39)
(0.177875 0.035077722 0.39)
(0.13202757 0.024952272 0.39)
(0.12152185 0.030992804 0.39)
(0.13079067 0.034930573 0.39)
(0.12237667 0.020357243 0.39)
(0.07795083 0.021613997 0.39)
(0.082075294 0.033009037 0.39)
(0.087562754 0.024564816 0.39)
(0.071749748 0.030320363 0.39)
(0.031444621 0.021514647 0.39)
(0.033518592 0.033276722 0.39)
(0.02375 0.0275 0.39)
(0.04072231 0.024507324 0.39)
(0.17451859 0.33827672 0.39)
(0.17244462 0.32651465 0.39)
(0.16475 0.3325 0.39)
(0.18172231 0.32950732 0.39)
(0.12751859 0.33827672 0.39)
(0.12544462 0.32651465 0.39)
(0.11775 0.3325 0.39)
(0.13472231 0.32950732 0.39)
(0.074844222 0.33640666 0.39)
(0.083993492 0.32872951 0.39)
(0.083875 0.34007772 0.39)
(0.072797111 0.32687561 0.39)
(0.028177157 0.33678462 0.39)
(0.035983319 0.32751521 0.39)
(0.02592668 0.32698504 0.39)
(0.038817632 0.33780173 0.39)
(0 0.0325 0.34125)
(0 0.0325 0.24375)
(0 0.0325 0.04875)
(0 0.0325 0.14625)
(0 0.3275 0.34125)
(0 0.3275 0.24375)
(0 0.3275 0.04875)
(0 0.3275 0.14625)
(0.10653772 0 0.06392658)
(0.10390942 0 0.32909266)
(0.061802193 0 0.25868416)
(0.072385384 0 0.15055153)
(0.15043898 0 0.24375)
(0.1638593 0 0.33254895)
(0.046875657 0 0.33205536)
(0.16468426 0 0.057882369)
(0.045179492 0 0.058496873)
(0.15174422 0 0.13804887)
(0.12184422 0.30609577 0.39)
(0.12184422 0.053904228 0.39)
(0.13765937 0.05203015 0.39)
(0.13556656 0.068281807 0.39)
(0.045002414 0.051132155 0.39)
(0.073009028 0.05793477 0.39)
(0.13974043 0.30942782 0.39)
(0.13799446 0.29341916 0.39)
(0.045002414 0.30886785 0.39)
(0.073009028 0.30206523 0.39)
(0.090989031 0.30783907 0.39)
(0.091267162 0.28951152 0.39)
(0.09092385 0.052018754 0.39)
(0.091191117 0.070322614 0.39)
(0.07043895 0.1792377 0.39)
(0.14948127 0.22255365 0.39)
(0.14948036 0.13741204 0.39)
(0.032372846 0.29798296 0.39)
(0.05311663 0.29295353 0.39)
(0.032372846 0.06201704 0.39)
(0.05311663 0.067046474 0.39)
(0.11366864 0.28727241 0.39)
(0.098036983 0.26388174 0.39)
(0.11318614 0.072841266 0.39)
(0.098798038 0.095220215 0.39)
(0.1057023 0.31478951 0.39)
(0.10563712 0.045068321 0.39)
(0.1520977 0.31679295 0.39)
(0.16079482 0.30530721 0.39)
(0.17638399 0.29915771 0.39)
(0.16451642 0.28124088 0.39)
(0.15153393 0.045482799 0.39)
(0.16190338 0.055074875 0.39)
(0.1764417 0.060862182 0.39)
(0.16133528 0.075970361 0.39)
(0.058405661 0.31429744 0.39)
(0.058405661 0.045702557 0.39)
(0.13456001 0.26359398 0.39)
(0.13239075 0.094225536 0.39)
(0.069450392 0.27306865 0.39)
(0.038099829 0.2660564 0.39)
(0.069329236 0.23240584 0.39)
(0.069450392 0.086931347 0.39)
(0.03823309 0.090848528 0.39)
(0.072027917 0.12182 0.39)
(0.10746815 0.13465258 0.39)
(0.12167291 0.18 0.39)
(0.10725323 0.22361215 0.39)
(0.10471315 0.059242972 0.39)
(0.1048114 0.30075946 0.39)
(0.14959971 0.059367998 0.39)
(0.10137347 0.32399626 0.39)
(0.054305346 0.3240995 0.39)
(0.14812377 0.036304234 0.39)
(0.054305346 0.035900498 0.39)
(0.10136183 0.035978356 0.39)
(0.14826471 0.3242647 0.39)
(0.17300166 0.24583728 0.39)
(0.17223719 0.11344792 0.39)
(0.12184422 0.30609577 0)
(0.12184422 0.053904228 0)
(0.13765937 0.05203015 0)
(0.13556656 0.068281807 0)
(0.045002414 0.051132155 0)
(0.073009028 0.05793477 0)
(0.13974043 0.30942782 0)
(0.13799446 0.29341916 0)
(0.045002414 0.30886785 0)
(0.073009028 0.30206523 0)
(0.090989031 0.30783907 0)
(0.091267162 0.28951152 0)
(0.09092385 0.052018754 0)
(0.091191117 0.070322614 0)
(0.07043895 0.1792377 0)
(0.14948127 0.22255365 0)
(0.14948036 0.13741204 0)
(0.032372846 0.29798296 0)
(0.05311663 0.29295353 0)
(0.032372846 0.06201704 0)
(0.05311663 0.067046474 0)
(0.11366864 0.28727241 0)
(0.098036983 0.26388174 0)
(0.11318614 0.072841266 0)
(0.098798038 0.095220215 0)
(0.1057023 0.31478951 0)
(0.10563712 0.045068321 0)
(0.1520977 0.31679295 0)
(0.16079482 0.30530721 0)
(0.17638399 0.29915771 0)
(0.16451642 0.28124088 0)
(0.15153393 0.045482799 0)
(0.16190338 0.055074875 0)
(0.1764417 0.060862182 0)
(0.16133528 0.075970361 0)
(0.058405661 0.31429744 0)
(0.058405661 0.045702557 0)
(0.13456001 0.26359398 0)
(0.13239075 0.094225536 0)
(0.069450392 0.27306865 0)
(0.038099829 0.2660564 0)
(0.069329236 0.23240584 0)
(0.069450392 0.086931347 0)
(0.03823309 0.090848528 0)
(0.072027917 0.12182 0)
(0.10746815 0.13465258 0)
(0.12167291 0.18 0)
(0.10725323 0.22361215 0)
(0.10471315 0.059242972 0)
(0.1048114 0.30075946 0)
(0.14959971 0.059367998 0)
(0.10137347 0.32399626 0)
(0.14826471 0.3242647 0)
(0.054305346 0.3240995 0)
(0.14812377 0.036304234 0)
(0.054305346 0.035900498 0)
(0.10136183 0.035978356 0)
(0.17300166 0.24583728 0)
(0.17223719 0.11344792 0)
(0.10653772 0.36 0.06392658)
(0.10390942 0.36 0.32909266)
(0.061802193 0.36 0.25868416)
(0.072385384 0.36 0.15055153)
(0.15043898 0.36 0.24375)
(0.1638593 0.36 0.33254895)
(0.046875657 0.36 0.33205536)
(0.16468426 0.36 0.057882369)
(0.045179492 0.36 0.058496873)
(0.15174422 0.36 0.13804887)
(0.206 0.26659964 0.24785175)
(0.206 0.089037679 0.14212784)
(0.206 0.13704034 0.31965306)
(0.206 0.22296153 0.070291016)
(0.206 0.090998341 0.2470491)
(0.206 0.1809317 0.19646648)
(0.206 0.26633124 0.14311532)
(0.206 0.13741355 0.067813472)
(0.206 0.22186152 0.32211788)
(0.206 0.063850092 0.32654049)
(0.206 0.29585855 0.062181268)
(0.206 0.063735964 0.06392992)
(0.206 0.29572295 0.32707472)
(0.206 0.17948631 0.26662765)
(0.206 0.17933514 0.12396283)
(-0.04 0.18247434 0.065956488)
(-0.04 0.18030365 0.3241132)
(-0.04 0.13084237 0.25810036)
(-0.04 0.14289902 0.15075812)
(-0.04 0.22510712 0.24375)
(-0.04 0.23285786 0.1336191)
(-0.04 0.24274882 0.32807264)
(-0.04 0.24473311 0.059415118)
(-0.04 0.11656254 0.33094271)
(-0.04 0.11940801 0.062842922)
(-0.02 0.065 0.04875)
(-0.02 0.065 0.34125)
(-0.02 0.065 0.24375)
(-0.02 0.065 0.14625)
(-0.02 0.295 0.04875)
(-0.02 0.295 0.24375)
(-0.02 0.295 0.34125)
(-0.02 0.295 0.14625)
(-0.02 0.18 0)
(-0.02 0.10333333 0)
(-0.02 0.25666667 0)
(-0.02 0.18 0.39)
(-0.02 0.10333333 0.39)
(-0.02 0.25666667 0.39)
(-0.057 0.135 -0.135)
(-0.057 0.225 -0.135)
(-0.057 0.05515873 -0.135)
(-0.057 0.30484127 -0.135)
(0.263 0.135 -0.135)
(0.263 0.225 -0.135)
(0.263 0.05515873 -0.135)
(0.263 0.30484127 -0.135)
(0.15442857 0 -0.135)
(0.053204082 0 -0.135)
(-0.012685131 0 -0.11535714)
(-0.014484042 0 -0.15906393)
(0.21891837 0 -0.11535714)
(0.22062004 0 -0.15906393)
(0.15442857 0.36 -0.135)
(0.053204082 0.36 -0.135)
(-0.012685131 0.36 -0.11535714)
(-0.014484042 0.36 -0.15906393)
(0.21891837 0.36 -0.11535714)
(0.22062004 0.36 -0.15906393)
(0.025791244 0.2293336 -0.19)
(0.18280081 0.1306755 -0.19)
(0.14100297 0.29566777 -0.19)
(0.064996904 0.064323753 -0.19)
(0.18151561 0.22844604 -0.19)
(0.10230366 0.181499 -0.19)
(0.026051168 0.13176911 -0.19)
(0.14067431 0.062022472 -0.19)
(0.065757551 0.29796916 -0.19)
(0.20630372 0.30282276 -0.19)
(9.6144859e-06 0.057218573 -0.19)
(0.20649502 0.056539594 -0.19)
(0.00010975909 0.30346055 -0.19)
(0.10327421 0.24658311 -0.19)
(0.10336537 0.11405797 -0.19)
(0.025791244 0.2293336 -0.08)
(0.18280081 0.1306755 -0.08)
(0.14100297 0.29566777 -0.08)
(0.064996904 0.064323753 -0.08)
(0.18151561 0.22844604 -0.08)
(0.10230366 0.181499 -0.08)
(0.026051168 0.13176911 -0.08)
(0.14067431 0.062022472 -0.08)
(0.065757551 0.29796916 -0.08)
(0.20630372 0.30282276 -0.08)
(9.6144859e-06 0.057218573 -0.08)
(0.20649502 0.056539594 -0.08)
(0.00010975909 0.30346055 -0.08)
(0.10327421 0.24658311 -0.08)
(0.10336537 0.11405797 -0.08)
(-0.14 0.14385573 0.3841884)
(-0.14 0.22571386 0.00027010755)
(-0.14 -0.016971699 0.14200001)
(-0.14 0.37041607 0.23959178)
(-0.14 0.37565479 0.066700756)
(-0.14 -0.029829535 0.33128001)
(-0.14 0.040645243 -0.0031287159)
(-0.14 0.30990183 0.38708963)
(-0.14 0.13325265 -5.9918426e-05)
(-0.14 0.17963451 0.081072805)
(-0.14 0.27349606 0.078325043)
(-0.14 0.22614872 0.16121729)
(-0.14 0.13565563 0.16287619)
(-0.14 0.18379039 0.23986457)
(-0.14 0.086855991 0.24184825)
(-0.14 0.27122799 0.23977895)
(-0.14 0.22775877 0.32524593)
(-0.14 0.072047727 0.087770691)
(-0.14 0.31886232 0.15579675)
(-0.14 -0.010764183 0.23620837)
(-0.14 0.31793203 -0.0046483713)
(-0.14 0.03967459 0.38116186)
(-0.14 -0.022724523 0.056873532)
(-0.14 0.38300312 0.3283625)
(-0.14 0.088059415 0.32221234)
(-0.14 0.22696993 0.40730479)
(-0.14 0.39698664 0.15208452)
(-0.14 0.05512088 0.16999696)
(-0.14 0.31246156 0.30401376)
(-0.14 -0.03139977 -0.011834311)
(-0.14 0.39139977 0.40183431)
(-0.14 0.39272745 -0.013186135)
(-0.14 -0.032727454 0.40318613)
(-0.14 0.15622225 0.30867929)
(-0.14 0.031415376 0.2924522)
(0.1030327 -0.1 0.40390455)
(-0.066295812 -0.1 0.14885599)
(0.27223542 -0.1 0.14971848)
(0.10363317 -0.1 0.0038663345)
(0.26661434 -0.1 0.3325)
(-0.060614338 -0.1 0.3325)
(0.20250207 -0.1 0.011776718)
(0.14559477 -0.1 0.094992353)
(0.061389952 -0.1 0.094859883)
(0.1089592 -0.1 0.16299292)
(0.0041792576 -0.1 0.011927629)
(-0.061546976 -0.1 0.24078155)
(0.023415367 -0.1 0.28230613)
(0.26782465 -0.1 0.2409253)
(0.19205594 -0.1 0.28233009)
(0.026496408 -0.1 0.18091115)
(0.1905528 -0.1 0.18141258)
(0.193876 -0.1 0.38686566)
(0.014319486 -0.1 0.38300162)
(0.27672915 -0.1 0.061322651)
(-0.070924541 -0.1 0.060508467)
(0.10770284 -0.1 0.32104661)
(0.27945774 -0.1 -0.013349212)
(0.27830458 -0.1 0.40391858)
(-0.072304579 -0.1 0.40391858)
(-0.075294951 -0.1 -0.014700727)
(0.10819709 -0.1 0.23516658)
(-0.010858764 -0.1 0.10146925)
(0.21752284 -0.1 0.099844557)
(0.10302315 -0.034161983 0.47)
(-0.065834851 0.22705584 0.47)
(0.26890562 0.2215921 0.47)
(0.10343189 0.3760342 0.47)
(0.26517096 0.04 0.47)
(-0.059170962 0.04 0.47)
(0.19968087 0.38262739 0.47)
(0.15511804 0.30405639 0.47)
(0.062901369 0.28683559 0.47)
(0.12525299 0.22263765 0.47)
(0.0045676704 0.36732398 0.47)
(0.26560818 0.13302511 0.47)
(0.19050366 0.089957388 0.47)
(-0.060661477 0.1333982 0.47)
(0.022849148 0.088377331 0.47)
(0.19388243 -0.016605349 0.47)
(0.014447265 -0.012666522 0.47)
(0.028508563 0.19607797 0.47)
(0.25597425 0.31216279 0.47)
(0.19613599 0.1753577 0.47)
(-0.070623006 0.31712965 0.47)
(0.10582993 0.054420506 0.47)
(0.11151338 0.13780476 0.47)
(0.2754774 0.39050252 0.47)
(0.27727282 -0.032372308 0.47)
(-0.071272816 -0.032372308 0.47)
(-0.073859075 0.39327427 0.47)
(-0.010854892 0.27566839 0.47)
(0.20063782 0.24636109 0.47)
(0.1030327 0.46 0.40390455)
(-0.066295812 0.46 0.14885599)
(0.27223542 0.46 0.14971848)
(0.10363317 0.46 0.0038663345)
(0.26661434 0.46 0.3325)
(-0.060614338 0.46 0.3325)
(0.20250207 0.46 0.011776718)
(0.14559477 0.46 0.094992353)
(0.061389952 0.46 0.094859883)
(0.1089592 0.46 0.16299292)
(0.0041792576 0.46 0.011927629)
(-0.061546976 0.46 0.24078155)
(0.023415367 0.46 0.28230613)
(0.26782465 0.46 0.2409253)
(0.19205594 0.46 0.28233009)
(0.026496408 0.46 0.18091115)
(0.1905528 0.46 0.18141258)
(0.193876 0.46 0.38686566)
(0.014319486 0.46 0.38300162)
(0.27672915 0.46 0.061322651)
(-0.070924541 0.46 0.060508467)
(0.10770284 0.46 0.32104661)
(0.27945774 0.46 -0.013349212)
(0.27830458 0.46 0.40391858)
(-0.072304579 0.46 0.40391858)
(-0.075294951 0.46 -0.014700727)
(0.10819709 0.46 0.23516658)
(-0.010858764 0.46 0.10146925)
(0.21752284 0.46 0.099844557)
(0.30048394 0.41333333 -0.08)
(0.30048394 -0.053333333 -0.08)
(-0.094483936 0.41333333 -0.08)
(-0.094483936 -0.053333333 -0.08)
(0.3045 0.13416667 -0.08)
(-0.0985 0.13416667 -0.08)
(0.3045 0.22583333 -0.08)
(-0.0985 0.22583333 -0.08)
(0.3045 0.0425 -0.08)
(-0.0985 0.0425 -0.08)
(0.3045 0.3175 -0.08)
(-0.0985 0.3175 -0.08)
(0.346 0.14385573 0.3841884)
(0.346 0.22571386 0.00027010755)
(0.346 -0.016971699 0.14200001)
(0.346 0.37041607 0.23959178)
(0.346 0.37565479 0.066700756)
(0.346 -0.029829535 0.33128001)
(0.346 0.040645243 -0.0031287159)
(0.346 0.30990183 0.38708963)
(0.346 0.13325265 -5.9918426e-05)
(0.346 0.17963451 0.081072805)
(0.346 0.27349606 0.078325043)
(0.346 0.22614872 0.16121729)
(0.346 0.13565563 0.16287619)
(0.346 0.18379039 0.23986457)
(0.346 0.086855991 0.24184825)
(0.346 0.27122799 0.23977895)
(0.346 0.22775877 0.32524593)
(0.346 0.072047727 0.087770691)
(0.346 0.31886232 0.15579675)
(0.346 -0.010764183 0.23620837)
(0.346 0.31793203 -0.0046483713)
(0.346 0.03967459 0.38116186)
(0.346 -0.022724523 0.056873532)
(0.346 0.38300312 0.3283625)
(0.346 0.088059415 0.32221234)
(0.346 0.22696993 0.40730479)
(0.346 0.39698664 0.15208452)
(0.346 0.05512088 0.16999696)
(0.346 0.31246156 0.30401376)
(0.346 -0.03139977 -0.011834311)
(0.346 0.39139977 0.40183431)
(0.346 0.39272745 -0.013186135)
(0.346 -0.032727454 0.40318613)
(0.346 0.15622225 0.30867929)
(0.346 0.031415376 0.2924522)
(0.075410891 0.33119481 -0.043197)
(0.12416218 0.33280466 -0.045879806)
(0.023744342 0.3314658 -0.04215855)
(0.080932753 0.33437228 0.44375449)
(0.030755504 0.3310343 0.44003051)
(0.12880103 0.33198671 0.43786018)
(0.17580103 0.33198671 0.43657722)
(0.13167906 0.027154572 -0.044765637)
(0.18176091 0.027582709 -0.045532614)
(0.08164158 0.026722071 -0.045679444)
(0.17493275 0.029372277 0.4451989)
(0.10259377 0.2896512 0.43848918)
(0.10147609 0.066723916 -0.042451797)
(0.024600424 0.036774201 0.43544047)
(0.07862177 0.020834596 0.43477891)
(0.12763799 0.029473958 0.43565831)
(0.10259377 0.2896512 -0.04660568)
(0.16686121 0.34007772 -0.042711404)
(0.0063951383 0.032369363 -0.043437898)
(0.15003879 0.30619828 -0.036682464)
(0.054834421 0.056144873 -0.035821635)
(0.15003879 0.30619828 0.424373)
(0.14602976 0.051793379 -0.031794884)
(0.14826079 0.072763324 0.43602363)
(0.067401771 0.071963271 0.43499248)
(0.054834421 0.30385513 -0.035664347)
(0.060837545 0.30236755 0.42878214)
(0.11504572 0.062243702 0.42494196)
(-0.074291939 0.0091857297 0.34745395)
(-0.076722488 0.35764441 0.34771304)
(0.034801029 0.026986708 -0.024538718)
)


// ************************************************************************* //
