/*--------------------------------*- C++ -*----------------------------------*\
| =========                 |                                                 |
| \\      /  F ield         | OpenFOAM: The Open Source CFD Toolbox           |
|  \\    /   O peration     | Version:  2412                                  |
|   \\  /    A nd           | Website:  www.openfoam.com                      |
|    \\/     M anipulation  |                                                 |
\*---------------------------------------------------------------------------*/
FoamFile
{
    version     2.0;
    format      ascii;
    arch        "LSB;label=32;scalar=64";
    class       labelList;
    location    "constant/brick_heater/polyMesh";
    object      faceRegionAddressing;
}
// * * * * * * * * * * * * * * * * * * * * * * * * * * * * * * * * * * * * * //


780
(
22396
22397
22398
22399
22400
22401
22402
22403
22404
22405
22406
22407
22408
22409
22410
22411
22412
22413
22414
22415
22416
22417
22418
22419
22420
22421
22422
22423
22424
22425
22426
22427
22428
22429
22430
22431
22432
22433
22434
22435
22436
22437
22438
22439
22440
22441
22442
22443
22444
22445
22446
22447
22448
22450
22451
22453
22454
22455
22456
22457
22458
22459
22460
22461
22462
22463
22464
22465
22466
22467
22468
22469
22470
22471
22472
22473
22474
22476
22477
22478
22479
22481
22482
22483
22484
22485
22486
22487
22489
22490
22492
22493
22496
22497
22500
22501
22502
22503
22504
22506
22507
22508
22509
22510
22511
22512
22513
22514
22515
22516
22519
22520
22521
22522
22523
22524
22525
22526
22528
22529
22530
22531
22534
22535
22536
22537
22538
22539
22540
22543
22544
22545
22546
22547
22548
22549
22552
22553
22556
22557
22558
22559
22560
22561
22562
22565
22566
22567
22568
22569
22570
22571
22573
22575
22576
22577
22578
22579
22580
22581
22582
22583
22584
22585
22586
22587
22588
22589
22590
22591
22592
22593
22594
22595
22596
22599
22600
22601
22602
22605
22606
22608
22609
22611
22612
22613
22614
22615
22616
22617
22620
22621
22622
22623
22626
22627
22629
22630
22633
22634
22636
22637
22638
22639
22640
22643
22644
22645
22646
22647
22648
22649
22650
22651
22652
22654
22655
22657
22658
22659
22660
22661
22662
22664
22665
22666
22668
22669
22670
22671
22672
22673
22674
22675
22676
22677
22678
22679
22680
22682
22683
22684
22685
22686
22687
22688
22689
22690
22691
22692
22693
22694
22695
22696
22697
22698
22700
22702
22703
22704
22705
22706
22707
22708
22709
22710
22711
22712
22713
22715
22716
22717
22718
22719
22720
22721
22722
22723
22724
22725
22726
22727
22728
22729
22730
22731
22732
22733
22734
22735
22736
22737
22739
22740
22741
22742
22743
22744
22745
22746
22747
22749
22750
22751
22752
22754
22755
22756
22757
22758
22759
22760
22761
22762
22763
22764
22765
22766
22767
22768
22770
22771
22772
22773
22775
22776
22777
22779
22780
22782
22783
22785
22787
22789
22790
22791
22792
22793
22794
22795
22796
22797
22798
22799
22801
22802
22803
22804
22805
22806
22807
22808
22809
22810
22811
22812
22813
22814
22815
22816
22817
22818
22819
22820
22821
22822
22823
22824
22826
22827
22828
22830
22831
22832
22833
22834
22835
22836
22837
22839
22840
22841
22842
22843
22844
22845
22846
22847
22848
22849
22850
22851
22853
22854
22855
22856
22857
22858
22859
22860
22861
22862
22864
22865
22867
22868
22869
22870
22871
22873
22874
22875
22876
22877
22878
22879
22880
22881
22882
22884
22885
22886
22887
22889
22890
22892
22893
22894
22895
22896
22897
22899
22900
22901
22903
22904
22905
22915
22917
22918
22919
22921
22922
22923
22924
22925
22926
22927
22928
22929
22930
22931
22932
22933
22934
22935
22936
22937
22938
22939
22940
22941
22942
22943
22944
22945
22946
22947
22948
22949
22950
22951
22952
22953
22954
22955
22956
22957
22958
22959
22960
22961
22962
22963
22964
22965
22966
22967
22969
22970
22971
22972
22973
22974
22975
22976
22977
22978
22979
22980
22981
22982
22984
22986
22987
22988
22989
22990
22449
22452
22475
22480
22488
22491
22494
22495
22498
22499
22505
22517
22518
22527
22532
22533
22541
22542
22550
22551
22554
22555
22563
22564
22572
22574
22597
22598
22603
22604
22607
22610
22618
22619
22624
22625
22628
22631
22632
22635
22641
22642
22653
22656
22663
22667
22681
22699
22701
22714
22738
22748
22753
22769
22774
22778
22781
22784
22786
22788
22800
22825
22829
22838
22852
22863
22866
22872
22883
22888
22891
22898
22902
22906
22907
22908
22909
22910
22911
22912
22913
22914
22916
22920
22968
22983
22985
22991
-13990
-14096
-15140
-15144
-15567
-16318
-16335
-16817
-16823
-16854
-16958
-16983
-17187
-17227
-17265
-17321
-17363
-17470
-17637
-17699
-17804
-17816
-17828
-17983
-18005
-18129
-18205
-18254
-18256
-18286
-18370
-18385
-18398
-18918
-18921
-18936
-18996
-19044
-19064
-19069
-19071
-19097
-19098
-19140
-19146
-19166
-19170
-19175
-19194
-19195
-19198
-19230
-19243
-19253
-19257
-19704
-19707
-19713
-19727
-19730
-19732
-19735
-19769
-19964
-19966
-19974
-19980
-19996
-20014
-20017
-20019
-20024
-20025
-20029
-20030
-20040
-20043
-20049
-20050
-20051
-20090
-20096
-20111
-20119
-20132
-20143
-20144
-20153
-20154
-20172
-20175
-20179
-20180
-20181
-20218
-20238
-20256
-20259
-20297
-20384
-20428
-21426
-21454
-21477
-21533
-21613
-21617
-8044
-8135
-8226
-8317
-8407
-8479
-8549
-8621
-8691
-8762
-8834
-8924
-8996
-9086
-9157
-9229
-9319
-9390
-9441
-9492
-9543
-9595
-9665
-9717
-9808
-9899
-9970
-10061
-10152
-10242
-10314
-10405
-10495
-10566
-10618
-10687
-10739
-10789
-10821
-10873
-10962
-11015
-11085
-11156
-11207
-11258
-11309
-11359
-11410
-11462
-11514
-11605
-11675
-11747
-11836
-11868
-11939
-11989
-12022
-12092
-12163
-12215
-12284
-12315
-12347
-12398
-12468
-12519
-12552
-12641
-12672
-12703
-12734
-12785
-12816
-12847
-12898
)


// ************************************************************************* //
