/*--------------------------------*- C++ -*----------------------------------*\
| =========                 |                                                 |
| \\      /  F ield         | OpenFOAM: The Open Source CFD Toolbox           |
|  \\    /   O peration     | Version:  2412                                  |
|   \\  /    A nd           | Website:  www.openfoam.com                      |
|    \\/     M anipulation  |                                                 |
\*---------------------------------------------------------------------------*/
FoamFile
{
    version     2.0;
    format      ascii;
    arch        "LSB;label=32;scalar=64";
    class       faceList;
    location    "constant/brick_heater/polyMesh";
    object      faces;
}
// * * * * * * * * * * * * * * * * * * * * * * * * * * * * * * * * * * * * * //


780
(
3(118 60 116)
3(63 116 60)
3(118 63 60)
3(118 116 63)
3(75 118 48)
3(75 63 118)
3(118 63 48)
3(20 116 69)
3(20 52 116)
3(69 116 52)
3(118 53 65)
3(57 118 65)
3(57 53 118)
3(17 118 18)
3(66 118 17)
3(66 18 118)
3(118 117 58)
3(118 57 117)
3(118 58 57)
3(57 58 117)
3(118 75 53)
3(59 75 118)
3(59 118 53)
3(116 21 20)
3(69 21 116)
3(119 118 49)
3(57 118 119)
3(57 49 118)
3(57 119 49)
3(76 116 19)
3(52 19 116)
3(52 116 76)
3(61 71 117)
3(117 71 64)
3(61 117 64)
3(117 60 118)
3(58 118 60)
3(117 58 60)
3(119 80 12)
3(119 12 87)
3(119 87 80)
3(118 77 17)
3(118 18 77)
3(22 117 23)
3(72 23 117)
3(72 117 22)
3(91 93 114)
3(78 114 93)
3(78 91 114)
3(117 62 71)
3(117 61 62)
3(32 103 131)
3(33 131 103)
3(32 128 111)
3(4 111 128)
3(19 18 116)
3(76 116 18)
3(96 115 77)
3(97 77 115)
3(96 97 115)
3(68 119 10)
3(55 10 119)
3(55 119 68)
3(23 113 117)
3(22 117 113)
3(21 116 112)
3(116 88 112)
3(21 88 116)
3(50 116 117)
3(50 67 116)
3(117 116 67)
3(50 117 67)
3(117 64 54)
3(117 54 72)
3(117 72 64)
3(29 107 126)
3(28 126 107)
3(48 118 17)
3(48 66 118)
3(3 130 108)
3(34 108 130)
3(119 80 11)
3(119 11 12)
3(74 117 51)
3(74 62 117)
3(51 117 62)
3(27 127 104)
3(28 104 127)
3(2 124 89)
3(27 89 124)
3(8 128 121)
3(42 121 128)
3(5 125 122)
3(39 122 125)
3(12 119 118)
3(12 118 49)
3(12 49 119)
3(1 94 125)
3(29 125 94)
3(0 74 117)
3(0 117 51)
3(54 117 71)
3(117 116 22)
3(88 116 117)
3(88 22 116)
3(88 117 22)
3(50 22 117)
3(50 116 22)
3(7 120 130)
3(44 130 120)
3(116 77 105)
3(116 105 96)
3(116 96 77)
3(88 113 38)
3(88 38 109)
3(109 38 113)
3(99 34 129)
3(99 129 33)
3(75 118 73)
3(48 73 118)
3(6 123 124)
3(37 124 123)
3(20 116 112)
3(38 88 117)
3(117 88 113)
3(38 117 113)
3(53 118 73)
3(38 116 126)
3(39 126 116)
3(116 20 19)
3(10 9 119)
3(68 119 9)
3(18 116 77)
3(18 105 116)
3(37 117 127)
3(38 127 117)
3(43 119 131)
3(42 131 119)
3(10 119 11)
3(119 55 11)
3(87 119 118)
3(87 118 12)
3(117 54 23)
3(44 118 129)
3(43 129 118)
3(47 62 117)
3(47 117 74)
3(117 47 71)
3(14 118 65)
3(14 13 118)
3(118 13 65)
3(117 60 116)
3(57 117 119)
3(77 110 118)
3(17 118 110)
3(95 96 116)
3(95 116 105)
3(78 93 117)
3(93 0 117)
3(78 117 0)
3(118 116 18)
3(116 66 18)
3(118 66 116)
3(90 93 114)
3(90 114 91)
3(93 117 114)
3(78 114 117)
3(118 53 14)
3(48 118 16)
3(118 17 16)
3(13 86 118)
3(87 118 86)
3(13 118 87)
3(135 115 41)
3(135 40 115)
3(87 103 119)
3(80 119 103)
3(114 132 46)
3(114 45 132)
3(31 85 135)
3(30 135 85)
3(36 132 84)
3(35 84 132)
3(118 16 73)
3(71 70 117)
3(117 70 54)
3(77 116 115)
3(96 115 116)
3(134 8 121)
3(134 121 46)
3(118 77 97)
3(118 97 110)
3(5 122 136)
3(122 40 136)
3(1 136 94)
3(30 94 136)
3(137 120 7)
3(137 41 120)
3(2 89 133)
3(35 133 89)
3(116 77 118)
3(116 88 107)
3(116 107 112)
3(133 123 6)
3(133 45 123)
3(118 77 115)
3(118 115 97)
3(70 117 47)
3(53 118 15)
3(73 15 118)
3(117 0 26)
3(74 117 26)
3(23 79 117)
3(117 79 113)
3(38 88 116)
3(36 111 134)
3(4 134 111)
3(54 24 117)
3(117 24 23)
3(116 19 105)
3(16 118 110)
3(31 137 108)
3(3 108 137)
3(14 86 118)
3(43 118 87)
3(43 87 119)
3(97 98 115)
3(120 97 115)
3(120 98 97)
3(120 115 98)
3(14 118 15)
3(93 26 117)
3(117 70 24)
3(38 88 107)
3(116 38 107)
3(90 93 117)
3(114 90 117)
3(11 119 102)
3(102 119 80)
3(96 98 115)
3(26 47 117)
3(81 117 90)
3(81 93 117)
3(31 115 135)
3(135 115 85)
3(31 85 115)
3(121 128 134)
3(111 121 134)
3(111 128 121)
3(111 134 128)
3(116 95 115)
3(96 115 95)
3(125 136 94)
3(125 1 136)
3(119 117 78)
3(119 78 114)
3(31 115 41)
3(124 133 123)
3(124 6 133)
3(132 114 36)
3(132 84 114)
3(84 36 114)
3(104 117 90)
3(104 81 117)
3(20 116 83)
3(83 116 112)
3(130 137 120)
3(130 7 137)
3(114 36 46)
3(119 9 101)
3(119 78 9)
3(119 101 78)
3(16 15 118)
3(122 136 125)
3(5 125 136)
3(116 83 19)
3(87 43 86)
3(43 118 86)
3(38 109 107)
3(24 79 117)
3(128 134 8)
3(89 133 124)
3(2 124 133)
3(119 102 10)
3(108 137 120)
3(130 137 108)
3(130 108 120)
3(122 136 94)
3(122 94 125)
3(134 111 46)
3(111 121 46)
3(120 97 118)
3(116 126 107)
3(38 107 126)
3(99 97 120)
3(99 120 98)
3(119 43 103)
3(87 103 43)
3(89 133 123)
3(124 89 123)
3(36 111 46)
3(132 84 45)
3(45 84 114)
3(123 90 117)
3(114 90 123)
3(40 85 135)
3(40 115 85)
3(117 104 37)
3(37 104 127)
3(117 127 104)
3(104 90 123)
3(104 123 89)
3(90 89 123)
3(36 92 121)
3(111 36 121)
3(111 121 92)
3(92 36 114)
3(92 114 84)
3(122 30 136)
3(122 40 30)
3(115 31 98)
3(115 98 85)
3(45 89 35)
3(45 133 89)
3(114 121 36)
3(114 92 121)
3(30 40 85)
3(122 116 95)
3(115 122 95)
3(41 137 108)
3(41 108 31)
3(84 45 35)
3(36 46 121)
3(123 104 117)
3(119 131 103)
3(131 43 103)
3(25 117 47)
3(70 117 25)
3(122 30 94)
3(122 106 95)
3(116 95 106)
3(122 116 106)
3(31 115 120)
3(31 120 41)
3(106 126 107)
3(106 116 126)
3(106 107 116)
3(108 41 120)
3(98 31 120)
3(108 120 31)
3(108 98 120)
3(89 84 45)
3(89 45 123)
3(122 85 30)
3(122 40 85)
3(10 101 119)
3(126 29 106)
3(92 100 121)
3(32 92 121)
3(32 121 100)
3(99 118 120)
3(97 118 99)
3(32 121 111)
3(32 128 121)
3(116 83 105)
3(94 122 85)
3(25 117 26)
3(123 104 37)
3(106 94 122)
3(95 122 94)
3(122 115 85)
3(45 123 84)
3(89 84 123)
3(82 118 15)
3(14 118 82)
3(39 126 106)
3(39 106 116)
3(102 119 103)
3(39 29 106)
3(106 39 122)
3(106 94 39)
3(122 39 94)
3(95 122 85)
3(25 24 117)
3(131 100 103)
3(131 32 100)
3(27 104 123)
3(27 123 89)
3(115 85 95)
3(117 81 26)
3(105 106 116)
3(123 84 114)
3(100 92 119)
3(101 100 119)
3(101 119 92)
3(121 92 119)
3(121 119 100)
3(4 134 128)
3(131 100 119)
3(119 100 103)
3(3 130 137)
3(114 92 119)
3(100 121 42)
3(100 42 119)
3(121 42 32)
3(100 32 42)
3(34 108 120)
3(130 34 120)
3(42 131 100)
3(118 99 44)
3(129 44 99)
3(118 129 99)
3(118 82 110)
3(118 97 82)
3(16 118 82)
3(29 94 39)
3(104 37 27)
3(27 37 123)
3(99 44 120)
3(108 99 120)
3(87 43 33)
3(86 33 43)
3(101 119 102)
3(34 99 120)
3(90 84 123)
3(90 84 114)
3(83 116 107)
3(91 84 114)
3(96 115 85)
3(91 92 114)
3(44 34 120)
3(33 103 43)
3(117 81 25)
3(28 38 107)
3(79 117 25)
3(38 109 28)
3(81 79 117)
3(116 83 106)
3(44 34 99)
3(82 86 118)
3(102 119 100)
3(117 104 79)
3(82 99 118)
3(86 118 99)
3(60 67 116)
3(63 116 67)
3(117 50 72)
3(118 49 65)
3(118 65 12)
3(116 69 67)
3(116 50 69)
3(119 56 55)
3(119 68 56)
3(118 12 13)
3(60 67 117)
3(56 57 119)
3(56 119 49)
3(56 57 117)
3(119 56 117)
3(63 118 59)
3(119 11 49)
3(119 55 49)
3(59 118 57)
3(59 118 58)
3(58 117 56)
3(59 118 60)
3(62 117 58)
3(58 117 61)
3(67 116 52)
3(117 56 62)
3(61 117 60)
3(60 117 64)
3(51 117 56)
3(64 67 117)
3(50 117 64)
3(118 63 66)
3(116 50 21)
3(116 22 21)
3(76 67 116)
3(76 116 66)
3(63 116 76)
3(9 0 117)
3(9 117 51)
3(117 9 78)
3(9 119 117)
3(33 43 99)
3(99 43 86)
3(43 99 129)
3(118 99 43)
3(63 66 116)
3(78 101 114)
3(114 101 91)
3(101 114 119)
3(92 114 101)
3(38 79 113)
3(38 117 79)
3(79 109 38)
3(38 104 79)
3(38 117 104)
3(104 109 38)
3(38 127 104)
3(39 125 94)
3(27 124 123)
3(56 117 68)
3(68 117 119)
3(117 68 51)
3(9 68 117)
3(28 38 104)
3(32 131 33)
3(4 128 32)
3(28 29 126)
3(34 130 3)
3(27 28 127)
3(2 27 124)
3(8 121 42)
3(8 42 128)
3(5 39 125)
3(5 122 39)
3(29 1 125)
3(44 7 130)
3(44 120 7)
3(33 129 34)
3(37 123 6)
3(37 6 124)
3(39 116 38)
3(39 38 126)
3(38 117 37)
3(38 37 127)
3(42 119 43)
3(42 43 131)
3(43 44 129)
3(43 118 44)
3(117 116 118)
3(118 119 117)
3(135 41 40)
3(41 115 40)
3(114 46 45)
3(132 45 46)
3(31 135 30)
3(36 35 132)
3(121 8 46)
3(134 46 8)
3(5 40 122)
3(5 136 40)
3(30 136 1)
3(41 7 120)
3(137 7 41)
3(2 133 35)
3(133 6 45)
3(45 6 123)
3(38 116 117)
3(4 36 134)
3(3 137 31)
3(43 119 118)
3(118 116 115)
3(119 114 117)
3(31 41 135)
3(36 132 46)
3(120 118 115)
3(36 46 134)
3(114 123 117)
3(40 136 30)
3(45 35 133)
3(30 135 40)
3(115 116 122)
3(41 31 137)
3(35 45 132)
3(114 121 46)
3(41 120 115)
3(123 37 117)
3(40 115 122)
3(39 126 29)
3(123 114 45)
3(121 114 119)
3(121 119 42)
3(116 39 122)
3(44 118 120)
3(42 32 128)
3(42 131 32)
3(44 130 34)
3(28 126 38)
3(133 2 6)
3(6 2 124)
3(136 5 1)
3(1 5 125)
3(8 4 134)
3(128 4 8)
3(137 3 7)
3(7 3 130)
3(43 33 131)
3(37 27 127)
3(129 44 34)
3(33 43 129)
3(39 29 125)
3(27 37 124)
3(28 38 127)
3(32 33 103)
3(4 32 111)
3(108 34 3)
3(28 107 29)
3(97 77 110)
3(15 14 82)
3(95 94 106)
3(96 85 95)
3(97 98 96)
3(98 108 31)
3(99 86 33)
3(90 104 89)
3(89 27 2)
3(30 94 85)
3(84 36 92)
3(96 77 97)
3(36 111 92)
3(96 105 77)
3(99 33 34)
3(84 89 35)
3(85 94 95)
3(91 84 92)
3(96 98 85)
3(32 100 92)
3(95 105 96)
3(90 84 91)
3(91 92 101)
3(31 30 85)
3(35 36 84)
3(25 79 81)
3(89 104 27)
3(32 92 111)
3(90 81 104)
3(108 98 99)
3(92 100 101)
3(109 88 107)
3(91 101 78)
3(23 113 79)
3(79 113 109)
3(90 89 84)
3(90 93 81)
3(99 98 97)
3(95 106 105)
3(24 79 25)
3(79 109 104)
3(99 34 108)
3(19 105 83)
3(18 77 105)
3(93 91 78)
3(30 1 94)
3(18 17 77)
3(19 18 105)
3(2 35 89)
3(83 107 112)
3(91 93 90)
3(0 26 93)
3(105 106 83)
3(26 25 81)
3(82 99 97)
3(16 110 17)
3(17 110 77)
3(80 102 103)
3(93 26 81)
3(83 106 107)
3(102 80 11)
3(80 103 87)
3(100 102 101)
3(36 4 111)
3(102 11 10)
3(16 82 110)
3(20 112 21)
3(10 9 101)
3(3 31 108)
3(106 29 107)
3(19 83 20)
3(78 0 93)
3(22 88 113)
3(101 102 10)
3(101 9 78)
3(87 103 33)
3(20 83 112)
3(79 104 81)
3(82 14 86)
3(21 88 22)
3(87 33 86)
3(112 107 88)
3(106 94 29)
3(9 0 78)
3(109 113 88)
3(88 21 112)
3(102 100 103)
3(23 22 113)
3(24 23 79)
3(12 11 80)
3(28 109 107)
3(13 12 87)
3(87 86 13)
3(16 15 82)
3(87 12 80)
3(99 82 86)
3(14 13 86)
3(82 97 110)
3(1 29 94)
3(27 104 28)
3(98 31 85)
3(103 100 32)
3(104 109 28)
3(54 71 64)
3(12 65 49)
3(53 59 57)
3(63 76 67)
3(64 72 54)
3(67 76 52)
3(13 65 12)
3(64 71 61)
3(57 65 53)
3(66 76 63)
3(47 74 62)
3(62 71 47)
3(56 62 51)
3(50 72 64)
3(51 68 56)
3(67 69 50)
3(53 75 59)
3(64 67 50)
3(62 74 51)
3(49 65 57)
3(61 71 62)
3(53 65 14)
3(14 65 13)
3(9 51 0)
3(22 50 21)
3(12 49 11)
3(26 47 25)
3(24 54 23)
3(17 48 16)
3(15 53 14)
3(20 52 19)
3(60 61 58)
3(59 60 58)
3(57 59 58)
3(57 58 56)
3(58 62 56)
3(52 69 67)
3(61 62 58)
3(49 57 56)
3(18 66 17)
3(17 66 48)
3(56 68 55)
3(59 63 60)
3(60 64 61)
3(63 67 60)
3(49 56 55)
3(48 66 63)
3(59 75 63)
3(63 75 48)
3(51 74 0)
3(23 72 22)
3(0 74 26)
3(48 73 16)
3(21 69 20)
3(20 69 52)
3(24 70 54)
3(49 55 11)
3(54 72 23)
3(16 73 15)
3(47 70 25)
3(9 68 51)
3(11 55 10)
3(22 72 50)
3(50 69 21)
3(25 70 24)
3(10 68 9)
3(15 73 53)
3(26 74 47)
3(19 76 18)
3(52 76 19)
3(60 67 64)
3(18 76 66)
3(70 71 54)
3(47 71 70)
3(55 68 10)
3(73 75 53)
3(48 75 73)
)


// ************************************************************************* //
