/*--------------------------------*- C++ -*----------------------------------*\
| =========                 |                                                 |
| \\      /  F ield         | OpenFOAM: The Open Source CFD Toolbox           |
|  \\    /   O peration     | Version:  2412                                  |
|   \\  /    A nd           | Website:  www.openfoam.com                      |
|    \\/     M anipulation  |                                                 |
\*---------------------------------------------------------------------------*/
FoamFile
{
    version     2.0;
    format      ascii;
    arch        "LSB;label=32;scalar=64";
    note        "nPoints:138  nCells:322  nFaces:780  nInternalFaces:508";
    class       labelList;
    location    "constant/brick_heater/polyMesh";
    object      neighbour;
}
// * * * * * * * * * * * * * * * * * * * * * * * * * * * * * * * * * * * * * //


508
(
63
257
279
301
45
268
286
7
51
277
71
262
271
13
27
68
11
64
273
274
49
268
271
47
287
35
64
262
266
19
51
291
16
38
280
63
275
281
29
57
75
65
88
22
58
258
69
70
303
61
276
196
244
179
204
99
292
81
91
112
52
56
261
95
290
47
89
289
40
260
264
284
38
58
285
176
236
72
286
206
211
110
269
37
60
282
246
321
135
315
134
224
129
313
57
259
269
118
312
94
294
80
40
96
289
290
258
288
125
233
53
66
81
48
132
308
251
298
49
79
121
314
124
96
290
307
93
141
189
130
175
318
88
99
149
311
163
212
136
270
103
263
98
214
300
61
113
92
71
102
265
264
267
83
100
117
200
70
106
295
88
292
301
109
230
109
119
105
79
100
102
131
263
120
148
143
190
126
146
115
157
122
160
128
92
107
111
117
134
139
91
215
129
153
118
165
125
169
135
155
111
108
229
121
173
111
140
164
105
128
106
113
133
307
108
145
204
107
133
180
216
159
206
249
131
143
112
140
142
171
188
199
194
132
141
114
147
136
190
252
182
123
199
120
148
154
134
139
179
204
158
231
138
241
296
304
167
144
240
126
146
152
162
253
130
229
137
243
161
175
296
304
222
138
241
180
221
299
238
237
242
144
240
223
169
206
211
165
313
145
185
178
168
236
178
220
163
234
173
315
185
160
201
162
228
157
186
183
246
311
162
197
226
156
185
209
156
232
165
174
171
252
172
173
161
207
174
166
198
169
195
172
185
183
205
244
182
194
181
184
200
213
171
195
176
189
248
195
171
195
220
187
187
181
186
223
191
203
209
210
219
255
209
224
245
193
235
218
192
193
198
201
226
222
249
191
213
250
217
213
217
313
198
237
205
227
218
315
231
235
245
228
203
256
306
207
208
242
212
250
243
306
210
212
224
227
225
233
227
219
251
300
216
255
222
312
246
314
247
225
234
297
256
247
228
230
248
232
252
305
247
244
239
238
239
320
253
248
251
254
256
309
255
299
264
293
285
262
265
277
287
272
316
265
283
267
272
274
316
279
270
272
273
275
278
279
278
281
291
282
281
283
317
284
285
301
288
289
293
302
302
295
319
296
318
298
299
300
300
302
304
305
306
306
308
309
310
310
311
320
321
313
315
317
318
319
319
321
)


// ************************************************************************* //
