/*--------------------------------*- C++ -*----------------------------------*\
| =========                 |                                                 |
| \\      /  F ield         | OpenFOAM: The Open Source CFD Toolbox           |
|  \\    /   O peration     | Version:  2412                                  |
|   \\  /    A nd           | Website:  www.openfoam.com                      |
|    \\/     M anipulation  |                                                 |
\*---------------------------------------------------------------------------*/
FoamFile
{
    version     2.0;
    format      ascii;
    arch        "LSB;label=32;scalar=64";
    note        "nPoints:138  nCells:322  nFaces:780  nInternalFaces:508";
    class       labelList;
    location    "constant/brick_heater/polyMesh";
    object      owner;
}
// * * * * * * * * * * * * * * * * * * * * * * * * * * * * * * * * * * * * * //


780
(
0
0
0
0
1
1
1
2
2
2
3
3
3
4
4
4
5
5
5
5
6
6
6
7
7
8
8
8
8
9
9
9
10
10
10
11
11
11
12
12
12
13
13
14
14
14
15
15
15
16
16
17
17
18
18
19
19
20
20
20
21
21
21
22
22
23
23
23
24
24
24
24
25
25
25
26
26
27
27
28
28
29
29
30
30
30
31
31
32
32
33
33
34
34
35
35
35
36
36
37
37
38
39
39
39
39
40
40
41
41
42
42
42
43
43
43
44
44
45
45
46
46
47
48
48
48
49
50
50
51
52
52
53
53
54
54
55
55
56
56
57
57
58
59
59
60
60
61
62
62
62
63
64
65
65
66
66
67
67
67
68
68
68
69
69
70
70
71
72
72
73
73
73
74
74
75
75
76
76
77
77
78
78
79
80
80
81
81
82
82
83
83
84
84
85
85
86
86
87
87
88
89
89
90
90
91
91
92
93
93
94
94
95
95
96
97
97
98
98
99
100
101
101
102
103
103
104
104
104
104
105
106
107
108
108
109
109
110
110
112
113
114
114
115
115
115
116
116
116
116
117
117
118
118
119
119
120
121
121
122
122
122
123
123
124
124
125
125
126
127
127
127
128
129
129
130
131
131
132
133
134
135
135
136
137
137
137
138
138
139
139
140
141
141
142
142
143
143
144
144
145
146
146
147
147
148
148
149
149
149
150
150
150
151
151
151
152
152
153
153
154
154
155
155
156
156
157
158
158
159
159
160
161
162
163
163
164
164
165
166
166
166
167
167
168
168
168
169
170
170
170
172
173
174
174
175
176
177
177
177
178
178
179
179
180
181
182
183
184
184
186
187
187
188
188
189
189
190
191
192
192
192
193
194
196
196
197
197
198
199
200
201
202
202
202
203
203
204
205
205
206
207
208
208
210
210
211
211
212
214
214
214
215
215
216
217
218
218
219
220
221
221
223
225
226
228
229
230
231
232
233
234
235
236
237
238
239
245
247
249
250
253
254
254
257
257
258
259
259
260
260
261
261
263
264
266
266
267
267
268
269
270
271
273
274
275
276
276
277
278
280
280
282
283
284
286
287
288
291
292
293
294
294
295
296
297
297
298
299
301
303
303
304
305
307
307
308
309
309
310
311
312
314
316
316
317
318
320
17
18
26
28
31
32
33
33
34
34
36
41
41
44
46
46
50
50
54
54
55
55
59
59
63
64
74
74
76
76
77
78
82
82
84
84
85
86
86
87
90
90
96
97
101
103
111
119
120
126
140
145
147
153
155
157
158
159
160
161
167
183
186
191
201
207
208
213
219
224
227
233
236
240
240
241
241
242
242
243
243
244
246
251
298
312
314
321
17
18
28
26
83
188
184
231
112
170
297
150
32
181
152
20
151
42
44
172
193
232
252
177
66
230
305
77
78
239
197
209
123
220
202
132
303
95
308
226
114
142
200
237
310
225
180
53
15
85
13
99
87
229
69
106
245
235
255
100
65
190
199
248
110
75
256
97
136
216
47
175
101
176
130
67
290
223
127
234
124
253
249
289
221
89
217
295
43
23
250
22
133
29
238
263
73
222
12
254
102
215
36
31
154
196
320
38
259
271
293
25
291
265
10
3
302
60
61
282
285
317
260
6
284
30
262
16
71
62
294
288
269
182
98
72
105
51
281
275
273
274
278
277
276
266
4
27
261
279
280
257
272
286
268
1
37
14
94
79
7
2
107
270
58
128
164
319
56
258
287
194
52
93
113
19
9
283
292
80
92
21
49
45
)


// ************************************************************************* //
