/*--------------------------------*- C++ -*----------------------------------*\
| =========                 |                                                 |
| \\      /  F ield         | OpenFOAM: The Open Source CFD Toolbox           |
|  \\    /   O peration     | Version:  2412                                  |
|   \\  /    A nd           | Website:  www.openfoam.com                      |
|    \\/     M anipulation  |                                                 |
\*---------------------------------------------------------------------------*/
FoamFile
{
    version     2.0;
    format      ascii;
    arch        "LSB;label=32;scalar=64";
    class       vectorField;
    location    "constant/brick_heater/polyMesh";
    object      points;
}
// * * * * * * * * * * * * * * * * * * * * * * * * * * * * * * * * * * * * * //


138
(
(0 0.18 0.145)
(0 0.065 0.39)
(0 0.065 0)
(0 0.295 0.39)
(0 0.295 0)
(-0.04 0.065 0.39)
(-0.04 0.065 0)
(-0.04 0.295 0.39)
(-0.04 0.295 0)
(5.2503404e-18 0.19623497 0.14770914)
(4.3806098e-18 0.21071064 0.15554297)
(3.0361722e-18 0.22185832 0.16765259)
(1.3627182e-18 0.22847001 0.18272573)
(-4.5840745e-19 0.22982922 0.19912897)
(-2.2298575e-18 0.22578867 0.21508477)
(-3.759668e-18 0.2167862 0.22886408)
(-4.88206e-18 0.20379737 0.23897369)
(-5.4754051e-18 0.18822973 0.24431807)
(-5.4754051e-18 0.17177027 0.24431807)
(-4.88206e-18 0.15620263 0.23897369)
(-3.759668e-18 0.1432138 0.22886408)
(-2.2298575e-18 0.13421133 0.21508477)
(-4.5840745e-19 0.13017078 0.19912897)
(1.3627182e-18 0.13152999 0.18272573)
(3.0361722e-18 0.13814168 0.16765259)
(4.3806098e-18 0.14928936 0.15554297)
(5.2503404e-18 0.16376503 0.14770914)
(0 0.065 0.0975)
(0 0.065 0.195)
(0 0.065 0.2925)
(0 0.14166667 0.39)
(0 0.21833333 0.39)
(0 0.295 0.0975)
(0 0.295 0.195)
(0 0.295 0.2925)
(0 0.14166667 0)
(0 0.21833333 0)
(-0.04 0.065 0.0975)
(-0.04 0.065 0.195)
(-0.04 0.065 0.2925)
(-0.04 0.14166667 0.39)
(-0.04 0.21833333 0.39)
(-0.04 0.295 0.0975)
(-0.04 0.295 0.195)
(-0.04 0.295 0.2925)
(-0.04 0.14166667 0)
(-0.04 0.21833333 0)
(3.4236672e-18 0.1633115 0.16416235)
(-3.7878333e-18 0.1916888 0.22911777)
(1.4637726e-18 0.21214647 0.18181551)
(-9.5564036e-19 0.14600919 0.20360764)
(3.8397654e-18 0.1857713 0.16041447)
(-3.3887626e-18 0.15542763 0.22552326)
(-1.9340055e-18 0.20725739 0.21241997)
(1.5637436e-18 0.14788955 0.18091505)
(2.9569982e-18 0.20893253 0.16836573)
(2.1355585e-18 0.19622732 0.1757646)
(5.9307067e-20 0.20125329 0.19446581)
(5.2687374e-19 0.18558147 0.19025434)
(-1.2163778e-18 0.19107507 0.20595616)
(-7.5710023e-19 0.17534621 0.20181935)
(6.9520695e-19 0.17251652 0.18873813)
(2.4149682e-18 0.17683941 0.1732479)
(-2.5905344e-18 0.18032081 0.21833346)
(1.5360531e-19 0.1583554 0.19361645)
(-6.0546523e-19 0.21503475 0.20045355)
(-4.2869028e-18 0.17953527 0.23361299)
(-2.0045333e-18 0.16117203 0.21305523)
(3.7126544e-18 0.19957535 0.16155938)
(-2.4449131e-18 0.14774149 0.21702182)
(2.9569982e-18 0.15106747 0.16836573)
(1.8680316e-18 0.16166331 0.17817427)
(3.3320386e-19 0.14279098 0.19199877)
(-3.3851347e-18 0.2034173 0.22549058)
(4.0959713e-18 0.17393745 0.15810677)
(-2.5136446e-18 0.19540395 0.2176409)
(-3.7713664e-18 0.16740477 0.22896945)
(0 0.18418853 0.26387389)
(0 0.18919099 0.12717785)
(0 0.12660997 0.16304546)
(0 0.23821789 0.16946327)
(0 0.14348736 0.13282548)
(0 0.22125 0.24314698)
(0 0.13511349 0.24675517)
(0 0.17088 0.054150761)
(0 0.16981283 0.33501117)
(0 0.24461312 0.21971245)
(0 0.24983946 0.18806774)
(0 0.11837292 0.2106061)
(0 0.11597464 0.058690172)
(0 0.14736277 0.094916622)
(0 0.18347302 0.097736597)
(0 0.22748015 0.076139781)
(0 0.16787986 0.12422761)
(0 0.11869237 0.3286429)
(0 0.14995939 0.29937409)
(0 0.18191287 0.29422444)
(0 0.20933245 0.27430931)
(0 0.21478981 0.31111692)
(0 0.24809315 0.26922037)
(0 0.24827409 0.11901465)
(0 0.21605603 0.12574654)
(0 0.23249262 0.14765578)
(0 0.25980401 0.15278357)
(0 0.10849113 0.13285965)
(0 0.15765756 0.265495)
(0 0.12237719 0.2791519)
(0 0.10488419 0.23689938)
(0 0.2557835 0.34212809)
(0 0.09868137 0.18802834)
(0 0.20137055 0.25418311)
(0 0.25895337 0.043409945)
(0 0.12715915 0.2276419)
(0 0.11916413 0.18895167)
(-0.04 0.18247434 0.065956488)
(-0.04 0.18030365 0.3241132)
(-0.04 0.13084237 0.25810036)
(-0.04 0.14289902 0.15075812)
(-0.04 0.22510712 0.24375)
(-0.04 0.23285786 0.1336191)
(-0.04 0.24274882 0.32807264)
(-0.04 0.24473311 0.059415118)
(-0.04 0.11656254 0.33094271)
(-0.04 0.11940801 0.062842922)
(-0.02 0.065 0.04875)
(-0.02 0.065 0.34125)
(-0.02 0.065 0.24375)
(-0.02 0.065 0.14625)
(-0.02 0.295 0.04875)
(-0.02 0.295 0.24375)
(-0.02 0.295 0.34125)
(-0.02 0.295 0.14625)
(-0.02 0.18 0)
(-0.02 0.10333333 0)
(-0.02 0.25666667 0)
(-0.02 0.18 0.39)
(-0.02 0.10333333 0.39)
(-0.02 0.25666667 0.39)
)


// ************************************************************************* //
