/*--------------------------------*- C++ -*----------------------------------*\
| =========                 |                                                 |
| \\      /  F ield         | OpenFOAM: The Open Source CFD Toolbox           |
|  \\    /   O peration     | Version:  2412                                  |
|   \\  /    A nd           | Website:  www.openfoam.com                      |
|    \\/     M anipulation  |                                                 |
\*---------------------------------------------------------------------------*/
FoamFile
{
    version     2.0;
    format      ascii;
    arch        "LSB;label=32;scalar=64";
    class       faceList;
    location    "constant/heater_3/polyMesh";
    object      faces;
}
// * * * * * * * * * * * * * * * * * * * * * * * * * * * * * * * * * * * * * //


1005
(
3(4 29 107)
3(4 107 27)
3(29 27 107)
3(49 107 29)
3(125 107 49)
3(125 49 29)
3(125 29 107)
3(49 107 4)
3(29 49 4)
3(49 125 108)
3(49 108 107)
3(125 107 108)
3(50 108 125)
3(126 108 50)
3(126 50 125)
3(126 125 108)
3(50 108 49)
3(125 50 49)
3(50 126 109)
3(50 109 108)
3(126 108 109)
3(51 109 126)
3(127 109 51)
3(127 51 126)
3(127 126 109)
3(51 109 50)
3(126 51 50)
3(51 127 110)
3(51 110 109)
3(127 109 110)
3(52 110 127)
3(128 110 52)
3(128 52 127)
3(128 127 110)
3(52 110 51)
3(127 52 51)
3(52 128 111)
3(52 111 110)
3(128 110 111)
3(53 111 128)
3(129 111 53)
3(129 53 128)
3(129 128 111)
3(53 111 52)
3(128 53 52)
3(53 129 112)
3(53 112 111)
3(129 111 112)
3(54 112 129)
3(130 112 54)
3(130 54 129)
3(130 129 112)
3(54 112 53)
3(129 54 53)
3(54 130 113)
3(54 113 112)
3(130 112 113)
3(55 113 130)
3(131 113 55)
3(131 55 130)
3(131 130 113)
3(55 113 54)
3(130 55 54)
3(55 131 114)
3(55 114 113)
3(131 113 114)
3(56 114 131)
3(132 114 56)
3(132 56 131)
3(132 131 114)
3(56 114 55)
3(131 56 55)
3(56 132 115)
3(56 115 114)
3(132 114 115)
3(57 115 132)
3(133 115 57)
3(133 57 132)
3(133 132 115)
3(57 115 56)
3(132 57 56)
3(57 133 103)
3(57 103 115)
3(133 115 103)
3(21 103 133)
3(105 21 133)
3(105 133 103)
3(21 103 57)
3(133 21 57)
3(4 27 40)
3(27 3 40)
3(107 4 40)
3(107 40 49)
3(27 40 107)
3(49 107 41)
3(107 40 41)
3(108 49 41)
3(108 41 50)
3(107 41 108)
3(50 108 42)
3(108 41 42)
3(109 50 42)
3(109 42 51)
3(108 42 109)
3(51 109 43)
3(109 42 43)
3(110 51 43)
3(110 43 52)
3(109 43 110)
3(52 110 44)
3(110 43 44)
3(111 52 44)
3(111 44 53)
3(110 44 111)
3(53 111 45)
3(111 44 45)
3(112 53 45)
3(112 45 54)
3(111 45 112)
3(54 112 46)
3(112 45 46)
3(113 54 46)
3(113 46 55)
3(112 46 113)
3(55 113 47)
3(113 46 47)
3(114 55 47)
3(114 47 56)
3(113 47 114)
3(56 114 48)
3(114 47 48)
3(115 56 48)
3(115 48 57)
3(114 48 115)
3(57 115 20)
3(115 48 20)
3(103 57 20)
3(115 20 103)
3(8 30 116)
3(8 116 28)
3(30 28 116)
3(85 116 30)
3(134 116 85)
3(134 85 30)
3(134 30 116)
3(30 85 8)
3(85 116 8)
3(85 134 117)
3(85 117 116)
3(134 116 117)
3(86 117 134)
3(135 117 86)
3(135 86 134)
3(135 134 117)
3(134 86 85)
3(86 117 85)
3(86 135 118)
3(86 118 117)
3(135 117 118)
3(87 118 135)
3(136 118 87)
3(136 87 135)
3(136 135 118)
3(135 87 86)
3(87 118 86)
3(87 136 119)
3(87 119 118)
3(136 118 119)
3(88 119 136)
3(137 119 88)
3(137 88 136)
3(137 136 119)
3(136 88 87)
3(88 119 87)
3(88 137 120)
3(88 120 119)
3(137 119 120)
3(89 120 137)
3(138 120 89)
3(138 89 137)
3(138 137 120)
3(137 89 88)
3(89 120 88)
3(89 138 121)
3(89 121 120)
3(138 120 121)
3(90 121 138)
3(139 121 90)
3(139 90 138)
3(139 138 121)
3(138 90 89)
3(90 121 89)
3(90 139 122)
3(90 122 121)
3(139 121 122)
3(91 122 139)
3(140 122 91)
3(140 91 139)
3(140 139 122)
3(139 91 90)
3(91 122 90)
3(91 140 123)
3(91 123 122)
3(140 122 123)
3(92 123 140)
3(141 123 92)
3(141 92 140)
3(141 140 123)
3(140 92 91)
3(92 123 91)
3(92 141 124)
3(92 124 123)
3(141 123 124)
3(93 124 141)
3(142 124 93)
3(142 93 141)
3(142 141 124)
3(141 93 92)
3(93 124 92)
3(93 142 104)
3(93 104 124)
3(142 124 104)
3(25 104 142)
3(106 25 142)
3(106 142 104)
3(142 25 93)
3(25 104 93)
3(5 29 49)
3(58 49 29)
3(125 49 58)
3(125 58 29)
3(29 58 5)
3(58 125 50)
3(59 50 125)
3(126 50 59)
3(126 59 125)
3(125 59 58)
3(59 126 51)
3(60 51 126)
3(127 51 60)
3(127 60 126)
3(126 60 59)
3(60 127 52)
3(61 52 127)
3(128 52 61)
3(128 61 127)
3(127 61 60)
3(61 128 53)
3(62 53 128)
3(129 53 62)
3(129 62 128)
3(128 62 61)
3(62 129 54)
3(63 54 129)
3(130 54 63)
3(130 63 129)
3(129 63 62)
3(63 130 55)
3(64 55 130)
3(131 55 64)
3(131 64 130)
3(130 64 63)
3(64 131 56)
3(65 56 131)
3(132 56 65)
3(132 65 131)
3(131 65 64)
3(65 132 57)
3(66 57 132)
3(133 57 66)
3(133 66 132)
3(132 66 65)
3(66 133 21)
3(22 21 133)
3(105 22 133)
3(133 22 66)
3(9 30 85)
3(94 85 30)
3(134 85 94)
3(134 94 30)
3(30 94 9)
3(94 134 86)
3(95 86 134)
3(135 86 95)
3(135 95 134)
3(134 95 94)
3(95 135 87)
3(96 87 135)
3(136 87 96)
3(136 96 135)
3(135 96 95)
3(96 136 88)
3(97 88 136)
3(137 88 97)
3(137 97 136)
3(136 97 96)
3(97 137 89)
3(98 89 137)
3(138 89 98)
3(138 98 137)
3(137 98 97)
3(98 138 90)
3(99 90 138)
3(139 90 99)
3(139 99 138)
3(138 99 98)
3(99 139 91)
3(100 91 139)
3(140 91 100)
3(140 100 139)
3(139 100 99)
3(100 140 92)
3(101 92 140)
3(141 92 101)
3(141 101 140)
3(140 101 100)
3(101 141 93)
3(102 93 141)
3(142 93 102)
3(142 102 141)
3(141 102 101)
3(102 142 25)
3(26 25 142)
3(106 26 142)
3(142 26 102)
3(7 29 67)
3(29 6 67)
3(76 67 29)
3(125 67 76)
3(125 76 29)
3(125 29 67)
3(29 76 7)
3(76 125 68)
3(125 67 68)
3(77 68 125)
3(126 68 77)
3(126 77 125)
3(126 125 68)
3(125 77 76)
3(77 126 69)
3(126 68 69)
3(78 69 126)
3(127 69 78)
3(127 78 126)
3(127 126 69)
3(126 78 77)
3(78 127 70)
3(127 69 70)
3(79 70 127)
3(128 70 79)
3(128 79 127)
3(128 127 70)
3(127 79 78)
3(79 128 71)
3(128 70 71)
3(80 71 128)
3(129 71 80)
3(129 80 128)
3(129 128 71)
3(128 80 79)
3(80 129 72)
3(129 71 72)
3(81 72 129)
3(130 72 81)
3(130 81 129)
3(130 129 72)
3(129 81 80)
3(81 130 73)
3(130 72 73)
3(82 73 130)
3(131 73 82)
3(131 82 130)
3(131 130 73)
3(130 82 81)
3(82 131 74)
3(131 73 74)
3(83 74 131)
3(132 74 83)
3(132 83 131)
3(132 131 74)
3(131 83 82)
3(83 132 75)
3(132 74 75)
3(84 75 132)
3(133 75 84)
3(133 84 132)
3(133 132 75)
3(132 84 83)
3(84 133 23)
3(133 75 23)
3(24 23 133)
3(105 24 133)
3(105 133 23)
3(133 24 84)
3(28 29 76)
3(28 76 7)
3(116 76 29)
3(125 76 116)
3(125 116 29)
3(116 76 28)
3(29 116 28)
3(116 125 77)
3(116 77 76)
3(117 77 125)
3(126 77 117)
3(126 117 125)
3(117 77 116)
3(125 117 116)
3(117 126 78)
3(117 78 77)
3(118 78 126)
3(127 78 118)
3(127 118 126)
3(118 78 117)
3(126 118 117)
3(118 127 79)
3(118 79 78)
3(119 79 127)
3(128 79 119)
3(128 119 127)
3(119 79 118)
3(127 119 118)
3(119 128 80)
3(119 80 79)
3(120 80 128)
3(129 80 120)
3(129 120 128)
3(120 80 119)
3(128 120 119)
3(120 129 81)
3(120 81 80)
3(121 81 129)
3(130 81 121)
3(130 121 129)
3(121 81 120)
3(129 121 120)
3(121 130 82)
3(121 82 81)
3(122 82 130)
3(131 82 122)
3(131 122 130)
3(122 82 121)
3(130 122 121)
3(122 131 83)
3(122 83 82)
3(123 83 131)
3(132 83 123)
3(132 123 131)
3(123 83 122)
3(131 123 122)
3(123 132 84)
3(123 84 83)
3(124 84 132)
3(133 84 124)
3(133 124 132)
3(124 84 123)
3(132 124 123)
3(124 133 24)
3(124 24 84)
3(104 24 133)
3(105 104 133)
3(104 24 124)
3(133 104 124)
3(27 30 31)
3(30 2 31)
3(27 31 2)
3(107 31 30)
3(134 31 107)
3(134 30 31)
3(134 107 30)
3(107 31 27)
3(30 107 27)
3(107 134 32)
3(134 31 32)
3(107 32 31)
3(108 32 134)
3(135 32 108)
3(135 134 32)
3(135 108 134)
3(108 32 107)
3(134 108 107)
3(108 135 33)
3(135 32 33)
3(108 33 32)
3(109 33 135)
3(136 33 109)
3(136 135 33)
3(136 109 135)
3(109 33 108)
3(135 109 108)
3(109 136 34)
3(136 33 34)
3(109 34 33)
3(110 34 136)
3(137 34 110)
3(137 136 34)
3(137 110 136)
3(110 34 109)
3(136 110 109)
3(110 137 35)
3(137 34 35)
3(110 35 34)
3(111 35 137)
3(138 35 111)
3(138 137 35)
3(138 111 137)
3(111 35 110)
3(137 111 110)
3(111 138 36)
3(138 35 36)
3(111 36 35)
3(112 36 138)
3(139 36 112)
3(139 138 36)
3(139 112 138)
3(112 36 111)
3(138 112 111)
3(112 139 37)
3(139 36 37)
3(112 37 36)
3(113 37 139)
3(140 37 113)
3(140 139 37)
3(140 113 139)
3(113 37 112)
3(139 113 112)
3(113 140 38)
3(140 37 38)
3(113 38 37)
3(114 38 140)
3(141 38 114)
3(141 140 38)
3(141 114 140)
3(114 38 113)
3(140 114 113)
3(114 141 39)
3(141 38 39)
3(114 39 38)
3(115 39 141)
3(142 39 115)
3(142 141 39)
3(142 115 141)
3(115 39 114)
3(141 115 114)
3(115 142 19)
3(142 39 19)
3(115 19 39)
3(103 19 142)
3(106 142 19)
3(106 103 142)
3(103 19 115)
3(142 103 115)
3(2 30 10)
3(30 0 10)
3(31 10 30)
3(134 10 31)
3(134 30 10)
3(31 134 11)
3(134 10 11)
3(32 11 134)
3(135 11 32)
3(135 134 11)
3(32 135 12)
3(135 11 12)
3(33 12 135)
3(136 12 33)
3(136 135 12)
3(33 136 13)
3(136 12 13)
3(34 13 136)
3(137 13 34)
3(137 136 13)
3(34 137 14)
3(137 13 14)
3(35 14 137)
3(138 14 35)
3(138 137 14)
3(35 138 15)
3(138 14 15)
3(36 15 138)
3(139 15 36)
3(139 138 15)
3(36 139 16)
3(139 15 16)
3(37 16 139)
3(140 16 37)
3(140 139 16)
3(37 140 17)
3(140 16 17)
3(38 17 140)
3(141 17 38)
3(141 140 17)
3(38 141 18)
3(141 17 18)
3(39 18 141)
3(142 18 39)
3(142 141 18)
3(39 142 1)
3(142 18 1)
3(19 1 142)
3(106 142 1)
3(3 27 31)
3(40 31 27)
3(107 31 40)
3(40 107 32)
3(41 32 107)
3(108 32 41)
3(41 108 33)
3(42 33 108)
3(109 33 42)
3(42 109 34)
3(43 34 109)
3(110 34 43)
3(43 110 35)
3(44 35 110)
3(111 35 44)
3(44 111 36)
3(45 36 111)
3(112 36 45)
3(45 112 37)
3(46 37 112)
3(113 37 46)
3(46 113 38)
3(47 38 113)
3(114 38 47)
3(47 114 39)
3(48 39 114)
3(115 39 48)
3(48 115 19)
3(20 19 115)
3(8 28 76)
3(116 8 76)
3(116 76 85)
3(85 116 77)
3(117 85 77)
3(117 77 86)
3(86 117 78)
3(118 86 78)
3(118 78 87)
3(87 118 79)
3(119 87 79)
3(119 79 88)
3(88 119 80)
3(120 88 80)
3(120 80 89)
3(89 120 81)
3(121 89 81)
3(121 81 90)
3(90 121 82)
3(122 90 82)
3(122 82 91)
3(91 122 83)
3(123 91 83)
3(123 83 92)
3(92 123 84)
3(124 92 84)
3(124 84 93)
3(93 124 24)
3(104 93 24)
3(27 29 116)
3(27 116 28)
3(107 116 29)
3(125 116 107)
3(107 116 27)
3(107 125 117)
3(107 117 116)
3(108 117 125)
3(126 117 108)
3(108 117 107)
3(108 126 118)
3(108 118 117)
3(109 118 126)
3(127 118 109)
3(109 118 108)
3(109 127 119)
3(109 119 118)
3(110 119 127)
3(128 119 110)
3(110 119 109)
3(110 128 120)
3(110 120 119)
3(111 120 128)
3(129 120 111)
3(111 120 110)
3(111 129 121)
3(111 121 120)
3(112 121 129)
3(130 121 112)
3(112 121 111)
3(112 130 122)
3(112 122 121)
3(113 122 130)
3(131 122 113)
3(113 122 112)
3(113 131 123)
3(113 123 122)
3(114 123 131)
3(132 123 114)
3(114 123 113)
3(114 132 124)
3(114 124 123)
3(115 124 132)
3(133 124 115)
3(115 124 114)
3(115 133 104)
3(115 104 124)
3(103 104 133)
3(103 104 115)
3(30 27 116)
3(116 107 30)
3(134 107 116)
3(134 107 117)
3(117 108 134)
3(135 108 117)
3(135 108 118)
3(118 109 135)
3(136 109 118)
3(136 109 119)
3(119 110 136)
3(137 110 119)
3(137 110 120)
3(120 111 137)
3(138 111 120)
3(138 111 121)
3(121 112 138)
3(139 112 121)
3(139 112 122)
3(122 113 139)
3(140 113 122)
3(140 113 123)
3(123 114 140)
3(141 114 123)
3(141 114 124)
3(124 115 141)
3(142 115 124)
3(142 115 104)
3(104 103 142)
3(0 30 94)
3(10 94 30)
3(134 94 10)
3(10 134 95)
3(11 95 134)
3(135 95 11)
3(11 135 96)
3(12 96 135)
3(136 96 12)
3(12 136 97)
3(13 97 136)
3(137 97 13)
3(13 137 98)
3(14 98 137)
3(138 98 14)
3(14 138 99)
3(15 99 138)
3(139 99 15)
3(15 139 100)
3(16 100 139)
3(140 100 16)
3(16 140 101)
3(17 101 140)
3(141 101 17)
3(17 141 102)
3(18 102 141)
3(142 102 18)
3(18 142 26)
3(1 26 142)
3(6 29 58)
3(67 58 29)
3(125 58 67)
3(67 125 59)
3(68 59 125)
3(126 59 68)
3(68 126 60)
3(69 60 126)
3(127 60 69)
3(69 127 61)
3(70 61 127)
3(128 61 70)
3(70 128 62)
3(71 62 128)
3(129 62 71)
3(71 129 63)
3(72 63 129)
3(130 63 72)
3(72 130 64)
3(73 64 130)
3(131 64 73)
3(73 131 65)
3(74 65 131)
3(132 65 74)
3(74 132 66)
3(75 66 132)
3(133 66 75)
3(75 133 22)
3(23 22 133)
3(4 27 29)
3(105 103 21)
3(4 3 27)
3(103 20 21)
3(8 28 30)
3(106 104 25)
3(5 4 29)
3(105 21 22)
3(9 8 30)
3(106 25 26)
3(7 6 29)
3(105 23 24)
3(28 7 29)
3(105 24 104)
3(27 2 30)
3(106 19 103)
3(2 0 30)
3(106 1 19)
3(3 2 27)
3(103 19 20)
3(8 7 28)
3(104 24 25)
3(27 28 29)
3(105 104 103)
3(28 27 30)
3(106 103 104)
3(0 9 30)
3(106 26 1)
3(6 5 29)
3(105 22 23)
3(4 40 3)
3(49 40 4)
3(49 41 40)
3(50 41 49)
3(50 42 41)
3(51 42 50)
3(51 43 42)
3(52 43 51)
3(52 44 43)
3(53 44 52)
3(53 45 44)
3(54 45 53)
3(54 46 45)
3(55 46 54)
3(55 47 46)
3(56 47 55)
3(56 48 47)
3(57 48 56)
3(57 20 48)
3(21 20 57)
3(5 49 4)
3(58 49 5)
3(58 50 49)
3(59 50 58)
3(59 51 50)
3(60 51 59)
3(60 52 51)
3(61 52 60)
3(61 53 52)
3(62 53 61)
3(62 54 53)
3(63 54 62)
3(63 55 54)
3(64 55 63)
3(64 56 55)
3(65 56 64)
3(65 57 56)
3(66 57 65)
3(66 21 57)
3(22 21 66)
3(9 85 8)
3(94 85 9)
3(94 86 85)
3(95 86 94)
3(95 87 86)
3(96 87 95)
3(96 88 87)
3(97 88 96)
3(97 89 88)
3(98 89 97)
3(98 90 89)
3(99 90 98)
3(99 91 90)
3(100 91 99)
3(100 92 91)
3(101 92 100)
3(101 93 92)
3(102 93 101)
3(102 25 93)
3(26 25 102)
3(7 67 6)
3(76 67 7)
3(76 68 67)
3(77 68 76)
3(77 69 68)
3(78 69 77)
3(78 70 69)
3(79 70 78)
3(79 71 70)
3(80 71 79)
3(80 72 71)
3(81 72 80)
3(81 73 72)
3(82 73 81)
3(82 74 73)
3(83 74 82)
3(83 75 74)
3(84 75 83)
3(84 23 75)
3(24 23 84)
3(2 10 0)
3(31 10 2)
3(31 11 10)
3(32 11 31)
3(32 12 11)
3(33 12 32)
3(33 13 12)
3(34 13 33)
3(34 14 13)
3(35 14 34)
3(35 15 14)
3(36 15 35)
3(36 16 15)
3(37 16 36)
3(37 17 16)
3(38 17 37)
3(38 18 17)
3(39 18 38)
3(39 1 18)
3(19 1 39)
3(3 31 2)
3(40 31 3)
3(40 32 31)
3(41 32 40)
3(41 33 32)
3(42 33 41)
3(42 34 33)
3(43 34 42)
3(43 35 34)
3(44 35 43)
3(44 36 35)
3(45 36 44)
3(45 37 36)
3(46 37 45)
3(46 38 37)
3(47 38 46)
3(47 39 38)
3(48 39 47)
3(48 19 39)
3(20 19 48)
3(8 76 7)
3(85 76 8)
3(85 77 76)
3(86 77 85)
3(86 78 77)
3(87 78 86)
3(87 79 78)
3(88 79 87)
3(88 80 79)
3(89 80 88)
3(89 81 80)
3(90 81 89)
3(90 82 81)
3(91 82 90)
3(91 83 82)
3(92 83 91)
3(92 84 83)
3(93 84 92)
3(93 24 84)
3(25 24 93)
3(0 94 9)
3(10 94 0)
3(10 95 94)
3(11 95 10)
3(11 96 95)
3(12 96 11)
3(12 97 96)
3(13 97 12)
3(13 98 97)
3(14 98 13)
3(14 99 98)
3(15 99 14)
3(15 100 99)
3(16 100 15)
3(16 101 100)
3(17 101 16)
3(17 102 101)
3(18 102 17)
3(18 26 102)
3(1 26 18)
3(6 58 5)
3(67 58 6)
3(67 59 58)
3(68 59 67)
3(68 60 59)
3(69 60 68)
3(69 61 60)
3(70 61 69)
3(70 62 61)
3(71 62 70)
3(71 63 62)
3(72 63 71)
3(72 64 63)
3(73 64 72)
3(73 65 64)
3(74 65 73)
3(74 66 65)
3(75 66 74)
3(75 22 66)
3(23 22 75)
)


// ************************************************************************* //
