/*--------------------------------*- C++ -*----------------------------------*\
| =========                 |                                                 |
| \\      /  F ield         | OpenFOAM: The Open Source CFD Toolbox           |
|  \\    /   O peration     | Version:  2412                                  |
|   \\  /    A nd           | Website:  www.openfoam.com                      |
|    \\/     M anipulation  |                                                 |
\*---------------------------------------------------------------------------*/
FoamFile
{
    version     2.0;
    format      ascii;
    arch        "LSB;label=32;scalar=64";
    class       labelList;
    location    "constant/heater_3/polyMesh";
    object      faceRegionAddressing;
}
// * * * * * * * * * * * * * * * * * * * * * * * * * * * * * * * * * * * * * //


1005
(
5026
5027
5028
5030
5031
5032
5033
5034
5035
5036
5037
5038
5039
5040
5041
5042
5043
5044
5045
5046
5047
5048
5049
5050
5051
5052
5053
5054
5055
5056
5057
5058
5059
5060
5061
5062
5063
5064
5065
5066
5067
5068
5069
5070
5071
5072
5073
5074
5075
5076
5077
5078
5079
5080
5081
5082
5083
5084
5085
5086
5087
5088
5089
5090
5091
5092
5093
5094
5095
5096
5097
5098
5099
5100
5101
5102
5103
5104
5105
5106
5107
5108
5109
5110
5111
5112
5113
5115
5116
5117
5118
5121
5122
5124
5125
5126
5128
5129
5131
5132
5133
5135
5136
5138
5139
5140
5142
5143
5145
5146
5147
5149
5150
5152
5153
5154
5156
5157
5159
5160
5161
5163
5164
5166
5167
5168
5170
5171
5173
5174
5175
5177
5178
5180
5181
5182
5184
5187
5188
5189
5190
5192
5193
5194
5195
5196
5197
5198
5199
5200
5201
5202
5203
5204
5205
5206
5207
5208
5209
5210
5211
5212
5213
5214
5215
5216
5217
5218
5219
5220
5221
5222
5223
5224
5225
5226
5227
5228
5229
5230
5231
5232
5233
5234
5235
5236
5237
5238
5239
5240
5241
5242
5243
5244
5245
5246
5247
5248
5249
5250
5251
5252
5253
5254
5255
5256
5257
5258
5259
5260
5261
5262
5263
5264
5265
5266
5267
5268
5269
5270
5271
5272
5273
5274
5275
5277
5278
5279
5282
5283
5284
5285
5287
5289
5290
5291
5292
5294
5296
5297
5298
5299
5301
5303
5304
5305
5306
5308
5310
5311
5312
5313
5315
5317
5318
5319
5320
5322
5324
5325
5326
5327
5329
5331
5332
5333
5334
5336
5338
5339
5340
5341
5343
5345
5346
5348
5350
5353
5354
5355
5356
5358
5360
5361
5362
5363
5365
5367
5368
5369
5370
5372
5374
5375
5376
5377
5379
5381
5382
5383
5384
5386
5388
5389
5390
5391
5393
5395
5396
5397
5398
5400
5402
5403
5404
5405
5407
5409
5410
5411
5412
5414
5416
5417
5419
5421
5422
5425
5426
5427
5428
5429
5431
5432
5434
5435
5436
5437
5438
5440
5441
5443
5444
5445
5446
5447
5449
5450
5452
5453
5454
5455
5456
5458
5459
5461
5462
5463
5464
5465
5467
5468
5470
5471
5472
5473
5474
5476
5477
5479
5480
5481
5482
5483
5485
5486
5488
5489
5490
5491
5492
5494
5495
5497
5498
5499
5500
5501
5503
5504
5506
5507
5508
5510
5512
5513
5515
5516
5517
5518
5519
5520
5521
5522
5523
5524
5525
5526
5527
5528
5529
5530
5531
5532
5533
5534
5535
5536
5537
5538
5539
5540
5541
5542
5543
5544
5545
5546
5547
5548
5549
5550
5551
5552
5553
5554
5555
5556
5557
5558
5559
5560
5561
5562
5563
5564
5565
5566
5567
5568
5569
5570
5571
5572
5573
5574
5575
5576
5577
5578
5579
5581
5582
5583
5584
5585
5587
5588
5589
5590
5591
5592
5593
5594
5595
5596
5597
5598
5599
5600
5601
5602
5603
5604
5605
5606
5607
5608
5609
5610
5611
5612
5613
5614
5615
5616
5617
5618
5619
5620
5621
5622
5623
5624
5625
5626
5627
5628
5629
5630
5631
5632
5633
5634
5635
5636
5637
5638
5639
5640
5641
5642
5643
5644
5645
5646
5647
5648
5649
5650
5651
5652
5653
5654
5655
5656
5657
5658
5659
5660
5661
5662
5663
5664
5665
5666
5667
5668
5669
5670
5672
5673
5674
5675
5678
5679
5680
5682
5683
5685
5686
5687
5689
5690
5692
5693
5694
5696
5697
5699
5700
5701
5703
5704
5706
5707
5708
5710
5711
5713
5714
5715
5717
5718
5720
5721
5722
5724
5725
5727
5728
5729
5731
5732
5734
5735
5736
5738
5739
5741
5742
5745
5748
5749
5751
5753
5754
5756
5758
5759
5761
5763
5764
5766
5768
5769
5771
5773
5774
5776
5778
5779
5781
5783
5784
5786
5788
5789
5791
5793
5796
5799
5800
5802
5804
5805
5807
5809
5810
5812
5814
5815
5817
5819
5820
5822
5824
5825
5827
5829
5830
5832
5834
5835
5837
5839
5840
5842
5844
5847
5848
5850
5851
5852
5853
5854
5855
5856
5857
5858
5859
5860
5861
5862
5863
5864
5865
5866
5867
5868
5869
5870
5871
5872
5873
5874
5875
5876
5877
5878
5879
5880
5881
5882
5883
5884
5885
5886
5887
5888
5889
5890
5891
5892
5893
5894
5895
5897
5898
5900
5901
5902
5903
5904
5905
5906
5907
5908
5909
5910
5911
5912
5913
5914
5915
5916
5917
5918
5919
5920
5921
5922
5923
5924
5925
5926
5927
5929
5932
5933
5935
5937
5938
5940
5942
5943
5945
5947
5948
5950
5952
5953
5955
5957
5958
5960
5962
5963
5965
5967
5968
5970
5972
5973
5975
5977
5980
5983
5984
5986
5988
5989
5991
5993
5994
5996
5998
5999
6001
6003
6004
6006
6008
6009
6011
6013
6014
6016
6018
6019
6021
6023
6024
6026
6028
5029
5114
5120
5186
5191
5276
5281
5347
5352
5418
5424
5509
5514
5580
5586
5671
5677
5743
5747
5794
5798
5846
5849
5896
5899
5928
5931
5978
5982
6029
5119
5123
5127
5130
5134
5137
5141
5144
5148
5151
5155
5158
5162
5165
5169
5172
5176
5179
5183
5185
5280
5286
5288
5293
5295
5300
5302
5307
5309
5314
5316
5321
5323
5328
5330
5335
5337
5342
5344
5349
5351
5357
5359
5364
5366
5371
5373
5378
5380
5385
5387
5392
5394
5399
5401
5406
5408
5413
5415
5420
5423
5430
5433
5439
5442
5448
5451
5457
5460
5466
5469
5475
5478
5484
5487
5493
5496
5502
5505
5511
5676
5681
5684
5688
5691
5695
5698
5702
5705
5709
5712
5716
5719
5723
5726
5730
5733
5737
5740
5744
5746
5750
5752
5755
5757
5760
5762
5765
5767
5770
5772
5775
5777
5780
5782
5785
5787
5790
5792
5795
5797
5801
5803
5806
5808
5811
5813
5816
5818
5821
5823
5826
5828
5831
5833
5836
5838
5841
5843
5845
5930
5934
5936
5939
5941
5944
5946
5949
5951
5954
5956
5959
5961
5964
5966
5969
5971
5974
5976
5979
5981
5985
5987
5990
5992
5995
5997
6000
6002
6005
6007
6010
6012
6015
6017
6020
6022
6025
6027
6030
)


// ************************************************************************* //
