/*--------------------------------*- C++ -*----------------------------------*\
| =========                 |                                                 |
| \\      /  F ield         | OpenFOAM: The Open Source CFD Toolbox           |
|  \\    /   O peration     | Version:  2412                                  |
|   \\  /    A nd           | Website:  www.openfoam.com                      |
|    \\/     M anipulation  |                                                 |
\*---------------------------------------------------------------------------*/
FoamFile
{
    version     2.0;
    format      ascii;
    arch        "LSB;label=32;scalar=64";
    note        "nPoints:143  nCells:450  nFaces:1005  nInternalFaces:795";
    class       labelList;
    location    "constant/heater_3/polyMesh";
    object      neighbour;
}
// * * * * * * * * * * * * * * * * * * * * * * * * * * * * * * * * * * * * * //


795
(
2
32
332
2
3
91
331
31
90
5
35
335
5
6
94
334
34
93
8
38
338
8
9
97
337
37
96
11
41
341
11
12
100
340
40
99
14
44
344
14
15
103
343
43
102
17
47
347
17
18
106
346
46
105
20
50
350
20
21
109
349
49
108
23
53
353
23
24
112
352
52
111
26
56
356
26
27
115
355
55
114
29
59
359
29
118
358
58
117
32
272
32
33
271
35
275
35
36
274
38
278
38
39
277
41
281
41
42
280
44
284
44
45
283
47
287
47
48
286
50
290
50
51
289
53
293
53
54
292
56
296
56
57
295
59
299
59
298
62
302
360
62
63
121
361
120
301
65
305
363
65
66
124
364
123
304
68
308
366
68
69
127
367
126
307
71
311
369
71
72
130
370
129
310
74
314
372
74
75
133
373
132
313
77
317
375
77
78
136
376
135
316
80
320
378
80
81
139
379
138
319
83
323
381
83
84
142
382
141
322
86
326
384
86
87
145
385
144
325
89
329
387
89
148
388
147
328
92
92
93
421
420
95
95
96
424
423
98
98
99
427
426
101
101
102
430
429
104
104
105
433
432
107
107
108
436
435
110
110
111
439
438
113
113
114
442
441
116
116
117
445
444
119
119
448
447
122
122
123
391
390
125
125
126
394
393
128
128
129
397
396
131
131
132
400
399
134
134
135
403
402
137
137
138
406
405
140
140
141
409
408
143
143
144
412
411
146
146
147
415
414
149
149
418
417
152
422
152
153
181
421
180
155
425
155
156
184
424
183
158
428
158
159
187
427
186
161
431
161
162
190
430
189
164
434
164
165
193
433
192
167
437
167
168
196
436
195
170
440
170
171
199
439
198
173
443
173
174
202
442
201
176
446
176
177
205
445
204
179
449
179
208
448
207
182
300
182
183
331
302
330
185
303
185
186
334
305
333
188
306
188
189
337
308
336
191
309
191
192
340
311
339
194
312
194
195
343
314
342
197
315
197
198
346
317
345
200
318
200
201
349
320
348
203
321
203
204
352
323
351
206
324
206
207
355
326
354
209
327
209
358
329
357
212
242
270
212
213
241
361
271
362
215
245
273
215
216
244
364
274
365
218
248
276
218
219
247
367
277
368
221
251
279
221
222
250
370
280
371
224
254
282
224
225
253
373
283
374
227
257
285
227
228
256
376
286
377
230
260
288
230
231
259
379
289
380
233
263
291
233
234
262
382
292
383
236
266
294
236
237
265
385
295
386
239
269
297
239
268
388
298
389
242
392
242
243
391
245
395
245
246
394
248
398
248
249
397
251
401
251
252
400
254
404
254
255
403
257
407
257
258
406
260
410
260
261
409
263
413
263
264
412
266
416
266
267
415
269
419
269
418
272
272
273
275
275
276
278
278
279
281
281
282
284
284
285
287
287
288
290
290
291
293
293
294
296
296
297
299
299
302
302
303
305
305
306
308
308
309
311
311
312
314
314
315
317
317
318
320
320
321
323
323
324
326
326
327
329
329
332
360
332
333
362
335
363
335
336
365
338
366
338
339
368
341
369
341
342
371
344
372
344
345
374
347
375
347
348
377
350
378
350
351
380
353
381
353
354
383
356
384
356
357
386
359
387
359
389
362
362
363
365
365
366
368
368
369
371
371
372
374
374
375
377
377
378
380
380
381
383
383
384
386
386
387
389
389
392
392
393
395
395
396
398
398
399
401
401
402
404
404
405
407
407
408
410
410
411
413
413
414
416
416
417
419
419
422
422
423
425
425
426
428
428
429
431
431
432
434
434
435
437
437
438
440
440
441
443
443
444
446
446
447
449
449
)


// ************************************************************************* //
