/*--------------------------------*- C++ -*----------------------------------*\
| =========                 |                                                 |
| \\      /  F ield         | OpenFOAM: The Open Source CFD Toolbox           |
|  \\    /   O peration     | Version:  2412                                  |
|   \\  /    A nd           | Website:  www.openfoam.com                      |
|    \\/     M anipulation  |                                                 |
\*---------------------------------------------------------------------------*/
FoamFile
{
    version     2.0;
    format      ascii;
    arch        "LSB;label=32;scalar=64";
    class       vectorField;
    location    "constant/heater_3/polyMesh";
    object      points;
}
// * * * * * * * * * * * * * * * * * * * * * * * * * * * * * * * * * * * * * //


143
(
(0.144 0.3325 0)
(0.144 0.3325 0.39)
(0.13990578 0.34374878 0)
(0.12953884 0.34973414 0)
(0.11775 0.34765544 0)
(0.11005538 0.33848535 0)
(0.11005538 0.32651465 0)
(0.11775 0.31734456 0)
(0.12953884 0.31526586 0)
(0.13990578 0.32125122 0)
(0.144 0.3325 0.039)
(0.144 0.3325 0.078)
(0.144 0.3325 0.117)
(0.144 0.3325 0.156)
(0.144 0.3325 0.195)
(0.144 0.3325 0.234)
(0.144 0.3325 0.273)
(0.144 0.3325 0.312)
(0.144 0.3325 0.351)
(0.13990578 0.34374878 0.39)
(0.12953884 0.34973414 0.39)
(0.11775 0.34765544 0.39)
(0.11005538 0.33848535 0.39)
(0.11005538 0.32651465 0.39)
(0.11775 0.31734456 0.39)
(0.12953884 0.31526586 0.39)
(0.13990578 0.32125122 0.39)
(0.12751859 0.33827672 0)
(0.12544462 0.32651465 0)
(0.11775 0.3325 0)
(0.13472231 0.32950732 0)
(0.13990578 0.34374878 0.039)
(0.13990578 0.34374878 0.078)
(0.13990578 0.34374878 0.117)
(0.13990578 0.34374878 0.156)
(0.13990578 0.34374878 0.195)
(0.13990578 0.34374878 0.234)
(0.13990578 0.34374878 0.273)
(0.13990578 0.34374878 0.312)
(0.13990578 0.34374878 0.351)
(0.12953884 0.34973414 0.039)
(0.12953884 0.34973414 0.078)
(0.12953884 0.34973414 0.117)
(0.12953884 0.34973414 0.156)
(0.12953884 0.34973414 0.195)
(0.12953884 0.34973414 0.234)
(0.12953884 0.34973414 0.273)
(0.12953884 0.34973414 0.312)
(0.12953884 0.34973414 0.351)
(0.11775 0.34765544 0.039)
(0.11775 0.34765544 0.078)
(0.11775 0.34765544 0.117)
(0.11775 0.34765544 0.156)
(0.11775 0.34765544 0.195)
(0.11775 0.34765544 0.234)
(0.11775 0.34765544 0.273)
(0.11775 0.34765544 0.312)
(0.11775 0.34765544 0.351)
(0.11005538 0.33848535 0.039)
(0.11005538 0.33848535 0.078)
(0.11005538 0.33848535 0.117)
(0.11005538 0.33848535 0.156)
(0.11005538 0.33848535 0.195)
(0.11005538 0.33848535 0.234)
(0.11005538 0.33848535 0.273)
(0.11005538 0.33848535 0.312)
(0.11005538 0.33848535 0.351)
(0.11005538 0.32651465 0.039)
(0.11005538 0.32651465 0.078)
(0.11005538 0.32651465 0.117)
(0.11005538 0.32651465 0.156)
(0.11005538 0.32651465 0.195)
(0.11005538 0.32651465 0.234)
(0.11005538 0.32651465 0.273)
(0.11005538 0.32651465 0.312)
(0.11005538 0.32651465 0.351)
(0.11775 0.31734456 0.039)
(0.11775 0.31734456 0.078)
(0.11775 0.31734456 0.117)
(0.11775 0.31734456 0.156)
(0.11775 0.31734456 0.195)
(0.11775 0.31734456 0.234)
(0.11775 0.31734456 0.273)
(0.11775 0.31734456 0.312)
(0.11775 0.31734456 0.351)
(0.12953884 0.31526586 0.039)
(0.12953884 0.31526586 0.078)
(0.12953884 0.31526586 0.117)
(0.12953884 0.31526586 0.156)
(0.12953884 0.31526586 0.195)
(0.12953884 0.31526586 0.234)
(0.12953884 0.31526586 0.273)
(0.12953884 0.31526586 0.312)
(0.12953884 0.31526586 0.351)
(0.13990578 0.32125122 0.039)
(0.13990578 0.32125122 0.078)
(0.13990578 0.32125122 0.117)
(0.13990578 0.32125122 0.156)
(0.13990578 0.32125122 0.195)
(0.13990578 0.32125122 0.234)
(0.13990578 0.32125122 0.273)
(0.13990578 0.32125122 0.312)
(0.13990578 0.32125122 0.351)
(0.12751859 0.33827672 0.39)
(0.12544462 0.32651465 0.39)
(0.11775 0.3325 0.39)
(0.13472231 0.32950732 0.39)
(0.12751859 0.33827672 0.039)
(0.12751859 0.33827672 0.078)
(0.12751859 0.33827672 0.117)
(0.12751859 0.33827672 0.156)
(0.12751859 0.33827672 0.195)
(0.12751859 0.33827672 0.234)
(0.12751859 0.33827672 0.273)
(0.12751859 0.33827672 0.312)
(0.12751859 0.33827672 0.351)
(0.12544462 0.32651465 0.039)
(0.12544462 0.32651465 0.078)
(0.12544462 0.32651465 0.117)
(0.12544462 0.32651465 0.156)
(0.12544462 0.32651465 0.195)
(0.12544462 0.32651465 0.234)
(0.12544462 0.32651465 0.273)
(0.12544462 0.32651465 0.312)
(0.12544462 0.32651465 0.351)
(0.11775 0.3325 0.039)
(0.11775 0.3325 0.078)
(0.11775 0.3325 0.117)
(0.11775 0.3325 0.156)
(0.11775 0.3325 0.195)
(0.11775 0.3325 0.234)
(0.11775 0.3325 0.273)
(0.11775 0.3325 0.312)
(0.11775 0.3325 0.351)
(0.13472231 0.32950732 0.039)
(0.13472231 0.32950732 0.078)
(0.13472231 0.32950732 0.117)
(0.13472231 0.32950732 0.156)
(0.13472231 0.32950732 0.195)
(0.13472231 0.32950732 0.234)
(0.13472231 0.32950732 0.273)
(0.13472231 0.32950732 0.312)
(0.13472231 0.32950732 0.351)
)


// ************************************************************************* //
