/*--------------------------------*- C++ -*----------------------------------*\
| =========                 |                                                 |
| \\      /  F ield         | OpenFOAM: The Open Source CFD Toolbox           |
|  \\    /   O peration     | Version:  2412                                  |
|   \\  /    A nd           | Website:  www.openfoam.com                      |
|    \\/     M anipulation  |                                                 |
\*---------------------------------------------------------------------------*/
FoamFile
{
    version     2.0;
    format      ascii;
    arch        "LSB;label=32;scalar=64";
    class       faceList;
    location    "constant/heater_7/polyMesh";
    object      faces;
}
// * * * * * * * * * * * * * * * * * * * * * * * * * * * * * * * * * * * * * //


1005
(
3(6 28 58)
3(28 5 58)
3(67 58 28)
3(116 58 67)
3(116 67 28)
3(116 28 58)
3(28 67 6)
3(67 116 59)
3(116 58 59)
3(68 59 116)
3(117 59 68)
3(117 68 116)
3(117 116 59)
3(116 68 67)
3(68 117 60)
3(117 59 60)
3(69 60 117)
3(118 60 69)
3(118 69 117)
3(118 117 60)
3(117 69 68)
3(69 118 61)
3(118 60 61)
3(70 61 118)
3(119 61 70)
3(119 70 118)
3(119 118 61)
3(118 70 69)
3(70 119 62)
3(119 61 62)
3(71 62 119)
3(120 62 71)
3(120 71 119)
3(120 119 62)
3(119 71 70)
3(71 120 63)
3(120 62 63)
3(72 63 120)
3(121 63 72)
3(121 72 120)
3(121 120 63)
3(120 72 71)
3(72 121 64)
3(121 63 64)
3(73 64 121)
3(122 64 73)
3(122 73 121)
3(122 121 64)
3(121 73 72)
3(73 122 65)
3(122 64 65)
3(74 65 122)
3(123 65 74)
3(123 74 122)
3(123 122 65)
3(122 74 73)
3(74 123 66)
3(123 65 66)
3(75 66 123)
3(124 66 75)
3(124 75 123)
3(124 123 66)
3(123 75 74)
3(75 124 22)
3(124 66 22)
3(23 22 124)
3(104 23 124)
3(104 124 22)
3(124 23 75)
3(9 27 85)
3(27 8 85)
3(94 85 27)
3(107 85 94)
3(107 27 85)
3(107 94 27)
3(27 94 9)
3(94 107 86)
3(107 85 86)
3(95 86 107)
3(108 86 95)
3(108 107 86)
3(108 95 107)
3(107 95 94)
3(95 108 87)
3(108 86 87)
3(96 87 108)
3(109 87 96)
3(109 108 87)
3(109 96 108)
3(108 96 95)
3(96 109 88)
3(109 87 88)
3(97 88 109)
3(110 88 97)
3(110 109 88)
3(110 97 109)
3(109 97 96)
3(97 110 89)
3(110 88 89)
3(98 89 110)
3(111 89 98)
3(111 110 89)
3(111 98 110)
3(110 98 97)
3(98 111 90)
3(111 89 90)
3(99 90 111)
3(112 90 99)
3(112 111 90)
3(112 99 111)
3(111 99 98)
3(99 112 91)
3(112 90 91)
3(100 91 112)
3(113 91 100)
3(113 112 91)
3(113 100 112)
3(112 100 99)
3(100 113 92)
3(113 91 92)
3(101 92 113)
3(114 92 101)
3(114 113 92)
3(114 101 113)
3(113 101 100)
3(101 114 93)
3(114 92 93)
3(102 93 114)
3(115 93 102)
3(115 114 93)
3(115 102 114)
3(114 102 101)
3(102 115 25)
3(115 93 25)
3(26 25 115)
3(103 115 25)
3(103 26 115)
3(115 26 102)
3(27 30 85)
3(30 8 85)
3(107 85 30)
3(134 85 107)
3(134 30 85)
3(134 107 30)
3(30 107 27)
3(107 134 86)
3(134 85 86)
3(108 86 134)
3(135 86 108)
3(135 134 86)
3(135 108 134)
3(134 108 107)
3(108 135 87)
3(135 86 87)
3(109 87 135)
3(136 87 109)
3(136 135 87)
3(136 109 135)
3(135 109 108)
3(109 136 88)
3(136 87 88)
3(110 88 136)
3(137 88 110)
3(137 136 88)
3(137 110 136)
3(136 110 109)
3(110 137 89)
3(137 88 89)
3(111 89 137)
3(138 89 111)
3(138 137 89)
3(138 111 137)
3(137 111 110)
3(111 138 90)
3(138 89 90)
3(112 90 138)
3(139 90 112)
3(139 138 90)
3(139 112 138)
3(138 112 111)
3(112 139 91)
3(139 90 91)
3(113 91 139)
3(140 91 113)
3(140 139 91)
3(140 113 139)
3(139 113 112)
3(113 140 92)
3(140 91 92)
3(114 92 140)
3(141 92 114)
3(141 140 92)
3(141 114 140)
3(140 114 113)
3(114 141 93)
3(141 92 93)
3(115 93 141)
3(142 93 115)
3(142 141 93)
3(142 115 141)
3(141 115 114)
3(115 142 25)
3(142 93 25)
3(103 25 142)
3(106 142 25)
3(106 103 142)
3(142 103 115)
3(30 28 67)
3(6 30 67)
3(67 116 30)
3(134 116 67)
3(134 67 30)
3(134 30 116)
3(30 28 116)
3(134 116 68)
3(67 134 68)
3(68 117 134)
3(135 117 68)
3(135 68 134)
3(135 134 117)
3(134 116 117)
3(135 117 69)
3(68 135 69)
3(69 118 135)
3(136 118 69)
3(136 69 135)
3(136 135 118)
3(135 117 118)
3(136 118 70)
3(69 136 70)
3(70 119 136)
3(137 119 70)
3(137 70 136)
3(137 136 119)
3(136 118 119)
3(137 119 71)
3(70 137 71)
3(71 120 137)
3(138 120 71)
3(138 71 137)
3(138 137 120)
3(137 119 120)
3(138 120 72)
3(71 138 72)
3(72 121 138)
3(139 121 72)
3(139 72 138)
3(139 138 121)
3(138 120 121)
3(139 121 73)
3(72 139 73)
3(73 122 139)
3(140 122 73)
3(140 73 139)
3(140 139 122)
3(139 121 122)
3(140 122 74)
3(73 140 74)
3(74 123 140)
3(141 123 74)
3(141 74 140)
3(141 140 123)
3(140 122 123)
3(141 123 75)
3(74 141 75)
3(75 124 141)
3(142 124 75)
3(142 75 141)
3(142 141 124)
3(141 123 124)
3(142 124 23)
3(75 142 23)
3(23 104 142)
3(106 23 142)
3(106 142 104)
3(142 124 104)
3(0 29 107)
3(0 107 27)
3(29 27 107)
3(10 107 29)
3(125 107 10)
3(125 10 29)
3(125 29 107)
3(29 10 0)
3(10 107 0)
3(10 125 108)
3(10 108 107)
3(125 107 108)
3(11 108 125)
3(126 108 11)
3(126 11 125)
3(126 125 108)
3(125 11 10)
3(11 108 10)
3(11 126 109)
3(11 109 108)
3(126 108 109)
3(12 109 126)
3(127 109 12)
3(127 12 126)
3(127 126 109)
3(126 12 11)
3(12 109 11)
3(12 127 110)
3(12 110 109)
3(127 109 110)
3(13 110 127)
3(128 110 13)
3(128 13 127)
3(128 127 110)
3(127 13 12)
3(13 110 12)
3(13 128 111)
3(13 111 110)
3(128 110 111)
3(14 111 128)
3(129 111 14)
3(129 14 128)
3(129 128 111)
3(128 14 13)
3(14 111 13)
3(14 129 112)
3(14 112 111)
3(129 111 112)
3(15 112 129)
3(130 112 15)
3(130 15 129)
3(130 129 112)
3(129 15 14)
3(15 112 14)
3(15 130 113)
3(15 113 112)
3(130 112 113)
3(16 113 130)
3(131 113 16)
3(131 16 130)
3(131 130 113)
3(130 16 15)
3(16 113 15)
3(16 131 114)
3(16 114 113)
3(131 113 114)
3(17 114 131)
3(132 114 17)
3(132 17 131)
3(132 131 114)
3(131 17 16)
3(17 114 16)
3(17 132 115)
3(17 115 114)
3(132 114 115)
3(18 115 132)
3(133 115 18)
3(133 18 132)
3(133 132 115)
3(132 18 17)
3(18 115 17)
3(18 133 103)
3(18 103 115)
3(133 115 103)
3(1 103 133)
3(105 1 133)
3(105 133 103)
3(133 1 18)
3(1 103 18)
3(28 29 49)
3(29 4 49)
3(28 49 4)
3(116 49 29)
3(125 49 116)
3(125 29 49)
3(125 116 29)
3(116 49 28)
3(29 116 28)
3(116 125 50)
3(125 49 50)
3(116 50 49)
3(117 50 125)
3(126 50 117)
3(126 125 50)
3(126 117 125)
3(117 50 116)
3(125 117 116)
3(117 126 51)
3(126 50 51)
3(117 51 50)
3(118 51 126)
3(127 51 118)
3(127 126 51)
3(127 118 126)
3(118 51 117)
3(126 118 117)
3(118 127 52)
3(127 51 52)
3(118 52 51)
3(119 52 127)
3(128 52 119)
3(128 127 52)
3(128 119 127)
3(119 52 118)
3(127 119 118)
3(119 128 53)
3(128 52 53)
3(119 53 52)
3(120 53 128)
3(129 53 120)
3(129 128 53)
3(129 120 128)
3(120 53 119)
3(128 120 119)
3(120 129 54)
3(129 53 54)
3(120 54 53)
3(121 54 129)
3(130 54 121)
3(130 129 54)
3(130 121 129)
3(121 54 120)
3(129 121 120)
3(121 130 55)
3(130 54 55)
3(121 55 54)
3(122 55 130)
3(131 55 122)
3(131 130 55)
3(131 122 130)
3(122 55 121)
3(130 122 121)
3(122 131 56)
3(131 55 56)
3(122 56 55)
3(123 56 131)
3(132 56 123)
3(132 131 56)
3(132 123 131)
3(123 56 122)
3(131 123 122)
3(123 132 57)
3(132 56 57)
3(123 57 56)
3(124 57 132)
3(133 57 124)
3(133 132 57)
3(133 124 132)
3(124 57 123)
3(132 124 123)
3(124 133 21)
3(133 57 21)
3(124 21 57)
3(104 21 133)
3(105 133 21)
3(105 104 133)
3(104 21 124)
3(133 104 124)
3(2 29 10)
3(31 10 29)
3(125 10 31)
3(125 31 29)
3(29 31 2)
3(31 125 11)
3(32 11 125)
3(126 11 32)
3(126 32 125)
3(125 32 31)
3(32 126 12)
3(33 12 126)
3(127 12 33)
3(127 33 126)
3(126 33 32)
3(33 127 13)
3(34 13 127)
3(128 13 34)
3(128 34 127)
3(127 34 33)
3(34 128 14)
3(35 14 128)
3(129 14 35)
3(129 35 128)
3(128 35 34)
3(35 129 15)
3(36 15 129)
3(130 15 36)
3(130 36 129)
3(129 36 35)
3(36 130 16)
3(37 16 130)
3(131 16 37)
3(131 37 130)
3(130 37 36)
3(37 131 17)
3(38 17 131)
3(132 17 38)
3(132 38 131)
3(131 38 37)
3(38 132 18)
3(39 18 132)
3(133 18 39)
3(133 39 132)
3(132 39 38)
3(39 133 1)
3(19 1 133)
3(105 19 133)
3(133 19 39)
3(4 29 40)
3(29 3 40)
3(49 40 29)
3(125 40 49)
3(125 29 40)
3(49 125 41)
3(125 40 41)
3(50 41 125)
3(126 41 50)
3(126 125 41)
3(50 126 42)
3(126 41 42)
3(51 42 126)
3(127 42 51)
3(127 126 42)
3(51 127 43)
3(127 42 43)
3(52 43 127)
3(128 43 52)
3(128 127 43)
3(52 128 44)
3(128 43 44)
3(53 44 128)
3(129 44 53)
3(129 128 44)
3(53 129 45)
3(129 44 45)
3(54 45 129)
3(130 45 54)
3(130 129 45)
3(54 130 46)
3(130 45 46)
3(55 46 130)
3(131 46 55)
3(131 130 46)
3(55 131 47)
3(131 46 47)
3(56 47 131)
3(132 47 56)
3(132 131 47)
3(56 132 48)
3(132 47 48)
3(57 48 132)
3(133 48 57)
3(133 132 48)
3(57 133 20)
3(133 48 20)
3(21 20 133)
3(105 133 20)
3(0 27 94)
3(107 0 94)
3(107 94 10)
3(10 107 95)
3(108 10 95)
3(108 95 11)
3(11 108 96)
3(109 11 96)
3(109 96 12)
3(12 109 97)
3(110 12 97)
3(110 97 13)
3(13 110 98)
3(111 13 98)
3(111 98 14)
3(14 111 99)
3(112 14 99)
3(112 99 15)
3(15 112 100)
3(113 15 100)
3(113 100 16)
3(16 113 101)
3(114 16 101)
3(114 101 17)
3(17 114 102)
3(115 17 102)
3(115 102 18)
3(18 115 26)
3(103 18 26)
3(5 28 49)
3(58 49 28)
3(116 49 58)
3(58 116 50)
3(59 50 116)
3(117 50 59)
3(59 117 51)
3(60 51 117)
3(118 51 60)
3(60 118 52)
3(61 52 118)
3(119 52 61)
3(61 119 53)
3(62 53 119)
3(120 53 62)
3(62 120 54)
3(63 54 120)
3(121 54 63)
3(63 121 55)
3(64 55 121)
3(122 55 64)
3(64 122 56)
3(65 56 122)
3(123 56 65)
3(65 123 57)
3(66 57 123)
3(124 57 66)
3(66 124 21)
3(22 21 124)
3(7 30 67)
3(76 67 30)
3(134 67 76)
3(134 76 30)
3(30 76 7)
3(76 134 68)
3(77 68 134)
3(135 68 77)
3(135 77 134)
3(134 77 76)
3(77 135 69)
3(78 69 135)
3(136 69 78)
3(136 78 135)
3(135 78 77)
3(78 136 70)
3(79 70 136)
3(137 70 79)
3(137 79 136)
3(136 79 78)
3(79 137 71)
3(80 71 137)
3(138 71 80)
3(138 80 137)
3(137 80 79)
3(80 138 72)
3(81 72 138)
3(139 72 81)
3(139 81 138)
3(138 81 80)
3(81 139 73)
3(82 73 139)
3(140 73 82)
3(140 82 139)
3(139 82 81)
3(82 140 74)
3(83 74 140)
3(141 74 83)
3(141 83 140)
3(140 83 82)
3(83 141 75)
3(84 75 141)
3(142 75 84)
3(142 84 141)
3(141 84 83)
3(84 142 23)
3(24 23 142)
3(106 24 142)
3(142 24 84)
3(8 30 76)
3(85 76 30)
3(134 76 85)
3(85 134 77)
3(86 77 134)
3(135 77 86)
3(86 135 78)
3(87 78 135)
3(136 78 87)
3(87 136 79)
3(88 79 136)
3(137 79 88)
3(88 137 80)
3(89 80 137)
3(138 80 89)
3(89 138 81)
3(90 81 138)
3(139 81 90)
3(90 139 82)
3(91 82 139)
3(140 82 91)
3(91 140 83)
3(92 83 140)
3(141 83 92)
3(92 141 84)
3(93 84 141)
3(142 84 93)
3(93 142 24)
3(25 24 142)
3(28 30 107)
3(28 107 27)
3(116 107 30)
3(134 107 116)
3(116 107 28)
3(116 134 108)
3(116 108 107)
3(117 108 134)
3(135 108 117)
3(117 108 116)
3(117 135 109)
3(117 109 108)
3(118 109 135)
3(136 109 118)
3(118 109 117)
3(118 136 110)
3(118 110 109)
3(119 110 136)
3(137 110 119)
3(119 110 118)
3(119 137 111)
3(119 111 110)
3(120 111 137)
3(138 111 120)
3(120 111 119)
3(120 138 112)
3(120 112 111)
3(121 112 138)
3(139 112 121)
3(121 112 120)
3(121 139 113)
3(121 113 112)
3(122 113 139)
3(140 113 122)
3(122 113 121)
3(122 140 114)
3(122 114 113)
3(123 114 140)
3(141 114 123)
3(123 114 122)
3(123 141 115)
3(123 115 114)
3(124 115 141)
3(142 115 124)
3(124 115 123)
3(124 142 103)
3(124 103 115)
3(104 103 142)
3(104 103 124)
3(29 28 107)
3(107 116 29)
3(125 116 107)
3(125 116 108)
3(108 117 125)
3(126 117 108)
3(126 117 109)
3(109 118 126)
3(127 118 109)
3(127 118 110)
3(110 119 127)
3(128 119 110)
3(128 119 111)
3(111 120 128)
3(129 120 111)
3(129 120 112)
3(112 121 129)
3(130 121 112)
3(130 121 113)
3(113 122 130)
3(131 122 113)
3(131 122 114)
3(114 123 131)
3(132 123 114)
3(132 123 115)
3(115 124 132)
3(133 124 115)
3(133 124 103)
3(103 104 133)
3(3 29 31)
3(40 31 29)
3(125 31 40)
3(40 125 32)
3(41 32 125)
3(126 32 41)
3(41 126 33)
3(42 33 126)
3(127 33 42)
3(42 127 34)
3(43 34 127)
3(128 34 43)
3(43 128 35)
3(44 35 128)
3(129 35 44)
3(44 129 36)
3(45 36 129)
3(130 36 45)
3(45 130 37)
3(46 37 130)
3(131 37 46)
3(46 131 38)
3(47 38 131)
3(132 38 47)
3(47 132 39)
3(48 39 132)
3(133 39 48)
3(48 133 19)
3(20 19 133)
3(6 58 5)
3(67 58 6)
3(67 59 58)
3(68 59 67)
3(68 60 59)
3(69 60 68)
3(69 61 60)
3(70 61 69)
3(70 62 61)
3(71 62 70)
3(71 63 62)
3(72 63 71)
3(72 64 63)
3(73 64 72)
3(73 65 64)
3(74 65 73)
3(74 66 65)
3(75 66 74)
3(75 22 66)
3(23 22 75)
3(9 85 8)
3(94 85 9)
3(94 86 85)
3(95 86 94)
3(95 87 86)
3(96 87 95)
3(96 88 87)
3(97 88 96)
3(97 89 88)
3(98 89 97)
3(98 90 89)
3(99 90 98)
3(99 91 90)
3(100 91 99)
3(100 92 91)
3(101 92 100)
3(101 93 92)
3(102 93 101)
3(102 25 93)
3(26 25 102)
3(2 10 0)
3(31 10 2)
3(31 11 10)
3(32 11 31)
3(32 12 11)
3(33 12 32)
3(33 13 12)
3(34 13 33)
3(34 14 13)
3(35 14 34)
3(35 15 14)
3(36 15 35)
3(36 16 15)
3(37 16 36)
3(37 17 16)
3(38 17 37)
3(38 18 17)
3(39 18 38)
3(39 1 18)
3(19 1 39)
3(4 40 3)
3(49 40 4)
3(49 41 40)
3(50 41 49)
3(50 42 41)
3(51 42 50)
3(51 43 42)
3(52 43 51)
3(52 44 43)
3(53 44 52)
3(53 45 44)
3(54 45 53)
3(54 46 45)
3(55 46 54)
3(55 47 46)
3(56 47 55)
3(56 48 47)
3(57 48 56)
3(57 20 48)
3(21 20 57)
3(0 94 9)
3(10 94 0)
3(10 95 94)
3(11 95 10)
3(11 96 95)
3(12 96 11)
3(12 97 96)
3(13 97 12)
3(13 98 97)
3(14 98 13)
3(14 99 98)
3(15 99 14)
3(15 100 99)
3(16 100 15)
3(16 101 100)
3(17 101 16)
3(17 102 101)
3(18 102 17)
3(18 26 102)
3(1 26 18)
3(5 49 4)
3(58 49 5)
3(58 50 49)
3(59 50 58)
3(59 51 50)
3(60 51 59)
3(60 52 51)
3(61 52 60)
3(61 53 52)
3(62 53 61)
3(62 54 53)
3(63 54 62)
3(63 55 54)
3(64 55 63)
3(64 56 55)
3(65 56 64)
3(65 57 56)
3(66 57 65)
3(66 21 57)
3(22 21 66)
3(7 67 6)
3(76 67 7)
3(76 68 67)
3(77 68 76)
3(77 69 68)
3(78 69 77)
3(78 70 69)
3(79 70 78)
3(79 71 70)
3(80 71 79)
3(80 72 71)
3(81 72 80)
3(81 73 72)
3(82 73 81)
3(82 74 73)
3(83 74 82)
3(83 75 74)
3(84 75 83)
3(84 23 75)
3(24 23 84)
3(8 76 7)
3(85 76 8)
3(85 77 76)
3(86 77 85)
3(86 78 77)
3(87 78 86)
3(87 79 78)
3(88 79 87)
3(88 80 79)
3(89 80 88)
3(89 81 80)
3(90 81 89)
3(90 82 81)
3(91 82 90)
3(91 83 82)
3(92 83 91)
3(92 84 83)
3(93 84 92)
3(93 24 84)
3(25 24 93)
3(3 31 2)
3(40 31 3)
3(40 32 31)
3(41 32 40)
3(41 33 32)
3(42 33 41)
3(42 34 33)
3(43 34 42)
3(43 35 34)
3(44 35 43)
3(44 36 35)
3(45 36 44)
3(45 37 36)
3(46 37 45)
3(46 38 37)
3(47 38 46)
3(47 39 38)
3(48 39 47)
3(48 19 39)
3(20 19 48)
3(6 5 28)
3(104 22 23)
3(9 8 27)
3(103 25 26)
3(27 8 30)
3(106 25 103)
3(6 28 30)
3(106 104 23)
3(0 27 29)
3(105 103 1)
3(28 4 29)
3(105 21 104)
3(2 0 29)
3(105 1 19)
3(4 3 29)
3(105 20 21)
3(0 9 27)
3(103 26 1)
3(5 4 28)
3(104 21 22)
3(7 6 30)
3(106 23 24)
3(8 7 30)
3(106 24 25)
3(28 27 30)
3(106 103 104)
3(27 28 29)
3(105 104 103)
3(3 2 29)
3(105 19 20)
)


// ************************************************************************* //
