/*--------------------------------*- C++ -*----------------------------------*\
| =========                 |                                                 |
| \\      /  F ield         | OpenFOAM: The Open Source CFD Toolbox           |
|  \\    /   O peration     | Version:  2412                                  |
|   \\  /    A nd           | Website:  www.openfoam.com                      |
|    \\/     M anipulation  |                                                 |
\*---------------------------------------------------------------------------*/
FoamFile
{
    version     2.0;
    format      ascii;
    arch        "LSB;label=32;scalar=64";
    note        "nPoints:143  nCells:450  nFaces:1005  nInternalFaces:795";
    class       labelList;
    location    "constant/heater_7/polyMesh";
    object      neighbour;
}
// * * * * * * * * * * * * * * * * * * * * * * * * * * * * * * * * * * * * * //


795
(
2
272
2
3
92
271
90
5
275
5
6
95
274
93
8
278
8
9
98
277
96
11
281
11
12
101
280
99
14
284
14
15
104
283
102
17
287
17
18
107
286
105
20
290
20
21
110
289
108
23
293
23
24
113
292
111
26
296
26
27
116
295
114
29
299
29
119
298
117
32
60
32
33
62
242
240
35
63
35
36
65
245
243
38
66
38
39
68
248
246
41
69
41
42
71
251
249
44
72
44
45
74
254
252
47
75
47
48
77
257
255
50
78
50
51
80
260
258
53
81
53
54
83
263
261
56
84
56
57
86
266
264
59
87
59
89
269
267
62
332
62
63
331
361
360
65
335
65
66
334
364
363
68
338
68
69
337
367
366
71
341
71
72
340
370
369
74
344
74
75
343
373
372
77
347
77
78
346
376
375
80
350
80
81
349
379
378
83
353
83
84
352
382
381
86
356
86
87
355
385
384
89
359
89
358
388
387
92
300
92
93
301
361
362
95
303
95
96
304
364
365
98
306
98
99
307
367
368
101
309
101
102
310
370
371
104
312
104
105
313
373
374
107
315
107
108
316
376
377
110
318
110
111
319
379
380
113
321
113
114
322
382
383
116
324
116
117
325
385
386
119
327
119
328
388
389
122
242
390
122
123
181
391
180
241
125
245
393
125
126
184
394
183
244
128
248
396
128
129
187
397
186
247
131
251
399
131
132
190
400
189
250
134
254
402
134
135
193
403
192
253
137
257
405
137
138
196
406
195
256
140
260
408
140
141
199
409
198
259
143
263
411
143
144
202
412
201
262
146
266
414
146
147
205
415
204
265
149
269
417
149
208
418
207
268
152
212
270
152
153
211
391
271
392
155
215
273
155
156
214
394
274
395
158
218
276
158
159
217
397
277
398
161
221
279
161
162
220
400
280
401
164
224
282
164
165
223
403
283
404
167
227
285
167
168
226
406
286
407
170
230
288
170
171
229
409
289
410
173
233
291
173
174
232
412
292
413
176
236
294
176
177
235
415
295
416
179
239
297
179
238
418
298
419
182
182
183
421
420
185
185
186
424
423
188
188
189
427
426
191
191
192
430
429
194
194
195
433
432
197
197
198
436
435
200
200
201
439
438
203
203
204
442
441
206
206
207
445
444
209
209
448
447
212
422
212
213
421
215
425
215
216
424
218
428
218
219
427
221
431
221
222
430
224
434
224
225
433
227
437
227
228
436
230
440
230
231
439
233
443
233
234
442
236
446
236
237
445
239
449
239
448
242
242
243
245
245
246
248
248
249
251
251
252
254
254
255
257
257
258
260
260
261
263
263
264
266
266
267
269
269
272
272
273
275
275
276
278
278
279
281
281
282
284
284
285
287
287
288
290
290
291
293
293
294
296
296
297
299
299
302
302
303
331
330
305
305
306
334
333
308
308
309
337
336
311
311
312
340
339
314
314
315
343
342
317
317
318
346
345
320
320
321
349
348
323
323
324
352
351
326
326
327
355
354
329
329
358
357
332
332
333
335
335
336
338
338
339
341
341
342
344
344
345
347
347
348
350
350
351
353
353
354
356
356
357
359
359
362
390
362
363
392
365
393
365
366
395
368
396
368
369
398
371
399
371
372
401
374
402
374
375
404
377
405
377
378
407
380
408
380
381
410
383
411
383
384
413
386
414
386
387
416
389
417
389
419
392
392
393
395
395
396
398
398
399
401
401
402
404
404
405
407
407
408
410
410
411
413
413
414
416
416
417
419
419
422
422
423
425
425
426
428
428
429
431
431
432
434
434
435
437
437
438
440
440
441
443
443
444
446
446
447
449
449
)


// ************************************************************************* //
