/*--------------------------------*- C++ -*----------------------------------*\
| =========                 |                                                 |
| \\      /  F ield         | OpenFOAM: The Open Source CFD Toolbox           |
|  \\    /   O peration     | Version:  2412                                  |
|   \\  /    A nd           | Website:  www.openfoam.com                      |
|    \\/     M anipulation  |                                                 |
\*---------------------------------------------------------------------------*/
FoamFile
{
    version     2.0;
    format      ascii;
    arch        "LSB;label=32;scalar=64";
    note        "nPoints:143  nCells:450  nFaces:1005  nInternalFaces:795";
    class       labelList;
    location    "constant/heater_7/polyMesh";
    object      owner;
}
// * * * * * * * * * * * * * * * * * * * * * * * * * * * * * * * * * * * * * //


1005
(
0
0
1
1
1
1
2
3
3
4
4
4
4
5
6
6
7
7
7
7
8
9
9
10
10
10
10
11
12
12
13
13
13
13
14
15
15
16
16
16
16
17
18
18
19
19
19
19
20
21
21
22
22
22
22
23
24
24
25
25
25
25
26
27
27
28
28
28
29
30
30
31
31
31
31
32
33
33
34
34
34
34
35
36
36
37
37
37
37
38
39
39
40
40
40
40
41
42
42
43
43
43
43
44
45
45
46
46
46
46
47
48
48
49
49
49
49
50
51
51
52
52
52
52
53
54
54
55
55
55
55
56
57
57
58
58
58
59
60
60
61
61
61
61
62
63
63
64
64
64
64
65
66
66
67
67
67
67
68
69
69
70
70
70
70
71
72
72
73
73
73
73
74
75
75
76
76
76
76
77
78
78
79
79
79
79
80
81
81
82
82
82
82
83
84
84
85
85
85
85
86
87
87
88
88
88
89
90
90
91
91
91
91
92
93
93
94
94
94
94
95
96
96
97
97
97
97
98
99
99
100
100
100
100
101
102
102
103
103
103
103
104
105
105
106
106
106
106
107
108
108
109
109
109
109
110
111
111
112
112
112
112
113
114
114
115
115
115
115
116
117
117
118
118
118
119
120
120
120
121
121
121
121
122
122
123
123
123
124
124
124
124
125
125
126
126
126
127
127
127
127
128
128
129
129
129
130
130
130
130
131
131
132
132
132
133
133
133
133
134
134
135
135
135
136
136
136
136
137
137
138
138
138
139
139
139
139
140
140
141
141
141
142
142
142
142
143
143
144
144
144
145
145
145
145
146
146
147
147
147
148
148
148
149
149
150
150
150
151
151
151
151
152
152
153
153
153
154
154
154
154
155
155
156
156
156
157
157
157
157
158
158
159
159
159
160
160
160
160
161
161
162
162
162
163
163
163
163
164
164
165
165
165
166
166
166
166
167
167
168
168
168
169
169
169
169
170
170
171
171
171
172
172
172
172
173
173
174
174
174
175
175
175
175
176
176
177
177
177
178
178
178
179
179
180
181
181
181
182
183
184
184
184
185
186
187
187
187
188
189
190
190
190
191
192
193
193
193
194
195
196
196
196
197
198
199
199
199
200
201
202
202
202
203
204
205
205
205
206
207
208
208
209
210
210
211
211
211
213
213
214
214
214
216
216
217
217
217
219
219
220
220
220
222
222
223
223
223
225
225
226
226
226
228
228
229
229
229
231
231
232
232
232
234
234
235
235
235
237
237
238
238
240
241
241
243
244
244
246
247
247
249
250
250
252
253
253
255
256
256
258
259
259
261
262
262
264
265
265
267
268
270
271
271
273
274
274
276
277
277
279
280
280
282
283
283
285
286
286
288
289
289
291
292
292
294
295
295
297
298
300
301
301
301
302
303
304
304
304
305
306
307
307
307
308
309
310
310
310
311
312
313
313
313
314
315
316
316
316
317
318
319
319
319
320
321
322
322
322
323
324
325
325
325
326
327
328
328
329
330
331
331
333
334
334
336
337
337
339
340
340
342
343
343
345
346
346
348
349
349
351
352
352
354
355
355
357
358
360
360
361
361
362
363
363
364
364
365
366
366
367
367
368
369
369
370
370
371
372
372
373
373
374
375
375
376
376
377
378
378
379
379
380
381
381
382
382
383
384
384
385
385
386
387
387
388
389
390
391
391
393
394
394
396
397
397
399
400
400
402
403
403
405
406
406
408
409
409
411
412
412
414
415
415
417
418
420
421
421
423
424
424
426
427
427
429
430
430
432
433
433
435
436
436
438
439
439
441
442
442
444
445
445
447
448
0
2
3
5
6
8
9
11
12
14
15
17
18
20
21
23
24
26
27
29
30
32
33
35
36
38
39
41
42
44
45
47
48
50
51
53
54
56
57
59
180
182
183
185
186
188
189
191
192
194
195
197
198
200
201
203
204
206
207
209
210
212
213
215
216
218
219
221
222
224
225
227
228
230
231
233
234
236
237
239
240
241
243
244
246
247
249
250
252
253
255
256
258
259
261
262
264
265
267
268
270
272
273
275
276
278
279
281
282
284
285
287
288
290
291
293
294
296
297
299
300
302
303
305
306
308
309
311
312
314
315
317
318
320
321
323
324
326
327
329
330
332
333
335
336
338
339
341
342
344
345
347
348
350
351
353
354
356
357
359
420
422
423
425
426
428
429
431
432
434
435
437
438
440
441
443
444
446
447
449
0
28
30
58
60
88
90
118
120
148
150
178
180
208
210
238
240
268
270
298
300
328
330
358
360
388
390
418
420
448
)


// ************************************************************************* //
