/*--------------------------------*- C++ -*----------------------------------*\
| =========                 |                                                 |
| \\      /  F ield         | OpenFOAM: The Open Source CFD Toolbox           |
|  \\    /   O peration     | Version:  2412                                  |
|   \\  /    A nd           | Website:  www.openfoam.com                      |
|    \\/     M anipulation  |                                                 |
\*---------------------------------------------------------------------------*/
FoamFile
{
    version     2.0;
    format      ascii;
    arch        "LSB;label=32;scalar=64";
    class       vectorField;
    location    "constant/heater_7/polyMesh";
    object      points;
}
// * * * * * * * * * * * * * * * * * * * * * * * * * * * * * * * * * * * * * //


143
(
(0.144 0.0275 0)
(0.144 0.0275 0.39)
(0.13990578 0.038748783 0)
(0.12953884 0.044734136 0)
(0.11775 0.042655445 0)
(0.11005538 0.033485353 0)
(0.11005538 0.021514647 0)
(0.11775 0.012344555 0)
(0.12953884 0.010265864 0)
(0.13990578 0.016251217 0)
(0.144 0.0275 0.039)
(0.144 0.0275 0.078)
(0.144 0.0275 0.117)
(0.144 0.0275 0.156)
(0.144 0.0275 0.195)
(0.144 0.0275 0.234)
(0.144 0.0275 0.273)
(0.144 0.0275 0.312)
(0.144 0.0275 0.351)
(0.13990578 0.038748783 0.39)
(0.12953884 0.044734136 0.39)
(0.11775 0.042655445 0.39)
(0.11005538 0.033485353 0.39)
(0.11005538 0.021514647 0.39)
(0.11775 0.012344555 0.39)
(0.12953884 0.010265864 0.39)
(0.13990578 0.016251217 0.39)
(0.13202757 0.024952272 0)
(0.12152185 0.030992804 0)
(0.13079067 0.034930573 0)
(0.12237667 0.020357243 0)
(0.13990578 0.038748783 0.039)
(0.13990578 0.038748783 0.078)
(0.13990578 0.038748783 0.117)
(0.13990578 0.038748783 0.156)
(0.13990578 0.038748783 0.195)
(0.13990578 0.038748783 0.234)
(0.13990578 0.038748783 0.273)
(0.13990578 0.038748783 0.312)
(0.13990578 0.038748783 0.351)
(0.12953884 0.044734136 0.039)
(0.12953884 0.044734136 0.078)
(0.12953884 0.044734136 0.117)
(0.12953884 0.044734136 0.156)
(0.12953884 0.044734136 0.195)
(0.12953884 0.044734136 0.234)
(0.12953884 0.044734136 0.273)
(0.12953884 0.044734136 0.312)
(0.12953884 0.044734136 0.351)
(0.11775 0.042655445 0.039)
(0.11775 0.042655445 0.078)
(0.11775 0.042655445 0.117)
(0.11775 0.042655445 0.156)
(0.11775 0.042655445 0.195)
(0.11775 0.042655445 0.234)
(0.11775 0.042655445 0.273)
(0.11775 0.042655445 0.312)
(0.11775 0.042655445 0.351)
(0.11005538 0.033485353 0.039)
(0.11005538 0.033485353 0.078)
(0.11005538 0.033485353 0.117)
(0.11005538 0.033485353 0.156)
(0.11005538 0.033485353 0.195)
(0.11005538 0.033485353 0.234)
(0.11005538 0.033485353 0.273)
(0.11005538 0.033485353 0.312)
(0.11005538 0.033485353 0.351)
(0.11005538 0.021514647 0.039)
(0.11005538 0.021514647 0.078)
(0.11005538 0.021514647 0.117)
(0.11005538 0.021514647 0.156)
(0.11005538 0.021514647 0.195)
(0.11005538 0.021514647 0.234)
(0.11005538 0.021514647 0.273)
(0.11005538 0.021514647 0.312)
(0.11005538 0.021514647 0.351)
(0.11775 0.012344555 0.039)
(0.11775 0.012344555 0.078)
(0.11775 0.012344555 0.117)
(0.11775 0.012344555 0.156)
(0.11775 0.012344555 0.195)
(0.11775 0.012344555 0.234)
(0.11775 0.012344555 0.273)
(0.11775 0.012344555 0.312)
(0.11775 0.012344555 0.351)
(0.12953884 0.010265864 0.039)
(0.12953884 0.010265864 0.078)
(0.12953884 0.010265864 0.117)
(0.12953884 0.010265864 0.156)
(0.12953884 0.010265864 0.195)
(0.12953884 0.010265864 0.234)
(0.12953884 0.010265864 0.273)
(0.12953884 0.010265864 0.312)
(0.12953884 0.010265864 0.351)
(0.13990578 0.016251217 0.039)
(0.13990578 0.016251217 0.078)
(0.13990578 0.016251217 0.117)
(0.13990578 0.016251217 0.156)
(0.13990578 0.016251217 0.195)
(0.13990578 0.016251217 0.234)
(0.13990578 0.016251217 0.273)
(0.13990578 0.016251217 0.312)
(0.13990578 0.016251217 0.351)
(0.13202757 0.024952272 0.39)
(0.12152185 0.030992804 0.39)
(0.13079067 0.034930573 0.39)
(0.12237667 0.020357243 0.39)
(0.13202757 0.024952272 0.039)
(0.13202757 0.024952272 0.078)
(0.13202757 0.024952272 0.117)
(0.13202757 0.024952272 0.156)
(0.13202757 0.024952272 0.195)
(0.13202757 0.024952272 0.234)
(0.13202757 0.024952272 0.273)
(0.13202757 0.024952272 0.312)
(0.13202757 0.024952272 0.351)
(0.12152185 0.030992804 0.039)
(0.12152185 0.030992804 0.078)
(0.12152185 0.030992804 0.117)
(0.12152185 0.030992804 0.156)
(0.12152185 0.030992804 0.195)
(0.12152185 0.030992804 0.234)
(0.12152185 0.030992804 0.273)
(0.12152185 0.030992804 0.312)
(0.12152185 0.030992804 0.351)
(0.13079067 0.034930573 0.039)
(0.13079067 0.034930573 0.078)
(0.13079067 0.034930573 0.117)
(0.13079067 0.034930573 0.156)
(0.13079067 0.034930573 0.195)
(0.13079067 0.034930573 0.234)
(0.13079067 0.034930573 0.273)
(0.13079067 0.034930573 0.312)
(0.13079067 0.034930573 0.351)
(0.12237667 0.020357243 0.039)
(0.12237667 0.020357243 0.078)
(0.12237667 0.020357243 0.117)
(0.12237667 0.020357243 0.156)
(0.12237667 0.020357243 0.195)
(0.12237667 0.020357243 0.234)
(0.12237667 0.020357243 0.273)
(0.12237667 0.020357243 0.312)
(0.12237667 0.020357243 0.351)
)


// ************************************************************************* //
