/*--------------------------------*- C++ -*----------------------------------*\
| =========                 |                                                 |
| \\      /  F ield         | OpenFOAM: The Open Source CFD Toolbox           |
|  \\    /   O peration     | Version:  2412                                  |
|   \\  /    A nd           | Website:  www.openfoam.com                      |
|    \\/     M anipulation  |                                                 |
\*---------------------------------------------------------------------------*/
FoamFile
{
    version     2.0;
    format      ascii;
    arch        "LSB;label=32;scalar=64";
    class       faceList;
    location    "constant/heater_5/polyMesh";
    object      faces;
}
// * * * * * * * * * * * * * * * * * * * * * * * * * * * * * * * * * * * * * //


1005
(
3(4 29 116)
3(4 116 28)
3(29 28 116)
3(49 116 29)
3(125 116 49)
3(125 49 29)
3(125 29 116)
3(49 116 4)
3(29 49 4)
3(49 125 117)
3(49 117 116)
3(125 116 117)
3(50 117 125)
3(126 117 50)
3(126 50 125)
3(126 125 117)
3(50 117 49)
3(125 50 49)
3(50 126 118)
3(50 118 117)
3(126 117 118)
3(51 118 126)
3(127 118 51)
3(127 51 126)
3(127 126 118)
3(51 118 50)
3(126 51 50)
3(51 127 119)
3(51 119 118)
3(127 118 119)
3(52 119 127)
3(128 119 52)
3(128 52 127)
3(128 127 119)
3(52 119 51)
3(127 52 51)
3(52 128 120)
3(52 120 119)
3(128 119 120)
3(53 120 128)
3(129 120 53)
3(129 53 128)
3(129 128 120)
3(53 120 52)
3(128 53 52)
3(53 129 121)
3(53 121 120)
3(129 120 121)
3(54 121 129)
3(130 121 54)
3(130 54 129)
3(130 129 121)
3(54 121 53)
3(129 54 53)
3(54 130 122)
3(54 122 121)
3(130 121 122)
3(55 122 130)
3(131 122 55)
3(131 55 130)
3(131 130 122)
3(55 122 54)
3(130 55 54)
3(55 131 123)
3(55 123 122)
3(131 122 123)
3(56 123 131)
3(132 123 56)
3(132 56 131)
3(132 131 123)
3(56 123 55)
3(131 56 55)
3(56 132 124)
3(56 124 123)
3(132 123 124)
3(57 124 132)
3(133 124 57)
3(133 57 132)
3(133 132 124)
3(57 124 56)
3(132 57 56)
3(57 133 104)
3(57 104 124)
3(133 124 104)
3(21 104 133)
3(105 21 133)
3(105 133 104)
3(21 104 57)
3(133 21 57)
3(4 28 40)
3(28 3 40)
3(116 4 40)
3(116 40 49)
3(28 40 116)
3(49 116 41)
3(116 40 41)
3(117 49 41)
3(117 41 50)
3(116 41 117)
3(50 117 42)
3(117 41 42)
3(118 50 42)
3(118 42 51)
3(117 42 118)
3(51 118 43)
3(118 42 43)
3(119 51 43)
3(119 43 52)
3(118 43 119)
3(52 119 44)
3(119 43 44)
3(120 52 44)
3(120 44 53)
3(119 44 120)
3(53 120 45)
3(120 44 45)
3(121 53 45)
3(121 45 54)
3(120 45 121)
3(54 121 46)
3(121 45 46)
3(122 54 46)
3(122 46 55)
3(121 46 122)
3(55 122 47)
3(122 46 47)
3(123 55 47)
3(123 47 56)
3(122 47 123)
3(56 123 48)
3(123 47 48)
3(124 56 48)
3(124 48 57)
3(123 48 124)
3(57 124 20)
3(124 48 20)
3(104 57 20)
3(124 20 104)
3(27 29 76)
3(29 7 76)
3(27 76 7)
3(107 76 29)
3(125 76 107)
3(125 29 76)
3(125 107 29)
3(107 76 27)
3(29 107 27)
3(107 125 77)
3(125 76 77)
3(107 77 76)
3(108 77 125)
3(126 77 108)
3(126 125 77)
3(126 108 125)
3(108 77 107)
3(125 108 107)
3(108 126 78)
3(126 77 78)
3(108 78 77)
3(109 78 126)
3(127 78 109)
3(127 126 78)
3(127 109 126)
3(109 78 108)
3(126 109 108)
3(109 127 79)
3(127 78 79)
3(109 79 78)
3(110 79 127)
3(128 79 110)
3(128 127 79)
3(128 110 127)
3(110 79 109)
3(127 110 109)
3(110 128 80)
3(128 79 80)
3(110 80 79)
3(111 80 128)
3(129 80 111)
3(129 128 80)
3(129 111 128)
3(111 80 110)
3(128 111 110)
3(111 129 81)
3(129 80 81)
3(111 81 80)
3(112 81 129)
3(130 81 112)
3(130 129 81)
3(130 112 129)
3(112 81 111)
3(129 112 111)
3(112 130 82)
3(130 81 82)
3(112 82 81)
3(113 82 130)
3(131 82 113)
3(131 130 82)
3(131 113 130)
3(113 82 112)
3(130 113 112)
3(113 131 83)
3(131 82 83)
3(113 83 82)
3(114 83 131)
3(132 83 114)
3(132 131 83)
3(132 114 131)
3(114 83 113)
3(131 114 113)
3(114 132 84)
3(132 83 84)
3(114 84 83)
3(115 84 132)
3(133 84 115)
3(133 132 84)
3(133 115 132)
3(115 84 114)
3(132 115 114)
3(115 133 24)
3(133 84 24)
3(115 24 84)
3(103 24 133)
3(105 133 24)
3(105 103 133)
3(103 24 115)
3(133 103 115)
3(7 29 67)
3(29 6 67)
3(76 67 29)
3(125 67 76)
3(125 29 67)
3(76 125 68)
3(125 67 68)
3(77 68 125)
3(126 68 77)
3(126 125 68)
3(77 126 69)
3(126 68 69)
3(78 69 126)
3(127 69 78)
3(127 126 69)
3(78 127 70)
3(127 69 70)
3(79 70 127)
3(128 70 79)
3(128 127 70)
3(79 128 71)
3(128 70 71)
3(80 71 128)
3(129 71 80)
3(129 128 71)
3(80 129 72)
3(129 71 72)
3(81 72 129)
3(130 72 81)
3(130 129 72)
3(81 130 73)
3(130 72 73)
3(82 73 130)
3(131 73 82)
3(131 130 73)
3(82 131 74)
3(131 73 74)
3(83 74 131)
3(132 74 83)
3(132 131 74)
3(83 132 75)
3(132 74 75)
3(84 75 132)
3(133 75 84)
3(133 132 75)
3(84 133 23)
3(133 75 23)
3(24 23 133)
3(105 133 23)
3(2 30 10)
3(30 0 10)
3(31 10 30)
3(134 10 31)
3(134 31 30)
3(134 30 10)
3(30 31 2)
3(31 134 11)
3(134 10 11)
3(32 11 134)
3(135 11 32)
3(135 32 134)
3(135 134 11)
3(134 32 31)
3(32 135 12)
3(135 11 12)
3(33 12 135)
3(136 12 33)
3(136 33 135)
3(136 135 12)
3(135 33 32)
3(33 136 13)
3(136 12 13)
3(34 13 136)
3(137 13 34)
3(137 34 136)
3(137 136 13)
3(136 34 33)
3(34 137 14)
3(137 13 14)
3(35 14 137)
3(138 14 35)
3(138 35 137)
3(138 137 14)
3(137 35 34)
3(35 138 15)
3(138 14 15)
3(36 15 138)
3(139 15 36)
3(139 36 138)
3(139 138 15)
3(138 36 35)
3(36 139 16)
3(139 15 16)
3(37 16 139)
3(140 16 37)
3(140 37 139)
3(140 139 16)
3(139 37 36)
3(37 140 17)
3(140 16 17)
3(38 17 140)
3(141 17 38)
3(141 38 140)
3(141 140 17)
3(140 38 37)
3(38 141 18)
3(141 17 18)
3(39 18 141)
3(142 18 39)
3(142 39 141)
3(142 141 18)
3(141 39 38)
3(39 142 1)
3(142 18 1)
3(19 1 142)
3(106 19 142)
3(106 142 1)
3(142 19 39)
3(8 30 107)
3(8 107 27)
3(30 27 107)
3(85 107 30)
3(134 107 85)
3(134 85 30)
3(134 30 107)
3(30 85 8)
3(85 107 8)
3(85 134 108)
3(85 108 107)
3(134 107 108)
3(86 108 134)
3(135 108 86)
3(135 86 134)
3(135 134 108)
3(134 86 85)
3(86 108 85)
3(86 135 109)
3(86 109 108)
3(135 108 109)
3(87 109 135)
3(136 109 87)
3(136 87 135)
3(136 135 109)
3(135 87 86)
3(87 109 86)
3(87 136 110)
3(87 110 109)
3(136 109 110)
3(88 110 136)
3(137 110 88)
3(137 88 136)
3(137 136 110)
3(136 88 87)
3(88 110 87)
3(88 137 111)
3(88 111 110)
3(137 110 111)
3(89 111 137)
3(138 111 89)
3(138 89 137)
3(138 137 111)
3(137 89 88)
3(89 111 88)
3(89 138 112)
3(89 112 111)
3(138 111 112)
3(90 112 138)
3(139 112 90)
3(139 90 138)
3(139 138 112)
3(138 90 89)
3(90 112 89)
3(90 139 113)
3(90 113 112)
3(139 112 113)
3(91 113 139)
3(140 113 91)
3(140 91 139)
3(140 139 113)
3(139 91 90)
3(91 113 90)
3(91 140 114)
3(91 114 113)
3(140 113 114)
3(92 114 140)
3(141 114 92)
3(141 92 140)
3(141 140 114)
3(140 92 91)
3(92 114 91)
3(92 141 115)
3(92 115 114)
3(141 114 115)
3(93 115 141)
3(142 115 93)
3(142 93 141)
3(142 141 115)
3(141 93 92)
3(93 115 92)
3(93 142 103)
3(93 103 115)
3(142 115 103)
3(25 103 142)
3(106 25 142)
3(106 142 103)
3(142 25 93)
3(25 103 93)
3(28 30 31)
3(28 31 2)
3(116 31 30)
3(134 31 116)
3(134 116 30)
3(116 31 28)
3(30 116 28)
3(116 134 32)
3(116 32 31)
3(117 32 134)
3(135 32 117)
3(135 117 134)
3(117 32 116)
3(134 117 116)
3(117 135 33)
3(117 33 32)
3(118 33 135)
3(136 33 118)
3(136 118 135)
3(118 33 117)
3(135 118 117)
3(118 136 34)
3(118 34 33)
3(119 34 136)
3(137 34 119)
3(137 119 136)
3(119 34 118)
3(136 119 118)
3(119 137 35)
3(119 35 34)
3(120 35 137)
3(138 35 120)
3(138 120 137)
3(120 35 119)
3(137 120 119)
3(120 138 36)
3(120 36 35)
3(121 36 138)
3(139 36 121)
3(139 121 138)
3(121 36 120)
3(138 121 120)
3(121 139 37)
3(121 37 36)
3(122 37 139)
3(140 37 122)
3(140 122 139)
3(122 37 121)
3(139 122 121)
3(122 140 38)
3(122 38 37)
3(123 38 140)
3(141 38 123)
3(141 123 140)
3(123 38 122)
3(140 123 122)
3(123 141 39)
3(123 39 38)
3(124 39 141)
3(142 39 124)
3(142 124 141)
3(124 39 123)
3(141 124 123)
3(124 142 19)
3(124 19 39)
3(104 19 142)
3(106 104 142)
3(104 19 124)
3(142 104 124)
3(5 29 49)
3(58 49 29)
3(125 49 58)
3(125 58 29)
3(29 58 5)
3(58 125 50)
3(59 50 125)
3(126 50 59)
3(126 59 125)
3(125 59 58)
3(59 126 51)
3(60 51 126)
3(127 51 60)
3(127 60 126)
3(126 60 59)
3(60 127 52)
3(61 52 127)
3(128 52 61)
3(128 61 127)
3(127 61 60)
3(61 128 53)
3(62 53 128)
3(129 53 62)
3(129 62 128)
3(128 62 61)
3(62 129 54)
3(63 54 129)
3(130 54 63)
3(130 63 129)
3(129 63 62)
3(63 130 55)
3(64 55 130)
3(131 55 64)
3(131 64 130)
3(130 64 63)
3(64 131 56)
3(65 56 131)
3(132 56 65)
3(132 65 131)
3(131 65 64)
3(65 132 57)
3(66 57 132)
3(133 57 66)
3(133 66 132)
3(132 66 65)
3(66 133 21)
3(22 21 133)
3(105 22 133)
3(133 22 66)
3(9 30 85)
3(94 85 30)
3(134 85 94)
3(134 94 30)
3(30 94 9)
3(94 134 86)
3(95 86 134)
3(135 86 95)
3(135 95 134)
3(134 95 94)
3(95 135 87)
3(96 87 135)
3(136 87 96)
3(136 96 135)
3(135 96 95)
3(96 136 88)
3(97 88 136)
3(137 88 97)
3(137 97 136)
3(136 97 96)
3(97 137 89)
3(98 89 137)
3(138 89 98)
3(138 98 137)
3(137 98 97)
3(98 138 90)
3(99 90 138)
3(139 90 99)
3(139 99 138)
3(138 99 98)
3(99 139 91)
3(100 91 139)
3(140 91 100)
3(140 100 139)
3(139 100 99)
3(100 140 92)
3(101 92 140)
3(141 92 101)
3(141 101 140)
3(140 101 100)
3(101 141 93)
3(102 93 141)
3(142 93 102)
3(142 102 141)
3(141 102 101)
3(102 142 25)
3(26 25 142)
3(106 26 142)
3(142 26 102)
3(3 28 31)
3(40 31 28)
3(116 31 40)
3(40 116 32)
3(41 32 116)
3(117 32 41)
3(41 117 33)
3(42 33 117)
3(118 33 42)
3(42 118 34)
3(43 34 118)
3(119 34 43)
3(43 119 35)
3(44 35 119)
3(120 35 44)
3(44 120 36)
3(45 36 120)
3(121 36 45)
3(45 121 37)
3(46 37 121)
3(122 37 46)
3(46 122 38)
3(47 38 122)
3(123 38 47)
3(47 123 39)
3(48 39 123)
3(124 39 48)
3(48 124 19)
3(20 19 124)
3(8 27 76)
3(107 8 76)
3(107 76 85)
3(85 107 77)
3(108 85 77)
3(108 77 86)
3(86 108 78)
3(109 86 78)
3(109 78 87)
3(87 109 79)
3(110 87 79)
3(110 79 88)
3(88 110 80)
3(111 88 80)
3(111 80 89)
3(89 111 81)
3(112 89 81)
3(112 81 90)
3(90 112 82)
3(113 90 82)
3(113 82 91)
3(91 113 83)
3(114 91 83)
3(114 83 92)
3(92 114 84)
3(115 92 84)
3(115 84 93)
3(93 115 24)
3(103 93 24)
3(28 29 107)
3(28 107 27)
3(116 107 29)
3(125 107 116)
3(116 107 28)
3(116 125 108)
3(116 108 107)
3(117 108 125)
3(126 108 117)
3(117 108 116)
3(117 126 109)
3(117 109 108)
3(118 109 126)
3(127 109 118)
3(118 109 117)
3(118 127 110)
3(118 110 109)
3(119 110 127)
3(128 110 119)
3(119 110 118)
3(119 128 111)
3(119 111 110)
3(120 111 128)
3(129 111 120)
3(120 111 119)
3(120 129 112)
3(120 112 111)
3(121 112 129)
3(130 112 121)
3(121 112 120)
3(121 130 113)
3(121 113 112)
3(122 113 130)
3(131 113 122)
3(122 113 121)
3(122 131 114)
3(122 114 113)
3(123 114 131)
3(132 114 123)
3(123 114 122)
3(123 132 115)
3(123 115 114)
3(124 115 132)
3(133 115 124)
3(124 115 123)
3(124 133 103)
3(124 103 115)
3(104 103 133)
3(104 103 124)
3(30 28 107)
3(107 116 30)
3(134 116 107)
3(134 116 108)
3(108 117 134)
3(135 117 108)
3(135 117 109)
3(109 118 135)
3(136 118 109)
3(136 118 110)
3(110 119 136)
3(137 119 110)
3(137 119 111)
3(111 120 137)
3(138 120 111)
3(138 120 112)
3(112 121 138)
3(139 121 112)
3(139 121 113)
3(113 122 139)
3(140 122 113)
3(140 122 114)
3(114 123 140)
3(141 123 114)
3(141 123 115)
3(115 124 141)
3(142 124 115)
3(142 124 103)
3(103 104 142)
3(0 30 94)
3(10 94 30)
3(134 94 10)
3(10 134 95)
3(11 95 134)
3(135 95 11)
3(11 135 96)
3(12 96 135)
3(136 96 12)
3(12 136 97)
3(13 97 136)
3(137 97 13)
3(13 137 98)
3(14 98 137)
3(138 98 14)
3(14 138 99)
3(15 99 138)
3(139 99 15)
3(15 139 100)
3(16 100 139)
3(140 100 16)
3(16 140 101)
3(17 101 140)
3(141 101 17)
3(17 141 102)
3(18 102 141)
3(142 102 18)
3(18 142 26)
3(1 26 142)
3(6 29 58)
3(67 58 29)
3(125 58 67)
3(67 125 59)
3(68 59 125)
3(126 59 68)
3(68 126 60)
3(69 60 126)
3(127 60 69)
3(69 127 61)
3(70 61 127)
3(128 61 70)
3(70 128 62)
3(71 62 128)
3(129 62 71)
3(71 129 63)
3(72 63 129)
3(130 63 72)
3(72 130 64)
3(73 64 130)
3(131 64 73)
3(73 131 65)
3(74 65 131)
3(132 65 74)
3(74 132 66)
3(75 66 132)
3(133 66 75)
3(75 133 22)
3(23 22 133)
3(4 40 3)
3(49 40 4)
3(49 41 40)
3(50 41 49)
3(50 42 41)
3(51 42 50)
3(51 43 42)
3(52 43 51)
3(52 44 43)
3(53 44 52)
3(53 45 44)
3(54 45 53)
3(54 46 45)
3(55 46 54)
3(55 47 46)
3(56 47 55)
3(56 48 47)
3(57 48 56)
3(57 20 48)
3(21 20 57)
3(7 67 6)
3(76 67 7)
3(76 68 67)
3(77 68 76)
3(77 69 68)
3(78 69 77)
3(78 70 69)
3(79 70 78)
3(79 71 70)
3(80 71 79)
3(80 72 71)
3(81 72 80)
3(81 73 72)
3(82 73 81)
3(82 74 73)
3(83 74 82)
3(83 75 74)
3(84 75 83)
3(84 23 75)
3(24 23 84)
3(2 10 0)
3(31 10 2)
3(31 11 10)
3(32 11 31)
3(32 12 11)
3(33 12 32)
3(33 13 12)
3(34 13 33)
3(34 14 13)
3(35 14 34)
3(35 15 14)
3(36 15 35)
3(36 16 15)
3(37 16 36)
3(37 17 16)
3(38 17 37)
3(38 18 17)
3(39 18 38)
3(39 1 18)
3(19 1 39)
3(5 49 4)
3(58 49 5)
3(58 50 49)
3(59 50 58)
3(59 51 50)
3(60 51 59)
3(60 52 51)
3(61 52 60)
3(61 53 52)
3(62 53 61)
3(62 54 53)
3(63 54 62)
3(63 55 54)
3(64 55 63)
3(64 56 55)
3(65 56 64)
3(65 57 56)
3(66 57 65)
3(66 21 57)
3(22 21 66)
3(9 85 8)
3(94 85 9)
3(94 86 85)
3(95 86 94)
3(95 87 86)
3(96 87 95)
3(96 88 87)
3(97 88 96)
3(97 89 88)
3(98 89 97)
3(98 90 89)
3(99 90 98)
3(99 91 90)
3(100 91 99)
3(100 92 91)
3(101 92 100)
3(101 93 92)
3(102 93 101)
3(102 25 93)
3(26 25 102)
3(3 31 2)
3(40 31 3)
3(40 32 31)
3(41 32 40)
3(41 33 32)
3(42 33 41)
3(42 34 33)
3(43 34 42)
3(43 35 34)
3(44 35 43)
3(44 36 35)
3(45 36 44)
3(45 37 36)
3(46 37 45)
3(46 38 37)
3(47 38 46)
3(47 39 38)
3(48 39 47)
3(48 19 39)
3(20 19 48)
3(8 76 7)
3(85 76 8)
3(85 77 76)
3(86 77 85)
3(86 78 77)
3(87 78 86)
3(87 79 78)
3(88 79 87)
3(88 80 79)
3(89 80 88)
3(89 81 80)
3(90 81 89)
3(90 82 81)
3(91 82 90)
3(91 83 82)
3(92 83 91)
3(92 84 83)
3(93 84 92)
3(93 24 84)
3(25 24 93)
3(0 94 9)
3(10 94 0)
3(10 95 94)
3(11 95 10)
3(11 96 95)
3(12 96 11)
3(12 97 96)
3(13 97 12)
3(13 98 97)
3(14 98 13)
3(14 99 98)
3(15 99 14)
3(15 100 99)
3(16 100 15)
3(16 101 100)
3(17 101 16)
3(17 102 101)
3(18 102 17)
3(18 26 102)
3(1 26 18)
3(6 58 5)
3(67 58 6)
3(67 59 58)
3(68 59 67)
3(68 60 59)
3(69 60 68)
3(69 61 60)
3(70 61 69)
3(70 62 61)
3(71 62 70)
3(71 63 62)
3(72 63 71)
3(72 64 63)
3(73 64 72)
3(73 65 64)
3(74 65 73)
3(74 66 65)
3(75 66 74)
3(75 22 66)
3(23 22 75)
3(4 28 29)
3(105 104 21)
3(4 3 28)
3(104 20 21)
3(27 7 29)
3(105 24 103)
3(7 6 29)
3(105 23 24)
3(2 0 30)
3(106 1 19)
3(8 27 30)
3(106 103 25)
3(28 2 30)
3(106 19 104)
3(5 4 29)
3(105 21 22)
3(9 8 30)
3(106 25 26)
3(3 2 28)
3(104 19 20)
3(8 7 27)
3(103 24 25)
3(28 27 29)
3(105 103 104)
3(27 28 30)
3(106 104 103)
3(0 9 30)
3(106 26 1)
3(6 5 29)
3(105 22 23)
)


// ************************************************************************* //
