/*--------------------------------*- C++ -*----------------------------------*\
| =========                 |                                                 |
| \\      /  F ield         | OpenFOAM: The Open Source CFD Toolbox           |
|  \\    /   O peration     | Version:  2412                                  |
|   \\  /    A nd           | Website:  www.openfoam.com                      |
|    \\/     M anipulation  |                                                 |
\*---------------------------------------------------------------------------*/
FoamFile
{
    version     2.0;
    format      ascii;
    arch        "LSB;label=32;scalar=64";
    class       labelList;
    location    "constant/heater_5/polyMesh";
    object      faceRegionAddressing;
}
// * * * * * * * * * * * * * * * * * * * * * * * * * * * * * * * * * * * * * //


1005
(
3016
3017
3018
3020
3021
3022
3023
3024
3025
3026
3027
3028
3029
3030
3031
3032
3033
3034
3035
3036
3037
3038
3039
3040
3041
3042
3043
3044
3045
3046
3047
3048
3049
3050
3051
3052
3053
3054
3055
3056
3057
3058
3059
3060
3061
3062
3063
3064
3065
3066
3067
3068
3069
3070
3071
3072
3073
3074
3075
3076
3077
3078
3079
3080
3081
3082
3083
3084
3085
3086
3087
3088
3089
3090
3091
3092
3093
3094
3095
3096
3097
3098
3099
3100
3101
3102
3103
3105
3106
3107
3108
3111
3112
3114
3115
3116
3118
3119
3121
3122
3123
3125
3126
3128
3129
3130
3132
3133
3135
3136
3137
3139
3140
3142
3143
3144
3146
3147
3149
3150
3151
3153
3154
3156
3157
3158
3160
3161
3163
3164
3165
3167
3168
3170
3171
3172
3174
3177
3178
3179
3180
3182
3183
3184
3185
3186
3187
3188
3189
3190
3191
3192
3193
3194
3195
3196
3197
3198
3199
3200
3201
3202
3203
3204
3205
3206
3207
3208
3209
3210
3211
3212
3213
3214
3215
3216
3217
3218
3219
3220
3221
3222
3223
3224
3225
3226
3227
3228
3229
3230
3231
3232
3233
3234
3235
3236
3237
3238
3239
3240
3241
3242
3243
3244
3245
3246
3247
3248
3249
3250
3251
3252
3253
3254
3255
3256
3257
3258
3259
3260
3261
3262
3263
3264
3265
3267
3268
3269
3270
3273
3274
3275
3277
3278
3280
3281
3282
3284
3285
3287
3288
3289
3291
3292
3294
3295
3296
3298
3299
3301
3302
3303
3305
3306
3308
3309
3310
3312
3313
3315
3316
3317
3319
3320
3322
3323
3324
3326
3327
3329
3330
3331
3333
3334
3336
3337
3340
3341
3344
3345
3346
3347
3348
3350
3351
3353
3354
3355
3356
3357
3359
3360
3362
3363
3364
3365
3366
3368
3369
3371
3372
3373
3374
3375
3377
3378
3380
3381
3382
3383
3384
3386
3387
3389
3390
3391
3392
3393
3395
3396
3398
3399
3400
3401
3402
3404
3405
3407
3408
3409
3410
3411
3413
3414
3416
3417
3418
3419
3420
3422
3423
3425
3426
3427
3429
3431
3432
3433
3435
3436
3437
3438
3439
3440
3441
3442
3443
3444
3445
3446
3447
3448
3449
3450
3451
3452
3453
3454
3455
3456
3457
3458
3459
3460
3461
3462
3463
3464
3465
3466
3467
3468
3469
3470
3471
3472
3473
3474
3475
3476
3477
3478
3479
3480
3481
3482
3483
3484
3485
3486
3487
3488
3489
3490
3491
3492
3493
3494
3495
3496
3497
3498
3499
3500
3501
3502
3503
3504
3505
3506
3507
3508
3509
3510
3511
3512
3513
3514
3515
3516
3517
3518
3520
3521
3522
3523
3525
3526
3527
3528
3529
3530
3531
3532
3533
3534
3535
3536
3537
3538
3539
3540
3541
3542
3543
3544
3545
3546
3547
3548
3549
3550
3551
3552
3553
3554
3555
3556
3557
3558
3559
3560
3561
3562
3563
3564
3565
3566
3567
3568
3569
3570
3571
3572
3573
3574
3575
3576
3577
3578
3579
3580
3581
3582
3583
3584
3585
3586
3587
3588
3589
3591
3592
3593
3596
3597
3598
3599
3601
3603
3604
3605
3606
3608
3610
3611
3612
3613
3615
3617
3618
3619
3620
3622
3624
3625
3626
3627
3629
3631
3632
3633
3634
3636
3638
3639
3640
3641
3643
3645
3646
3647
3648
3650
3652
3653
3654
3655
3657
3659
3660
3662
3664
3667
3668
3669
3670
3672
3674
3675
3676
3677
3679
3681
3682
3683
3684
3686
3688
3689
3690
3691
3693
3695
3696
3697
3698
3700
3702
3703
3704
3705
3707
3709
3710
3711
3712
3714
3716
3717
3718
3719
3721
3723
3724
3725
3726
3728
3730
3731
3733
3735
3738
3739
3741
3743
3744
3746
3748
3749
3751
3753
3754
3756
3758
3759
3761
3763
3764
3766
3768
3769
3771
3773
3774
3776
3778
3779
3781
3783
3786
3789
3790
3792
3794
3795
3797
3799
3800
3802
3804
3805
3807
3809
3810
3812
3814
3815
3817
3819
3820
3822
3824
3825
3827
3829
3830
3832
3834
3837
3838
3840
3841
3842
3843
3844
3845
3846
3847
3848
3849
3850
3851
3852
3853
3854
3855
3856
3857
3858
3859
3860
3861
3862
3863
3864
3865
3866
3867
3868
3869
3870
3871
3872
3873
3874
3875
3876
3877
3878
3879
3880
3881
3882
3883
3884
3885
3887
3888
3890
3891
3892
3893
3894
3895
3896
3897
3898
3899
3900
3901
3902
3903
3904
3905
3906
3907
3908
3909
3910
3911
3912
3913
3914
3915
3916
3917
3919
3922
3923
3925
3927
3928
3930
3932
3933
3935
3937
3938
3940
3942
3943
3945
3947
3948
3950
3952
3953
3955
3957
3958
3960
3962
3963
3965
3967
3970
3973
3974
3976
3978
3979
3981
3983
3984
3986
3988
3989
3991
3993
3994
3996
3998
3999
4001
4003
4004
4006
4008
4009
4011
4013
4014
4016
4018
3109
3113
3117
3120
3124
3127
3131
3134
3138
3141
3145
3148
3152
3155
3159
3162
3166
3169
3173
3175
3271
3276
3279
3283
3286
3290
3293
3297
3300
3304
3307
3311
3314
3318
3321
3325
3328
3332
3335
3339
3342
3349
3352
3358
3361
3367
3370
3376
3379
3385
3388
3394
3397
3403
3406
3412
3415
3421
3424
3430
3594
3600
3602
3607
3609
3614
3616
3621
3623
3628
3630
3635
3637
3642
3644
3649
3651
3656
3658
3663
3665
3671
3673
3678
3680
3685
3687
3692
3694
3699
3701
3706
3708
3713
3715
3720
3722
3727
3729
3734
3736
3740
3742
3745
3747
3750
3752
3755
3757
3760
3762
3765
3767
3770
3772
3775
3777
3780
3782
3785
3787
3791
3793
3796
3798
3801
3803
3806
3808
3811
3813
3816
3818
3821
3823
3826
3828
3831
3833
3835
3920
3924
3926
3929
3931
3934
3936
3939
3941
3944
3946
3949
3951
3954
3956
3959
3961
3964
3966
3969
3971
3975
3977
3980
3982
3985
3987
3990
3992
3995
3997
4000
4002
4005
4007
4010
4012
4015
4017
4020
3019
3104
3110
3176
3181
3266
3272
3338
3343
3428
3434
3519
3524
3590
3595
3661
3666
3732
3737
3784
3788
3836
3839
3886
3889
3918
3921
3968
3972
4019
)


// ************************************************************************* //
