/*--------------------------------*- C++ -*----------------------------------*\
| =========                 |                                                 |
| \\      /  F ield         | OpenFOAM: The Open Source CFD Toolbox           |
|  \\    /   O peration     | Version:  2412                                  |
|   \\  /    A nd           | Website:  www.openfoam.com                      |
|    \\/     M anipulation  |                                                 |
\*---------------------------------------------------------------------------*/
FoamFile
{
    version     2.0;
    format      ascii;
    arch        "LSB;label=32;scalar=64";
    note        "nPoints:143  nCells:450  nFaces:1005  nInternalFaces:795";
    class       labelList;
    location    "constant/heater_5/polyMesh";
    object      neighbour;
}
// * * * * * * * * * * * * * * * * * * * * * * * * * * * * * * * * * * * * * //


795
(
2
32
332
2
3
211
331
31
210
5
35
335
5
6
214
334
34
213
8
38
338
8
9
217
337
37
216
11
41
341
11
12
220
340
40
219
14
44
344
14
15
223
343
43
222
17
47
347
17
18
226
346
46
225
20
50
350
20
21
229
349
49
228
23
53
353
23
24
232
352
52
231
26
56
356
26
27
235
355
55
234
29
59
359
29
238
358
58
237
32
272
32
33
271
35
275
35
36
274
38
278
38
39
277
41
281
41
42
280
44
284
44
45
283
47
287
47
48
286
50
290
50
51
289
53
293
53
54
292
56
296
56
57
295
59
299
59
298
62
92
300
62
63
91
331
302
330
65
95
303
65
66
94
334
305
333
68
98
306
68
69
97
337
308
336
71
101
309
71
72
100
340
311
339
74
104
312
74
75
103
343
314
342
77
107
315
77
78
106
346
317
345
80
110
318
80
81
109
349
320
348
83
113
321
83
84
112
352
323
351
86
116
324
86
87
115
355
326
354
89
119
327
89
118
358
329
357
92
422
92
93
421
95
425
95
96
424
98
428
98
99
427
101
431
101
102
430
104
434
104
105
433
107
437
107
108
436
110
440
110
111
439
113
443
113
114
442
116
446
116
117
445
119
449
119
448
122
392
122
123
181
391
180
125
395
125
126
184
394
183
128
398
128
129
187
397
186
131
401
131
132
190
400
189
134
404
134
135
193
403
192
137
407
137
138
196
406
195
140
410
140
141
199
409
198
143
413
143
144
202
412
201
146
416
146
147
205
415
204
149
419
149
208
418
207
152
302
360
152
153
241
361
240
301
155
305
363
155
156
244
364
243
304
158
308
366
158
159
247
367
246
307
161
311
369
161
162
250
370
249
310
164
314
372
164
165
253
373
252
313
167
317
375
167
168
256
376
255
316
170
320
378
170
171
259
379
258
319
173
323
381
173
174
262
382
261
322
176
326
384
176
177
265
385
264
325
179
329
387
179
268
388
267
328
182
270
182
183
361
271
362
185
273
185
186
364
274
365
188
276
188
189
367
277
368
191
279
191
192
370
280
371
194
282
194
195
373
283
374
197
285
197
198
376
286
377
200
288
200
201
379
289
380
203
291
203
204
382
292
383
206
294
206
207
385
295
386
209
297
209
388
298
389
212
212
213
421
420
215
215
216
424
423
218
218
219
427
426
221
221
222
430
429
224
224
225
433
432
227
227
228
436
435
230
230
231
439
438
233
233
234
442
441
236
236
237
445
444
239
239
448
447
242
242
243
391
390
245
245
246
394
393
248
248
249
397
396
251
251
252
400
399
254
254
255
403
402
257
257
258
406
405
260
260
261
409
408
263
263
264
412
411
266
266
267
415
414
269
269
418
417
272
272
273
275
275
276
278
278
279
281
281
282
284
284
285
287
287
288
290
290
291
293
293
294
296
296
297
299
299
302
302
303
305
305
306
308
308
309
311
311
312
314
314
315
317
317
318
320
320
321
323
323
324
326
326
327
329
329
332
360
332
333
362
335
363
335
336
365
338
366
338
339
368
341
369
341
342
371
344
372
344
345
374
347
375
347
348
377
350
378
350
351
380
353
381
353
354
383
356
384
356
357
386
359
387
359
389
362
362
363
365
365
366
368
368
369
371
371
372
374
374
375
377
377
378
380
380
381
383
383
384
386
386
387
389
389
392
392
393
395
395
396
398
398
399
401
401
402
404
404
405
407
407
408
410
410
411
413
413
414
416
416
417
419
419
422
422
423
425
425
426
428
428
429
431
431
432
434
434
435
437
437
438
440
440
441
443
443
444
446
446
447
449
449
)


// ************************************************************************* //
