/*--------------------------------*- C++ -*----------------------------------*\
| =========                 |                                                 |
| \\      /  F ield         | OpenFOAM: The Open Source CFD Toolbox           |
|  \\    /   O peration     | Version:  2412                                  |
|   \\  /    A nd           | Website:  www.openfoam.com                      |
|    \\/     M anipulation  |                                                 |
\*---------------------------------------------------------------------------*/
FoamFile
{
    version     2.0;
    format      ascii;
    arch        "LSB;label=32;scalar=64";
    class       vectorField;
    location    "constant/heater_5/polyMesh";
    object      points;
}
// * * * * * * * * * * * * * * * * * * * * * * * * * * * * * * * * * * * * * //


143
(
(0.05 0.0275 0)
(0.05 0.0275 0.39)
(0.045905778 0.038748783 0)
(0.035538843 0.044734136 0)
(0.02375 0.042655445 0)
(0.016055379 0.033485353 0)
(0.016055379 0.021514647 0)
(0.02375 0.012344555 0)
(0.035538843 0.010265864 0)
(0.045905778 0.016251217 0)
(0.05 0.0275 0.039)
(0.05 0.0275 0.078)
(0.05 0.0275 0.117)
(0.05 0.0275 0.156)
(0.05 0.0275 0.195)
(0.05 0.0275 0.234)
(0.05 0.0275 0.273)
(0.05 0.0275 0.312)
(0.05 0.0275 0.351)
(0.045905778 0.038748783 0.39)
(0.035538843 0.044734136 0.39)
(0.02375 0.042655445 0.39)
(0.016055379 0.033485353 0.39)
(0.016055379 0.021514647 0.39)
(0.02375 0.012344555 0.39)
(0.035538843 0.010265864 0.39)
(0.045905778 0.016251217 0.39)
(0.031444621 0.021514647 0)
(0.033518592 0.033276722 0)
(0.02375 0.0275 0)
(0.04072231 0.024507324 0)
(0.045905778 0.038748783 0.039)
(0.045905778 0.038748783 0.078)
(0.045905778 0.038748783 0.117)
(0.045905778 0.038748783 0.156)
(0.045905778 0.038748783 0.195)
(0.045905778 0.038748783 0.234)
(0.045905778 0.038748783 0.273)
(0.045905778 0.038748783 0.312)
(0.045905778 0.038748783 0.351)
(0.035538843 0.044734136 0.039)
(0.035538843 0.044734136 0.078)
(0.035538843 0.044734136 0.117)
(0.035538843 0.044734136 0.156)
(0.035538843 0.044734136 0.195)
(0.035538843 0.044734136 0.234)
(0.035538843 0.044734136 0.273)
(0.035538843 0.044734136 0.312)
(0.035538843 0.044734136 0.351)
(0.02375 0.042655445 0.039)
(0.02375 0.042655445 0.078)
(0.02375 0.042655445 0.117)
(0.02375 0.042655445 0.156)
(0.02375 0.042655445 0.195)
(0.02375 0.042655445 0.234)
(0.02375 0.042655445 0.273)
(0.02375 0.042655445 0.312)
(0.02375 0.042655445 0.351)
(0.016055379 0.033485353 0.039)
(0.016055379 0.033485353 0.078)
(0.016055379 0.033485353 0.117)
(0.016055379 0.033485353 0.156)
(0.016055379 0.033485353 0.195)
(0.016055379 0.033485353 0.234)
(0.016055379 0.033485353 0.273)
(0.016055379 0.033485353 0.312)
(0.016055379 0.033485353 0.351)
(0.016055379 0.021514647 0.039)
(0.016055379 0.021514647 0.078)
(0.016055379 0.021514647 0.117)
(0.016055379 0.021514647 0.156)
(0.016055379 0.021514647 0.195)
(0.016055379 0.021514647 0.234)
(0.016055379 0.021514647 0.273)
(0.016055379 0.021514647 0.312)
(0.016055379 0.021514647 0.351)
(0.02375 0.012344555 0.039)
(0.02375 0.012344555 0.078)
(0.02375 0.012344555 0.117)
(0.02375 0.012344555 0.156)
(0.02375 0.012344555 0.195)
(0.02375 0.012344555 0.234)
(0.02375 0.012344555 0.273)
(0.02375 0.012344555 0.312)
(0.02375 0.012344555 0.351)
(0.035538843 0.010265864 0.039)
(0.035538843 0.010265864 0.078)
(0.035538843 0.010265864 0.117)
(0.035538843 0.010265864 0.156)
(0.035538843 0.010265864 0.195)
(0.035538843 0.010265864 0.234)
(0.035538843 0.010265864 0.273)
(0.035538843 0.010265864 0.312)
(0.035538843 0.010265864 0.351)
(0.045905778 0.016251217 0.039)
(0.045905778 0.016251217 0.078)
(0.045905778 0.016251217 0.117)
(0.045905778 0.016251217 0.156)
(0.045905778 0.016251217 0.195)
(0.045905778 0.016251217 0.234)
(0.045905778 0.016251217 0.273)
(0.045905778 0.016251217 0.312)
(0.045905778 0.016251217 0.351)
(0.031444621 0.021514647 0.39)
(0.033518592 0.033276722 0.39)
(0.02375 0.0275 0.39)
(0.04072231 0.024507324 0.39)
(0.031444621 0.021514647 0.039)
(0.031444621 0.021514647 0.078)
(0.031444621 0.021514647 0.117)
(0.031444621 0.021514647 0.156)
(0.031444621 0.021514647 0.195)
(0.031444621 0.021514647 0.234)
(0.031444621 0.021514647 0.273)
(0.031444621 0.021514647 0.312)
(0.031444621 0.021514647 0.351)
(0.033518592 0.033276722 0.039)
(0.033518592 0.033276722 0.078)
(0.033518592 0.033276722 0.117)
(0.033518592 0.033276722 0.156)
(0.033518592 0.033276722 0.195)
(0.033518592 0.033276722 0.234)
(0.033518592 0.033276722 0.273)
(0.033518592 0.033276722 0.312)
(0.033518592 0.033276722 0.351)
(0.02375 0.0275 0.039)
(0.02375 0.0275 0.078)
(0.02375 0.0275 0.117)
(0.02375 0.0275 0.156)
(0.02375 0.0275 0.195)
(0.02375 0.0275 0.234)
(0.02375 0.0275 0.273)
(0.02375 0.0275 0.312)
(0.02375 0.0275 0.351)
(0.04072231 0.024507324 0.039)
(0.04072231 0.024507324 0.078)
(0.04072231 0.024507324 0.117)
(0.04072231 0.024507324 0.156)
(0.04072231 0.024507324 0.195)
(0.04072231 0.024507324 0.234)
(0.04072231 0.024507324 0.273)
(0.04072231 0.024507324 0.312)
(0.04072231 0.024507324 0.351)
)


// ************************************************************************* //
