/*--------------------------------*- C++ -*----------------------------------*\
| =========                 |                                                 |
| \\      /  F ield         | OpenFOAM: The Open Source CFD Toolbox           |
|  \\    /   O peration     | Version:  2412                                  |
|   \\  /    A nd           | Website:  www.openfoam.com                      |
|    \\/     M anipulation  |                                                 |
\*---------------------------------------------------------------------------*/
FoamFile
{
    version     2.0;
    format      ascii;
    arch        "LSB;label=32;scalar=64";
    note        "nPoints:1459  nCells:5037  nFaces:11365  nInternalFaces:8783";
    class       labelList;
    location    "constant/inner_box/polyMesh";
    object      neighbour;
}
// * * * * * * * * * * * * * * * * * * * * * * * * * * * * * * * * * * * * * //


8783
(
165
1241
4069
4391
344
686
4289
4387
3
303
1261
166
4112
157
187
360
984
101
115
136
4296
7
882
4055
163
246
1007
3840
3848
4147
1005
3895
4183
4915
826
3513
4001
249
831
3794
58
823
998
14
268
770
82
445
90
1151
3961
382
2790
4920
19
113
491
3124
112
475
3985
4535
493
3814
3816
77
86
1212
1416
22
199
1112
208
307
155
1029
1236
4297
649
676
1174
349
3337
4003
300
348
3338
257
666
4070
93
204
1032
93
463
498
1291
1382
4349
119
1211
3871
57
1693
4030
4094
426
2892
4412
425
2893
4415
215
515
1010
37
3673
4723
4277
4651
39
3944
3948
3675
4153
325
827
3833
830
3556
4008
172
315
3131
4009
84
1993
3591
3864
85
1990
3592
3888
149
519
2219
3873
47
156
185
326
1691
102
236
275
379
83
111
312
441
61
3494
3911
3998
339
765
996
77
162
952
4312
55
381
656
56
688
1318
310
1316
82
4040
86
953
4029
708
1061
675
1504
4271
145
674
1503
62
4696
3707
4251
64
4253
4725
72
3709
463
716
1435
75
287
535
2077
116
184
223
390
3705
3854
3996
4190
3704
3798
3990
4192
71
1634
4356
1430
4354
3506
3936
3956
202
1347
4217
4817
135
334
3907
465
535
4023
509
733
1452
86
203
103
120
182
4000
245
331
649
237
241
1107
4197
147
352
3931
687
4187
267
290
1038
3988
4405
3889
4407
110
197
366
538
2298
89
194
260
350
1396
175
621
4393
209
1239
3906
235
693
1191
1266
213
4093
335
539
4939
452
3625
3982
4558
97
672
1475
630
4290
101
140
597
891
847
1123
4273
279
2082
4081
4930
115
140
275
647
1067
680
1746
3999
107
799
1364
106
358
652
269
1366
342
626
109
304
955
1768
4084
138
2199
4029
125
327
663
2300
3353
3822
2299
3350
3815
393
676
1508
121
4934
299
1059
4303
189
691
701
633
3574
3980
4021
272
749
2317
354
1055
1730
231
341
879
700
3574
3980
4555
188
263
286
1847
782
894
1675
267
500
561
1005
2801
3895
4180
1006
2802
3848
4511
548
3651
3861
4563
132
2003
4292
131
445
4185
2002
4188
983
4294
233
371
537
1779
141
380
4281
4286
3634
3894
4840
155
231
647
755
3443
3929
4541
203
4061
4063
332
928
2745
4291
1232
1280
280
385
1640
253
287
1139
2112
643
3578
3952
4017
226
1310
3999
4283
711
904
182
228
961
1300
3643
3835
4546
795
3578
3952
4543
150
2743
3953
3962
803
4068
4287
4816
813
3442
3973
4560
650
1099
2718
4306
297
723
2735
4207
982
4884
406
608
1439
333
625
1080
181
261
387
654
314
1576
4226
313
1575
4052
247
351
1454
4095
771
1176
4932
296
963
4054
176
204
839
627
909
2126
958
990
4120
452
3708
3982
4784
218
229
466
689
217
1140
1229
4302
671
956
4343
578
722
4284
4298
2884
3669
3977
3303
3670
3902
4010
175
2767
3959
3961
716
1442
221
282
319
908
196
698
3474
3924
913
1013
1676
912
1012
1674
413
934
2127
228
354
626
1132
4923
299
430
653
406
567
726
421
916
1515
1624
333
602
1357
289
1149
2328
733
1463
191
397
4332
1842
4926
213
464
498
351
418
457
4097
311
587
703
802
896
927
933
735
3494
3911
422
541
2772
211
757
3471
3928
542
1522
1703
677
1331
1444
202
611
4152
1323
273
4883
908
4092
237
842
968
1024
305
308
330
1539
403
1036
4206
542
737
742
522
844
2440
396
1358
1530
780
3491
3903
216
497
717
4248
580
785
699
1239
3398
3980
746
1304
4090
302
962
975
223
893
4876
219
688
454
652
320
362
570
4220
389
893
4163
715
1048
1056
2808
305
628
796
1151
3374
3952
755
1211
3395
3929
709
759
1420
462
464
664
256
363
466
946
1325
238
1245
1843
4148
379
563
255
797
3501
3935
395
595
883
274
572
1278
583
801
1954
261
614
1145
706
1052
338
1807
4138
401
508
1572
4245
813
1050
3383
3973
242
671
706
1852
259
812
3502
3858
586
1641
4938
629
1533
1663
1686
2174
460
729
4968
275
804
1145
1613
862
3293
251
2116
4332
1322
4329
276
605
637
4164
427
591
2752
262
265
383
696
837
3505
3950
283
390
653
627
1242
1829
301
1368
2448
4031
851
3507
3956
587
607
1582
264
1260
343
625
877
308
330
853
323
624
1067
383
752
988
318
549
1406
1591
1624
403
934
1260
326
967
1690
294
985
1595
272
3871
3926
2806
279
4471
4882
1559
1600
898
711
1295
531
4270
4408
404
508
538
906
1536
2321
448
552
778
364
499
576
1707
645
839
363
455
745
313
3824
4430
314
3811
4432
330
1134
1355
427
1131
304
420
1198
1265
1469
1847
2121
312
707
1245
320
362
533
561
439
524
568
4057
295
612
2007
4171
573
692
296
2017
4169
298
4838
1456
4874
792
1015
862
3153
3794
1049
1294
4032
316
423
4944
1738
1964
4469
1256
4085
419
430
1496
2829
4071
737
943
1678
504
1953
520
1301
1672
1202
2003
2029
888
917
1205
1043
1652
1991
3680
1986
3677
3796
4008
555
613
975
884
1769
4268
1010
1035
389
1526
499
527
322
1000
1011
603
1367
562
832
1379
455
995
1037
4028
3303
4010
726
1365
530
650
793
346
588
690
4056
543
550
1296
628
836
850
4193
1390
1802
3339
752
1818
780
3726
3903
1659
4375
4937
1388
2113
2795
436
610
1117
4219
1224
1614
4137
509
765
1312
386
577
636
1697
891
1183
1269
566
1212
1637
696
870
1203
384
411
521
388
532
721
1251
347
816
1780
4057
2800
3512
4406
2803
3513
4404
703
980
1822
415
730
838
3727
3950
677
715
1455
1066
1930
452
734
3707
3911
357
705
1324
1027
1087
1317
1432
1939
876
1197
1522
4083
571
602
2679
1291
1600
4397
1793
4222
974
1428
410
436
1424
394
595
2251
4150
404
541
1514
368
397
719
761
901
370
718
762
902
915
399
911
1176
1386
2106
2486
428
1408
3834
4216
525
807
3922
4378
444
1373
3890
4194
377
926
4481
4026
4089
4607
584
614
921
959
1581
1319
1363
1969
1175
1398
1496
644
1217
1014
1089
1142
779
4068
4286
638
914
4024
412
413
1183
589
1585
2887
553
605
455
1433
449
929
1358
661
987
2035
1103
4364
1043
1128
4149
595
763
1275
937
1278
1249
4924
629
858
880
763
771
918
580
785
1230
1335
907
1538
3856
403
977
1570
806
1359
568
738
998
556
1097
3305
4098
409
679
3308
4007
543
1296
1553
412
597
891
521
624
1031
1745
446
4005
4032
4256
418
1182
1337
548
851
3710
3956
435
1227
1620
642
1379
553
1193
1698
742
876
4085
1550
1606
1695
2268
4067
4172
625
685
870
429
1467
2016
862
3293
3672
2863
3674
4004
571
1660
3434
4212
4334
1468
1542
859
1098
482
806
4054
4168
543
615
2327
503
1088
1128
1547
442
695
959
4311
969
1061
610
748
723
782
2034
800
2033
4376
531
4270
4324
634
1530
1559
793
935
2297
846
1135
4310
1670
1692
2047
2374
3563
4103
4345
4186
4187
1885
2459
4031
448
623
2552
4281
552
2530
854
1512
451
918
953
4094
4965
530
739
865
1299
689
967
2307
4027
1184
1262
1485
458
5029
642
1237
535
602
1267
4305
878
1372
1615
634
1512
1616
760
1713
4285
2489
4093
760
2779
927
1486
4024
585
1337
468
4062
4108
4113
4502
471
827
2606
478
2656
4130
3130
3833
476
2641
4139
2666
4377
4894
477
480
2675
3347
4135
1752
4517
2659
4126
4320
2651
3454
3949
481
831
2565
3932
4154
3153
3794
485
486
488
490
4599
4603
488
641
4605
2555
4168
487
2583
4055
2579
4162
3813
491
493
2545
492
2536
3124
494
557
2570
3348
558
2535
4527
496
2582
4832
2524
3898
4849
818
2173
4945
1900
648
1119
530
1414
1665
745
974
1144
1155
507
1244
4359
582
872
1088
1021
1193
1459
598
1017
1455
1248
1399
1548
1415
2124
936
1513
1312
2493
511
3974
3989
3671
4972
513
3668
3984
3971
4140
586
765
1901
534
1282
517
939
1001
678
899
519
1685
3383
1050
1776
4366
1031
1733
523
3906
2880
3993
738
889
1033
526
546
714
1966
570
836
4105
529
1023
1109
1159
1170
914
989
1033
721
815
974
561
593
4346
789
1121
4304
547
1017
1444
587
883
1336
777
2269
2020
4929
615
894
2021
1788
4170
776
876
748
545
2770
4301
958
2301
560
753
1845
1297
4349
4077
1110
1940
1084
1123
1415
4366
4397
4350
4942
1148
1453
585
1741
2253
4040
613
662
944
744
868
1156
558
3915
4681
3992
4526
560
751
4347
905
1414
574
624
4059
581
1362
1557
567
868
1019
566
869
1577
1018
1490
646
1780
570
1075
1855
685
2236
985
1542
1104
1325
1381
832
1564
2114
583
1485
1488
865
1728
638
1858
2388
913
2032
912
1706
2031
760
792
903
1356
1590
663
720
4221
1121
1168
1421
1557
1774
4041
765
4938
917
877
1760
4869
815
1194
1535
625
1080
4871
4944
685
1705
2130
707
980
1003
1333
849
1792
4895
736
1243
1764
1765
4136
1108
2060
3319
4199
624
670
1247
1483
1761
3940
4360
4869
601
1096
4471
1081
4060
1562
604
1225
1951
4263
2143
607
885
1181
1105
609
1106
744
1422
720
1361
612
1650
4151
694
921
654
1478
960
1157
619
1638
4261
618
1074
1639
718
4205
719
1073
621
1151
3373
1816
623
1425
4942
4280
1212
1701
2459
4070
1134
4877
836
1855
928
2296
2410
632
1064
1400
1143
1563
4022
1382
1026
1481
1506
2310
1139
2055
4023
881
1308
1825
793
933
640
4058
4096
1441
5032
3884
4691
4694
4115
4885
4018
861
889
1541
904
1627
1628
4272
1067
4885
865
1414
2108
2414
4195
663
754
860
1022
1180
4310
967
1432
784
859
1068
1183
2113
4282
4385
1202
1319
1341
658
1039
1708
1051
1573
660
1040
2377
1709
2155
1244
2018
944
2513
2692
1234
1013
2023
1012
1561
2022
667
1602
1070
1242
669
1069
1477
1116
1235
1280
4058
4879
1980
4197
673
900
4247
5026
711
1715
2091
1716
2090
4269
2134
4196
1246
727
860
1208
3496
4006
4418
1730
4282
4386
783
2100
2319
2736
694
835
4287
4821
2865
3556
3796
4431
2868
3557
3801
4429
962
1014
2083
4288
770
832
4040
1432
4041
1104
1454
747
816
4868
884
1434
2707
1330
1672
801
1198
2111
822
1636
975
1778
1892
1047
2055
698
735
3622
3906
700
3621
4467
996
1281
1434
982
1028
1601
1621
707
1652
705
1353
1671
1569
1223
2206
888
1436
1798
2015
1537
2750
4283
725
1264
1893
4943
4164
713
818
2587
4334
732
2588
4248
925
2149
4279
1501
1516
2221
4092
1002
2172
5023
1204
1321
1204
4924
754
1303
1249
4925
1713
4299
1172
1723
965
1071
1277
2339
863
1086
1790
1416
1490
728
1348
1022
1287
730
1372
1529
732
2218
4247
4333
1281
2225
735
3626
976
1194
1313
890
1391
1649
914
1171
2157
1307
3469
4514
742
1085
1265
1184
1565
1689
1326
1462
1355
1539
789
2121
4091
840
910
4870
960
1084
750
1211
1895
3395
1374
1801
4345
1267
1919
849
4378
4894
1025
1263
756
3632
4540
758
781
3631
3871
786
794
1545
1042
762
1204
1474
1046
2457
1681
1887
2180
4072
768
1401
1803
769
1167
1804
1166
1298
871
1667
1260
1741
952
1046
803
1207
1692
1883
2486
2733
4033
4298
802
1413
1811
2201
1268
1697
2144
2159
876
1016
1037
897
1893
4941
779
2268
4067
781
3634
1172
2461
1651
1968
4515
961
1952
2310
1032
1597
1694
4000
1383
2258
2386
1384
4255
4417
801
955
1647
3594
3888
4044
1648
3591
3864
4238
1041
1177
856
1020
1555
1739
796
4470
3640
798
3961
837
3641
1319
1340
1701
1233
4836
2092
1546
2177
2009
2515
898
1534
1945
947
964
2135
2228
906
4877
873
3922
4279
861
889
1473
1649
810
925
2640
4275
821
2621
4279
812
3648
3962
852
814
3649
4559
1144
2226
817
2594
841
1798
2590
819
1077
4945
821
920
4278
4276
835
1761
4360
1443
1780
1798
825
2827
3152
4002
826
2826
2825
829
2821
3131
4009
830
2822
2823
4041
1918
1922
2835
3844
835
1820
4286
1119
838
3642
908
2700
841
910
2015
1079
1107
3136
844
1239
3397
1963
2060
2069
2797
4344
966
1334
1380
1451
1917
2088
1132
1338
1560
4921
1624
1843
1103
2098
852
3651
1021
1431
1961
1488
1565
997
1058
1548
933
1511
4306
1102
1417
1762
2056
1119
1707
1481
1539
899
4311
1919
1154
1334
1610
1163
1264
1932
4372
2182
944
1072
1302
1332
872
1101
3818
4222
1326
1552
1328
1552
1629
1072
1705
1438
1471
1584
3839
4221
3920
4278
4380
900
1002
2420
5024
1160
1292
1375
1719
1850
4056
918
2306
4964
1269
1362
1704
2160
4273
882
4160
2174
1368
1543
1601
4267
917
1120
1301
1503
2244
4423
1504
2243
4428
1283
1824
4056
1085
1152
1714
1089
1025
1263
1371
1683
1229
4165
1157
2342
1982
2079
3401
4331
1314
2063
4307
936
1100
4353
1168
1967
1509
1554
2784
4290
1092
1474
1523
1474
1480
1524
1580
2025
2722
4163
1801
1894
2128
907
1141
1228
1241
1735
4403
1279
1960
1034
1097
1615
2466
4213
2464
4284
2339
1129
1293
1480
1591
1754
2430
1779
2456
997
1297
1616
1169
1185
2425
2515
4287
923
1231
1484
1411
1846
925
1766
1955
3572
4025
4414
1546
2063
1390
2792
1282
2085
931
1292
1375
1226
1517
1081
2337
4060
4288
1710
4186
4206
1038
1748
2388
1100
4245
1110
2016
939
1484
1528
1554
942
1274
1521
943
1152
1273
1401
1571
1520
1072
1467
1741
1940
1468
1595
1173
2260
1174
2261
4434
1092
1322
1523
1617
951
1418
1458
1461
1837
953
1093
1455
1501
1618
1256
4091
957
1808
1349
1980
2452
4300
966
975
1360
2778
1300
2163
1684
1778
1663
1961
2017
2175
2345
1047
1677
1789
1002
1389
1693
1052
1809
1206
1899
2015
971
1049
1419
4416
4538
973
1009
2563
4285
1042
2526
4313
1472
1030
1465
1531
1376
1406
1976
980
1587
1596
981
1109
1213
1586
1758
1356
4111
1209
4293
4295
2234
4333
4797
1330
1083
1189
2221
4443
1331
1844
1267
2443
4023
1257
1476
4408
1738
1967
2452
1090
1192
2224
2239
993
2037
4468
1261
5033
1511
1710
2084
2447
1311
1359
1513
2137
1689
2274
1195
1470
1815
3290
1285
1736
1928
1208
1635
1743
1881
1038
1596
1734
1005
3733
4906
1007
4157
3732
1009
4284
4369
4314
1304
2085
1225
1736
2399
2341
4215
2340
4285
1623
2390
1041
2109
4313
1037
1428
1949
1726
1019
1552
1637
1519
1545
1790
1429
2073
1494
1823
1393
1642
1748
1078
1223
1426
1099
2255
1923
2330
4299
1220
1569
1626
1029
1434
1289
1183
1742
1765
1566
2059
1526
2338
1120
1775
1779
1110
2085
1129
1293
1570
1391
2136
1040
1946
2131
1042
1234
1543
2303
2739
4218
1046
1063
1275
1270
1352
1501
1846
2171
1942
2067
3649
3873
1491
1908
1956
1272
4198
1187
1327
1594
1645
1164
1269
1558
1612
1066
1694
2066
1516
1607
2278
1302
1332
2335
4382
1247
2166
1306
1625
2110
2101
3492
3903
3998
2274
1063
1219
1290
2619
2622
4933
1065
1791
1609
2028
1949
2686
1379
1478
1661
1747
1070
1427
1664
1405
1579
1687
2171
1074
2164
1204
1076
1917
2638
1118
2657
4220
1080
1408
4334
1079
1133
2851
1279
1096
2428
1436
2275
4447
1435
2277
1902
2088
1732
1838
1179
1334
1932
1162
1626
1936
1958
3839
1164
2353
1451
2272
1452
2271
4950
1249
1472
1411
1483
1618
1095
1147
2618
4375
1190
2617
4328
2267
4389
1176
1416
1230
1481
1698
2774
4307
1555
2796
1500
1793
3933
1516
1762
2159
4194
4365
1755
2307
1106
1439
1582
1108
3135
1460
1748
1113
1551
4329
1114
1678
1298
1785
1703
1784
1540
2096
2418
4354
1427
1666
2045
1118
2088
4219
2098
1181
1755
1668
1158
1782
1884
2468
2160
1126
1599
1757
1127
1598
1680
1213
1578
1664
1756
1234
1817
1130
1767
4082
1272
1413
2446
1701
1896
1161
1426
2850
1188
4027
1380
1787
1929
1137
1517
4383
1657
4373
2103
3505
3936
3950
1786
1903
1141
1215
4876
1623
1711
2787
1633
1791
1810
1747
1764
1976
2323
1147
4203
4327
4374
1489
1526
1431
1469
2190
2785
4290
4550
3641
1160
1732
4057
4322
4325
1425
2006
4943
1495
2170
2356
1176
1336
4081
1172
1370
1606
2138
2254
1252
1393
1891
1273
1719
1162
2751
1740
1581
1640
2205
1656
2012
1487
2105
2125
2447
1167
2193
1970
1544
2227
1437
1614
4278
1460
1795
1891
2062
2165
4024
1456
2417
4308
2414
1497
1696
2186
1178
4093
4303
4478
1276
1812
1944
1216
1494
1510
1439
2308
1529
1682
4106
1248
1372
1947
2046
1187
1242
1828
2057
1359
2111
4028
2188
2471
1232
4935
1619
1819
1838
2477
4439
1453
2392
1535
2070
1196
1981
2769
4399
1480
2170
4083
1256
4028
3751
4317
4592
1201
3917
4695
3750
4651
4294
4388
1270
1302
1850
1283
1301
1776
1227
1721
1960
1332
2200
2692
1348
1892
1724
1888
2202
1343
1409
2262
2341
3632
1536
1346
1904
1215
1305
2576
4302
1538
2575
1226
1276
1932
1352
1541
2737
1219
1294
2151
4931
1223
1849
1222
1354
1653
1848
2183
1437
1779
1824
1724
1888
1510
4372
1662
1814
1229
4479
1335
1489
1632
1743
2041
2168
4328
1659
4201
4374
2718
1394
1666
1950
1237
4884
4507
1283
1518
1695
1824
3622
1241
3315
4391
1594
1423
1481
3298
2005
1624
1824
1762
2035
1726
1657
4331
1301
1381
1755
2181
1300
1585
1982
1254
1461
1255
1906
1941
1609
1907
1354
1962
2356
1258
2394
2030
4324
1271
1948
2147
2205
1976
4110
4469
1619
1954
2223
1299
1424
1640
2078
1266
1838
1603
1789
2441
1742
2754
4381
1399
1938
1948
1549
1660
1771
2010
1402
1773
2010
1290
2251
1375
1449
1687
2406
2429
2396
2499
1407
1960
1441
2168
1288
1312
1668
2198
1285
1882
2798
1830
1287
1823
2096
1540
1289
1403
2645
2630
4297
1294
4988
1844
1731
4384
1321
1495
1943
1825
4410
2359
1726
1937
2066
1728
2062
2681
1636
1361
1466
1959
1406
2684
1306
1658
4303
3371
2174
2250
2336
1310
1420
1699
1482
1391
1597
1714
1403
1423
1777
2315
1450
2810
1316
1974
2029
1969
1318
1975
4188
2004
1448
1750
1812
1956
2127
4206
4330
4331
1347
1604
1679
1671
1936
2361
1595
2395
1329
1328
1427
2045
1410
2044
4398
2035
2379
2314
1734
2198
4359
1968
2330
1462
1712
1682
1774
1339
4072
1896
2180
1341
1897
4294
1673
2289
4455
1674
2287
1675
2291
4457
1676
2290
4450
1460
1599
2084
1883
2217
1540
2229
1350
2146
1430
2311
1607
1705
2171
2500
1579
2169
1796
2011
2076
1933
2192
2356
4027
1905
2285
1813
2074
2748
2085
2389
1514
1361
1370
1580
2836
1364
1978
1637
1366
1979
1939
1928
1951
2373
1669
1712
1370
1457
1466
2678
2673
2097
2357
2761
2425
1374
4365
2412
1770
1570
1646
4090
3583
4337
4838
2267
3582
4341
1774
1968
4291
1672
2049
2411
4348
1924
3139
1927
3144
1977
3142
4553
3140
4551
1729
1926
3143
1925
3141
1425
1881
4280
1611
3559
1694
2897
4268
4309
1763
2382
1397
1578
1396
1822
2027
1582
1410
2026
1560
2445
4920
1938
2235
1609
1906
2093
1937
2123
1750
2081
2123
1404
4296
4934
1744
1753
2157
2222
1408
1721
2196
2716
1462
1666
1483
2304
1475
2218
2391
4247
1549
2077
1898
2005
1693
1418
2024
2278
4032
4255
4417
1502
2896
1446
1567
2908
1462
1582
2027
1506
1553
1728
2423
1626
1886
1594
1472
1949
1445
1859
2439
4355
4357
2350
2444
2114
1513
1625
4000
1601
2489
2487
1518
2046
1727
1804
2419
1691
1441
4296
4508
2470
2701
2473
2702
1455
2379
1446
1459
1544
1572
2839
3828
4245
1491
1772
2312
1492
1770
2312
2125
3393
4307
2496
2494
2688
1615
1693
1457
1498
1642
1763
2024
1567
2392
2084
1763
2064
2478
2707
2476
2706
4274
1535
1745
1827
1498
2013
2253
2253
1945
2694
1471
3391
1880
2170
1620
1662
1800
2133
2410
3381
2309
2387
2394
1664
1757
1950
1953
2323
1583
1603
1677
2264
2170
1527
2355
3999
2166
1743
2304
1565
1954
1556
1751
2313
1511
2381
4306
1668
1698
1637
1978
1493
1494
2119
1973
2120
1646
1747
1497
3424
2140
4874
1604
1654
1679
3825
1547
3933
4148
2314
1700
1739
2397
2722
2723
1534
2040
2256
2694
1831
1923
2346
2402
4315
2348
2404
1510
2148
2297
2266
2389
1597
1819
2111
1606
1754
1845
2159
4372
4384
1695
2181
1610
1651
1918
1521
2010
1678
1524
1525
2132
1783
2133
1699
2142
2153
1574
2166
2304
1947
2042
2389
2396
1612
2012
2315
2416
2708
4267
2415
2709
1945
2326
2238
1577
4922
2795
2879
4282
1658
3799
1764
1634
2746
1595
2499
1652
1669
1859
2720
2100
2740
2077
3826
4149
1689
2235
1809
1695
2065
3146
1588
1722
2066
2044
2761
1574
2147
1597
1857
1683
2062
1590
2908
1656
2497
2396
2411
3155
4071
1721
1814
4216
2074
4305
1810
1853
2093
1733
4187
4388
2266
1630
1711
1745
1953
3147
1646
1847
2356
4091
1848
2076
1767
1678
1784
1937
1625
1658
1908
1946
2869
1948
2279
2300
3679
4051
2299
3677
4225
1629
2185
1904
1950
1744
2693
1702
2279
4311
2314
2492
4382
1667
1815
3291
2070
2283
1587
1781
1822
1589
1970
1920
2158
2698
1665
2441
1825
2336
4531
2051
2309
4409
1885
1781
2249
1737
1794
2257
1795
2257
2411
4398
1905
1834
2094
4070
2159
2191
1605
2766
3958
2149
1903
2725
1952
2899
4314
4371
1805
1651
2006
1802
1977
1742
1774
2040
2095
1806
2426
1775
2263
4348
1783
1949
4330
2200
2329
2358
2503
2451
1622
4111
2237
5036
1999
2142
1811
2700
2721
2699
2724
1645
4081
1724
4263
4293
2008
2038
2048
2413
1635
2039
1634
2229
2230
1644
4825
2000
2164
4292
2002
2164
4185
2514
1702
2137
1643
1781
2248
1760
1850
4826
2057
4080
2323
3351
3594
4191
3355
3593
4189
2451
1655
1679
2007
2362
1971
1796
1933
2076
1655
3953
2743
2890
4201
1725
2223
3828
2497
2809
4198
1764
1765
1953
1818
1960
2219
2349
2094
2339
2406
1712
1920
1970
1799
2448
1826
1972
2886
1836
2011
4367
2463
4928
2467
2461
2464
2429
4381
2129
1737
1834
2094
1749
2697
3396
2053
2325
1751
2097
2236
2391
2792
1686
2219
3530
2099
4212
4333
4797
2263
1691
2308
2009
3154
1937
2683
2768
2783
1789
2055
3298
1700
2547
2559
2840
2199
1704
1783
2132
2497
4936
1903
2424
4214
4795
2359
1863
1956
2131
1862
1957
2131
2019
2201
1827
2122
1885
2330
1819
2075
2366
2517
2368
2516
1718
1766
2806
3926
4257
1944
2075
2303
2586
4326
4954
2781
2158
2686
4329
2327
4208
2122
1938
2205
2442
1880
2231
2419
2089
4833
3291
3422
1732
2344
2059
4387
2136
2427
3392
3419
4402
1882
2380
2011
2447
2393
2440
1922
2796
1835
1936
2474
2095
2836
2513
2737
2226
2163
2899
4386
2127
1781
2333
3364
4071
1773
1863
2063
3795
3970
4139
2099
2852
2150
2208
1775
1757
2257
1822
1904
2026
2353
3122
4066
4327
1761
2842
2382
3147
1884
2149
1768
4090
1905
3297
1771
2384
1773
2385
2046
2124
1831
2070
1935
2491
2702
2197
2844
4258
1785
1785
1858
2112
2725
1929
2491
2745
2328
2374
2481
2339
1857
1944
2230
2378
1793
1843
1796
2370
1797
2036
2371
2220
1950
1971
2381
1818
1919
2161
2412
2454
3385
1860
2123
2193
1861
2193
2028
2064
2725
1807
4380
1843
2146
2293
2830
1886
2752
4356
1886
2177
2081
2319
2424
2849
4795
3127
1981
3137
3528
4395
1931
1958
2252
2748
2320
1821
2593
4281
2282
2601
4361
2119
2204
4411
1883
2129
2794
2238
2787
1829
2747
4401
1840
1928
2334
2310
2082
3322
4005
4080
1835
2361
4391
1836
2504
2360
2064
2178
2278
2344
1842
1951
2372
1841
2316
2233
2373
2232
2005
1966
2128
2041
2807
2323
1849
2206
4325
1853
2351
4356
1854
1980
1962
2206
2352
2709
4274
2684
2694
2703
2786
1893
2075
2019
2382
2444
1863
2364
1862
2231
2365
1865
2438
2872
2900
3476
1867
2435
2901
2871
3475
1869
2902
3483
2437
2873
1871
2433
2903
2874
3484
1873
2876
3481
2436
2904
1875
2905
3480
2432
2875
1877
2878
3488
2434
2907
1879
2906
3485
2431
2877
2071
3499
2172
2423
1890
2793
2335
1955
4258
4080
1890
2697
1889
2318
2399
2400
2019
2036
1935
2513
2078
1895
3536
2317
1897
2318
2068
2161
2406
2490
2782
2488
2779
2493
2775
2495
2778
2055
1971
2025
1907
2036
1929
1973
2212
3327
3479
4236
2215
3330
3487
4793
2214
3329
3489
4235
2216
3328
3477
4242
2209
3331
3482
4229
2210
3333
3490
4786
2213
3334
3486
4231
2211
3332
3478
4233
2224
4274
1922
2398
1921
1981
2726
2397
3309
2258
3148
3464
2113
3149
3461
2089
3150
3458
3151
3460
4416
2887
2204
2079
2686
2885
1934
2014
4987
4310
1941
2050
1942
2067
2139
2130
2418
2741
2009
1969
1974
2016
2222
2036
2370
1943
4989
2081
2444
2295
3129
2468
4276
2279
4927
2163
2401
2845
2771
4275
2319
2231
2687
3157
1959
2013
2349
2350
2093
2192
1964
3537
2440
2357
4207
4223
4837
2149
2805
2326
2393
2319
1979
2066
2297
2129
2481
2815
2204
2294
1975
2107
2095
2296
1979
2311
4400
2283
2681
1984
1994
3539
3809
3878
1986
3543
3811
1988
1997
3841
3542
3860
1990
3889
3547
1992
3545
3824
1996
3988
1995
3876
3553
3986
3549
1998
3551
3862
3972
2083
2122
2409
2003
2696
2002
2107
2695
2114
2199
4388
2422
2834
2017
2481
2680
2691
2442
2385
2447
2787
2014
2665
2139
2668
2490
2499
2744
2427
2842
4359
2050
2711
2776
2715
2777
2717
2781
2713
2780
2056
2248
2137
2027
2179
2378
2107
2696
2302
2742
4326
2466
2728
2465
2733
2462
2730
2460
2735
2842
2038
2402
4315
2375
2691
2041
2179
2378
2325
2703
2705
2043
4276
2086
4106
2045
2181
2886
3318
3432
2280
2485
2837
2065
2181
2265
2201
2446
2284
2480
2853
2135
4308
4315
5035
2325
2395
2468
2143
2250
2363
2144
2427
2184
2747
2187
2383
2747
4401
4186
4293
2061
2797
3470
2725
2254
3467
2718
4538
2141
2332
2799
3423
4199
4343
2072
3421
2145
2231
2363
2439
2688
3324
2080
2201
2080
2298
2681
2885
2320
4384
2740
2151
2321
2202
3396
2297
2087
2639
4275
2654
2771
4301
2496
4064
4065
2369
2585
4427
2366
2569
4422
2121
2328
2845
2112
2105
2222
2204
2292
2861
2843
2141
2450
2469
2740
2102
3725
4696
5017
2104
4725
3727
4494
2381
2804
4033
4370
4552
4188
2182
2799
2816
2110
2153
2142
2328
2446
4385
4030
2116
2232
2756
2158
2118
2755
4399
2233
2832
2120
2312
2684
2380
2740
4358
4366
2741
3321
2459
2894
3392
2226
2317
2682
2500
2752
2364
2133
2348
3438
4435
2345
4778
2144
2441
2197
2501
3132
2140
4539
2450
2799
2840
2688
2388
2245
2687
3466
2870
4355
2148
4373
2406
2682
2719
2519
4005
2153
2355
2571
4313
2581
2242
3162
4426
2246
2687
3339
2285
2322
2484
2680
2165
2852
2726
2359
2522
2682
2335
2458
2794
4382
2695
2443
2235
2168
4503
4878
2449
2693
2746
2705
2173
2281
3529
2176
3209
2228
2259
3170
2810
2179
2807
2318
2400
2852
2192
2206
2351
2185
2790
4922
2187
2789
2683
3180
4443
2276
3228
4445
2350
2481
2815
2264
2430
3468
2446
2365
2196
2262
2286
3244
2288
3193
4453
3237
2685
3146
4358
4289
2314
2329
2318
4295
2338
2387
2449
4373
2234
2258
3380
4073
2264
2501
2719
3150
3311
3151
3313
3311
4341
3312
4551
3313
4337
3314
4553
3148
3314
3149
3312
2335
2739
4218
2234
3380
2744
2472
2590
4448
2470
2557
2703
2358
2791
2476
2663
2479
2645
4951
4925
2484
2698
2720
2260
3599
2230
2882
4332
2324
2882
2846
3154
2679
2809
2416
4267
4308
2898
2273
3080
4440
2241
2757
2797
3455
4514
2243
4426
4459
2246
3510
3455
2397
2398
2895
3965
2249
2427
2336
2704
2252
4986
2265
2475
2774
4837
4875
2326
2685
2844
2371
4073
2260
4462
2287
3073
2266
3318
2492
2395
2468
3432
2428
4246
2269
4350
2271
4438
4952
2273
4442
2451
2276
4445
4443
2808
2515
2856
4020
2282
4280
4362
2738
2854
4016
2698
2847
2287
2289
4453
4463
4465
2294
4354
2295
2869
2870
3299
2410
4554
2320
2772
3349
3678
3353
3679
2452
2881
4260
2303
4396
2692
2306
2456
2620
4137
2426
2633
2308
2387
2853
2401
2352
4357
2384
4304
2324
2334
3310
2805
2358
3138
4472
2413
2760
4469
2888
3401
2844
2761
3154
3420
2383
2683
3336
3402
2498
2522
2753
2829
3126
2860
3335
4801
2390
2428
3122
2746
2563
2713
4451
2716
3560
2661
2715
4458
2618
2710
4454
4929
2503
2346
2348
4435
2704
2352
2390
4066
2355
2899
4314
2861
4208
4383
2361
4069
2398
2421
2482
2453
2704
2365
2367
4422
2369
4427
2371
2373
2882
2791
2845
2403
2485
2405
2857
4363
2757
3129
3339
2500
3399
4349
2788
2898
2448
2388
3366
4402
2385
2849
3370
4794
2759
3441
2410
2846
3362
2760
2742
3528
3589
3431
3436
3561
2400
4371
2403
2405
4364
2408
4327
4504
3122
4113
2788
3396
3296
2455
3535
2837
4468
2415
2417
2491
4355
2773
3295
2421
2422
2534
2549
2784
2423
3127
2426
3382
2719
2441
3146
2435
2506
2877
2509
2875
2510
2874
2438
2505
2878
2512
2871
2507
2876
2508
2873
2511
2872
2453
2880
2514
2791
2737
2783
2831
3138
2718
2689
2759
2498
2844
4291
4515
4549
2522
4805
4948
2457
4136
2833
4381
2804
2461
2463
4376
2465
2467
2736
2773
2879
2471
2473
4448
2504
2848
3123
3132
3296
3431
2477
2479
4951
2483
2854
2785
2895
4548
2518
4409
2727
2760
2856
3125
3368
2490
2489
2891
2817
3145
2494
2496
3589
2705
3145
2691
2897
4316
4383
2859
4392
2511
2907
2512
2906
2904
2902
2905
2903
2900
2901
2705
2772
4068
2692
2518
4408
4410
2520
2521
3404
4255
3416
4472
2912
4483
4865
2584
4572
2527
2528
2927
2533
2571
2922
3387
3388
3760
2587
2588
3057
2546
2552
2541
2920
3306
4569
2572
4474
4527
2563
2936
2542
4749
2536
2572
3008
4601
2543
2551
2947
2543
2589
2992
4815
2558
2579
4160
2541
2957
3305
2549
2967
4152
2556
2575
2919
3799
2562
3006
3758
2553
2938
2548
2581
2916
2559
2966
2939
3561
2560
2577
4169
2568
4151
2591
2917
4350
4484
2556
3856
4485
2560
2583
2978
2977
2948
4477
2569
2924
3436
2995
2566
3036
3344
3743
2570
3032
2937
2566
3343
2567
3018
3782
3045
2823
3037
2577
2975
2994
4167
4581
2573
3015
3009
2581
3029
3789
4720
4907
2580
2580
3024
4476
3022
4819
2579
2583
3042
3026
3040
2584
2913
3770
2914
2595
4323
2600
4489
3434
3055
4747
2592
3070
2594
3092
2593
3077
2599
4818
2601
2596
2600
3075
3113
3562
2605
2641
4517
2609
2960
3390
3759
3096
4490
4822
3115
4321
3102
3435
2603
2607
3004
3023
3307
4862
2605
2974
4146
4518
2959
2610
2993
3768
3308
2609
3389
2934
2825
2986
2613
2624
3016
2613
4123
4493
3001
4522
2619
2622
2941
2657
2670
3071
3818
2660
3788
4140
2618
2623
2932
2950
4652
2626
2664
2970
2627
2628
2990
3437
2933
4506
3316
4618
2636
3054
2633
2943
2672
3922
2640
5011
2642
2654
2973
2643
2645
2644
4112
4775
2642
2646
2997
4116
4641
2652
4114
4501
2639
2654
5006
2637
3345
3056
3346
3744
2657
2663
2640
3019
2660
3031
4301
2984
4510
2646
3017
2985
3052
4119
2653
3076
3741
2675
4153
4498
2653
3051
3790
4158
2651
2656
3084
3769
3033
4505
4157
2659
2675
3090
3082
4866
3101
3050
4509
4774
4612
3041
2673
4733
2671
3068
3563
3080
2674
4138
2667
2668
2671
2677
3085
2678
4730
4654
4728
2670
2676
3933
3058
4347
2677
3099
2678
2676
3074
3112
3111
4812
3118
3893
4735
2846
2847
3425
3441
3372
4330
3385
2693
3366
3392
3444
3372
2696
2793
2841
2702
2701
3589
2709
2708
2711
4454
2715
4458
2714
4451
2717
2727
2722
2724
4271
2756
4400
2729
3370
4794
2731
3367
4835
2733
3368
2735
3369
3157
4515
2860
3401
2766
4394
2810
3123
2754
4396
2744
2891
3129
2789
3127
2750
2896
4548
3301
2848
2883
4357
2843
4948
2759
2833
2756
2882
2758
3299
4344
2764
3346
4405
2765
3344
3988
3889
4407
2767
4393
3425
3427
3290
3317
2771
4260
2791
3157
3342
3393
4537
2776
4939
2778
2780
2782
3402
2785
3386
3431
3441
2793
2790
2891
3423
3156
3145
2879
3301
2835
2839
4514
3121
3335
2816
2801
3338
3568
2803
3337
3567
3321
4031
2806
2808
3133
2812
3390
3824
4430
2814
3811
3387
4432
3372
2843
2864
2909
3420
2868
3647
3795
3801
2866
3646
3796
3831
2821
2822
2983
3767
2952
2826
2827
3069
3064
3783
2829
3424
2891
3299
4343
3155
4390
2838
2888
3128
4394
2835
4353
3365
3538
4020
3323
3340
2840
3126
3156
3468
3432
3297
3326
3324
2851
2883
2862
3527
4016
4411
4531
4532
3358
4132
4495
4724
3326
3361
2887
3136
3292
3516
2886
3132
3145
2866
3629
3814
2868
3630
3859
2870
3552
4240
3554
4045
3548
4043
3550
4791
3546
4053
3544
4227
3540
4050
3541
4788
3342
2881
4204
3304
3523
3288
3300
3386
2898
3341
3401
3522
3876
4977
4834
3508
3675
3948
3672
4722
4848
3289
4392
2896
3297
3378
3415
4340
3141
3418
3411
4336
3139
3413
3143
3408
3140
3409
3142
3405
3144
3403
3365
3296
3399
3468
3670
3902
3969
4841
3430
3671
3977
3979
2918
3030
3256
3039
3060
3038
3060
3167
3085
3118
3261
2966
3029
2938
2964
3091
3268
4571
2977
3013
2957
2982
2922
2927
3193
2988
3014
3184
3618
2996
3026
3178
3033
3182
4499
2956
2969
3182
2929
3207
2932
3183
4452
2930
3617
2931
3183
3006
3171
3620
2933
3011
3172
2935
3196
2960
3210
2961
3015
3194
2961
4449
4628
4645
2968
2999
2941
2950
3187
3188
4744
3067
3187
4980
2971
3175
3777
3008
3771
4755
2948
2949
4476
2992
3070
4656
2975
2992
4658
3176
4444
3024
3208
3602
3001
3186
4491
2958
2979
2980
4858
3005
3023
3199
3004
3169
3032
4581
3195
2983
4436
2989
3031
3220
2987
3212
2966
3000
4760
2977
3213
4486
3077
4626
2999
3000
3197
3966
4762
2968
3173
3772
3186
3190
4580
4638
2971
3074
4684
2997
3052
3200
2997
3205
5006
2989
4598
3003
3216
3005
3028
3233
4570
3179
2991
3042
4666
4781
2982
4569
4668
2985
3192
4953
3170
3201
3623
2985
3027
3202
2998
3177
2988
3212
3619
3213
3079
5012
2995
3231
2998
3624
2996
4424
3022
3235
3199
3217
3227
3965
3035
3189
4639
4979
3022
4996
3023
3219
4845
3010
3045
3243
3009
4753
4990
3032
3223
3012
3223
3033
4506
3040
3234
3211
4890
3034
3035
3236
3781
3043
3241
3779
3046
3701
5007
5011
3097
3108
3215
3031
3041
3234
3040
3026
3042
3240
3044
4620
3240
4898
3034
3226
3047
4482
3252
3222
3211
3227
3045
4702
3046
3248
3091
4572
3095
3287
3736
3221
3218
3635
3258
3052
3251
3050
4510
3245
4442
3260
3051
3106
3266
3056
3244
4566
3739
4622
3076
3255
3711
4911
3056
3242
3065
3605
3065
3109
3158
3059
3111
3262
3071
3255
3261
3064
3069
3228
3066
3113
3249
3872
3066
3114
3874
3266
3250
3093
3685
3085
3117
3267
3265
3702
3096
3276
3116
3103
3273
3737
3780
3098
3254
3850
3094
3166
3107
3185
4425
3159
4564
3102
3271
3092
3164
4446
3099
3269
3101
3274
3095
3603
3735
3089
3108
3112
3250
4497
3089
3120
3168
3115
3264
4487
3104
4492
4632
3100
3896
4433
3264
3105
3272
3778
3285
3113
3110
3688
4768
3111
3275
3269
3119
4574
4590
3109
3281
3118
3279
3117
3278
3892
3116
3114
3120
3284
3106
3687
3112
3283
3686
4634
3115
3215
3286
4575
3865
4719
4766
3270
3283
3230
3285
3284
4488
3738
3156
3379
3289
3611
3758
3309
4299
3288
3340
4399
3299
3644
3768
4011
3646
3767
3386
3423
4200
3135
3319
3136
3291
3422
3322
4390
3413
3464
3410
3457
3418
3461
3406
3456
3408
3458
3403
3460
3363
3362
3365
3465
3587
3463
3586
3459
3581
3462
3584
3681
3783
4004
3684
3782
3318
3364
4288
3385
3159
3281
3266
3249
3250
4497
3168
3264
4487
3239
4587
3185
3239
4589
3265
3270
3636
3274
3638
4440
3275
4686
3267
3285
3284
3219
4460
3195
4670
3172
3223
3183
3214
4631
3187
3188
4981
4685
4756
3181
3208
3180
3233
3240
3213
3220
3217
3217
3613
3198
3252
3207
3194
3212
3215
3214
3227
4770
3189
3229
4742
3198
3246
3199
3219
4424
3201
3202
4579
3206
3211
3209
3210
3227
3236
4499
3233
3205
3259
3694
4437
3203
4577
4619
3205
3693
5009
3207
4452
3218
3612
3224
4464
3225
3224
3765
4491
3286
4660
4997
4444
3221
3234
3234
3223
3252
4449
3226
4890
4764
3238
3246
4640
3255
3274
3639
3232
3258
3696
3235
3695
4996
4759
3242
3265
4446
4425
3257
3251
4667
3244
3245
4466
3254
3247
4740
3763
4456
4441
3280
3283
3259
4779
3255
3262
4911
3277
3260
3263
3258
4898
4738
4461
3267
3287
3282
3268
4433
3286
4636
3278
3279
4707
3280
3272
3283
4625
3276
4657
3282
5002
3284
3281
4566
3285
3287
3637
4564
5000
3300
4400
3321
3428
3295
4002
3294
3515
3342
3467
3362
3422
3417
4547
3303
3526
4009
3306
3524
4421
3308
3525
4418
3341
3400
3331
3582
3328
3585
3333
3583
3330
3588
3320
3419
3595
4523
4616
3340
3420
3470
3361
3325
3366
3444
3341
3393
4417
3328
3655
3330
3659
3332
3653
3334
3657
3400
3375
3426
3681
3848
3683
3895
3455
3344
3512
4406
3346
3514
4404
3519
3676
3985
3521
3816
4582
3350
3654
3868
3352
4192
3658
3990
3354
3652
3832
3356
3656
3997
4190
3358
3749
4594
4677
3360
3917
4847
3750
5016
4392
3467
3468
4358
3396
3402
3407
4833
3410
3412
4207
3414
3510
4513
3386
3374
3527
4015
3376
4402
3419
3378
3586
4370
4385
3382
4065
3381
3587
3581
3384
3530
4034
3388
3555
4431
3390
3557
4429
3428
3499
3395
3536
4037
3398
3538
4019
3420
4348
3404
3415
3406
3417
4549
3408
3410
3412
4336
3414
3416
4340
3418
3453
3466
3559
3427
3426
3430
4521
4859
4420
3589
3441
3938
4583
4638
4976
3865
3866
3874
3939
4361
3851
3965
3913
4744
4933
3891
3896
4196
3810
4585
4608
3954
4132
4495
4679
3445
3577
3452
3576
4256
3446
4007
4560
3448
3575
4555
4101
3450
4086
3579
4543
3452
4026
4541
3499
3751
3769
3821
4513
3489
4553
3479
4551
3459
3481
3462
3463
3488
3475
3465
3484
3580
4367
3470
3472
3806
3473
3491
3474
3914
3493
3477
3478
4233
4242
4342
3480
4236
3482
4229
3486
4231
3487
3489
4235
4338
4793
3490
4786
3492
3493
3494
3496
3861
4863
4563
3498
3983
4558
4099
4861
3501
3503
3930
3504
3503
3823
3507
3505
3506
3507
3509
4412
4131
4573
3580
3512
3794
3514
3518
4415
3517
4412
4610
4480
3520
4614
3855
4523
3522
3987
4582
3524
4420
3526
4419
3528
3530
4800
3532
3593
4405
4512
4567
3534
4407
4856
3592
4179
3536
4804
3538
4468
3541
4789
3542
4049
3553
3552
3544
4226
3546
4052
3548
4042
3550
4790
3552
4241
3554
4046
3556
3558
3833
4513
3834
3850
4215
3844
3966
3872
3940
4868
3890
3892
3900
4108
4502
4739
3819
4574
4590
4609
3567
3744
4565
3741
3569
3743
3742
4699
3571
4088
4867
3947
4546
3573
4840
3894
4864
3575
4039
4036
3579
3582
3584
4873
3586
4552
3588
4554
3837
4520
4781
4858
3593
3594
3596
4745
3746
4128
3853
4613
4764
4891
3870
4660
4676
4679
3975
4670
4778
3757
3995
4751
4967
3820
4630
4961
4962
3885
4652
4770
3901
4707
4714
3775
3904
4697
4704
3846
4636
4747
3830
4475
4624
4971
3803
4606
4686
5004
3609
3619
4430
3680
4535
3611
3678
4432
3617
3613
3615
3635
3624
3664
3623
3645
4578
3616
3624
3635
3644
3620
3760
3619
3627
4956
3759
3628
3758
3622
3626
3767
4578
3768
3626
4467
3630
4957
3629
3760
3758
3759
3632
3633
3634
4839
3788
3637
3663
3702
3690
3712
3639
3692
3701
3661
3711
3641
3642
3643
4470
3647
3646
4174
4139
3649
3650
3651
4562
3655
4237
3654
4225
4232
4239
3659
4234
3658
4224
4230
4238
3661
3684
3711
3701
3663
3682
3702
3712
3667
3788
3666
3669
3787
3767
4576
3668
3768
3670
3671
3673
3689
3675
3691
3729
4613
4893
3678
3680
3682
4147
3684
4914
3688
3703
4919
3687
3721
3790
3706
4888
3722
3789
3692
3782
3691
3783
4904
3785
3694
3717
3740
3697
5022
3696
3720
4995
3699
3734
3698
3740
3716
5022
3700
3734
3715
4958
3782
3783
3704
4177
4210
3706
4159
4121
3708
3718
3710
3719
4077
3785
4496
4903
3715
4265
4536
3716
4798
4852
4012
4178
3718
5021
3786
3720
3784
4994
3724
3790
3723
5028
3731
3789
3732
4889
3726
3755
3907
3728
3753
3931
3746
4615
3732
3932
3951
3733
3800
4184
3784
4899
3736
3752
3791
3754
3770
3738
3756
3792
3749
3769
3829
4662
4774
3774
3786
4511
4567
4180
4854
4908
4406
4700
4404
4565
3746
3994
4529
3748
3808
4584
4534
4959
3751
3752
4831
3756
3792
3755
3791
3770
3769
3976
4665
4771
4429
4431
3764
3897
4716
4731
3919
4630
4645
4960
3881
4702
4732
3880
4737
4855
3923
4598
4644
3899
4719
4726
4765
4832
3945
4601
4685
3849
4631
4749
3797
4577
4619
4647
3905
4705
5010
3869
4710
4712
3886
4654
4726
4765
3921
4641
4756
3843
4612
4625
3912
4667
4775
3981
4657
4673
3845
4618
4759
4075
4897
4182
4277
4250
4705
4576
4647
4829
4140
4905
4158
4714
5015
4673
4675
3918
3978
4178
4798
3857
3859
3830
4830
3809
3878
3827
3856
3887
3909
4011
3867
4210
4978
3945
4684
3894
3898
3907
3836
3993
4204
3908
3925
3928
3855
3862
3972
3816
3817
3927
3877
4209
3819
4589
3927
3974
4534
4828
3909
4600
4694
3817
3816
3987
3831
3826
3933
4607
3843
4626
3931
3949
3991
3855
3985
3858
3934
3957
3934
3957
3958
3839
3828
4244
3976
4993
4620
3927
4174
3842
3855
4011
3866
3931
3947
3908
3925
4257
3838
4738
4519
5019
3932
3944
4154
3854
3863
4121
3972
4239
4808
3851
3853
4614
3849
4632
3852
3941
4125
4319
5026
3865
3866
3966
3951
4745
4760
3860
4244
3970
3994
3962
3964
3996
4049
4076
3863
4525
4746
4790
4211
4209
4982
3955
4047
3901
5016
3981
4656
3928
3874
3939
3962
4013
3909
3916
4682
3877
3879
4683
3882
4789
3986
3987
3881
4733
4699
3990
4224
3884
4918
5005
4184
3886
4766
4989
4682
5028
4042
3891
3892
3896
3920
3922
4377
4102
3899
4720
4721
4848
4730
3913
4312
5014
4419
3905
5008
4703
3924
4721
3914
4692
3974
3989
4798
3975
5036
4740
3924
3993
3916
3918
4599
3978
4600
4600
3992
3923
4643
4379
3995
4965
4900
3926
4039
3934
3935
3959
4320
3961
4725
3938
4974
4985
4640
3940
4593
4745
3967
4594
4724
3963
4127
4596
3946
4318
4605
3991
4317
3949
3991
4131
4130
4123
3957
3960
4999
3986
3987
3959
4253
4994
3967
4074
3994
4957
3966
4254
4265
3971
3984
4265
3984
4079
3971
4516
4264
4241
4036
4266
4666
5032
4420
4847
3989
4783
4677
3983
4519
4012
3994
4046
4785
4799
4755
3997
4048
4696
4000
4002
4003
4004
4004
4256
4007
4561
4009
4011
4075
4014
4870
4362
4947
4016
4017
4018
4018
4020
4021
4022
4022
4024
4026
4542
4028
4030
4881
4059
4032
4368
4036
4802
4036
4803
4039
4806
4039
4807
4041
4043
4044
4231
4230
4046
4233
4047
4232
4049
4234
4050
4235
4052
4237
4053
4236
4055
4877
4162
4057
4059
4879
4096
4061
4062
4063
4289
4063
4113
4881
4065
4202
4066
4203
4068
4813
4070
4072
4796
4264
4516
4079
4142
4077
4078
4079
4079
4143
4841
4081
4083
4084
4085
4085
4087
4088
4544
4089
4089
4413
4091
4093
4479
4095
4096
4097
4968
4097
5030
4099
4100
4421
4101
4101
4556
4103
4104
4105
4346
4105
4195
4193
4115
4300
4108
4109
4743
4883
4882
4931
4111
4112
5034
4118
4119
4114
4503
4880
4117
4117
4120
4300
4887
4119
4886
4120
4887
4124
4123
4124
4524
4746
4889
4888
4126
4319
4592
4809
4128
4145
4529
4129
4595
4144
4810
4131
4867
4134
4252
4134
4536
4680
4254
4535
4893
4137
4811
4138
4812
4140
4143
4570
4896
4143
4897
4842
4145
4902
4146
4530
4901
4155
4149
4812
4150
4811
4152
4819
4815
4154
4904
4155
4903
4159
4190
4512
4158
4511
4159
4162
4167
4162
4166
4876
4164
4165
4167
4166
4167
4169
4170
4171
4171
4172
4819
4820
4251
4704
4712
4827
4176
4782
4852
4521
4785
4181
4192
4249
4180
4181
4191
4906
4905
4277
4909
4914
4917
4692
4916
4186
4205
4188
4190
4512
4192
4194
4195
4196
4196
4198
4199
4200
4200
4203
4836
4203
4835
4259
4206
4208
4210
4758
4919
4212
4213
4214
4214
4215
4216
4216
4218
4818
4824
4220
4221
4222
4222
4335
4837
4787
4228
4227
4228
4229
4229
4231
4233
4235
4237
4792
4243
4241
4242
4243
4243
4245
4352
4339
4389
4248
5025
4250
4847
4251
4703
4846
4253
4254
4724
4994
4536
4256
4258
4259
4260
4260
4262
4926
4263
4292
4927
4265
4526
4799
4268
4270
4271
4323
4272
4272
4274
4276
4913
4279
4281
4283
4285
4287
4289
4291
4293
4295
4387
4297
4508
4299
4369
4301
4303
4478
4305
4307
4309
4316
4311
4883
4932
4314
4316
4318
4319
4320
4320
4322
4323
4324
4326
4324
4326
4955
4328
4504
4330
4332
4334
4336
4337
4338
4338
4340
4341
4342
4342
4344
4346
4347
4895
4894
4349
4940
4352
4485
4940
4353
4941
4355
4357
4359
4361
4946
4362
4947
4364
4949
4365
4948
4367
4398
4369
4370
4371
4371
4373
4375
4376
4929
4928
4378
4379
4380
4380
4382
4384
4386
4388
4390
4472
4392
4394
4395
4396
4396
4398
4400
4403
4403
4405
4407
4409
4411
4413
4573
4609
4415
4481
4864
4850
4417
4537
4419
4863
4843
4421
4861
4423
4424
4459
4460
4426
4427
4428
4428
4430
4432
4435
4461
4435
4462
4437
4438
4953
4952
4440
4441
4442
4442
4444
4446
4447
4448
4448
4451
4464
4451
4463
4453
4454
4455
4455
4458
4466
4732
4458
4465
4460
4462
4464
4466
4557
4469
4545
4472
4474
4475
4528
4970
4990
4991
4477
4478
4479
4479
4481
4482
4483
4483
4485
4643
4486
4644
4488
4489
4490
4490
4954
4492
4493
4888
4889
4495
4674
4676
4497
4903
4498
4904
4500
4501
4502
4739
4502
4504
4505
4506
4506
4508
4509
5031
4510
4510
4512
4514
4547
4517
4529
4518
4530
4520
4784
4521
4859
4783
4523
4524
4525
4525
4746
4527
4534
4528
4533
4530
4801
4805
4949
4534
4828
4956
4958
4538
4873
4539
4872
4541
4839
4542
4840
4544
4545
4546
4546
4548
4549
4550
4550
4552
4554
4556
4557
4558
4558
4560
4562
4561
4563
4563
4568
4566
4567
4568
4568
4860
4845
4572
4865
4851
4574
4867
4575
4866
4577
4578
4579
4579
4581
4583
4582
4584
4584
4976
4586
4587
4588
4610
4588
4589
4590
4590
4592
4595
4810
4593
4594
4595
4596
4596
4598
4646
4960
4900
4600
4602
4603
4604
4687
4604
4605
4606
4606
4691
4608
4609
4610
4610
4612
4629
4962
4808
4614
4615
4616
4616
4617
4618
4618
4763
4620
4621
4622
4622
4623
4624
4624
4648
4662
4626
4627
4628
4628
4629
4630
4630
4632
4633
4634
4634
4635
4636
4636
4750
4638
4639
4649
4640
4640
4985
4642
4964
4752
4967
4644
4645
4646
4646
4648
4829
4971
4977
4983
4651
4693
4915
4723
4653
4988
4655
4986
4655
4987
4769
4657
4658
4659
4659
4660
4661
4661
4672
4663
4993
4664
4772
4665
4992
4751
4992
4667
4668
4669
4669
4670
4671
4671
4776
4673
4674
4675
4675
4676
4677
4677
4680
4958
4998
4680
4999
4682
4959
4683
4758
4975
4685
4686
4687
4687
4689
4910
4918
5001
4690
4695
4691
5000
5004
4693
4694
4695
4916
4695
4846
4698
4710
5008
4706
5010
4700
4854
4702
4856
4702
4736
4857
4704
4705
4706
4706
4708
5014
4709
4711
4710
5013
5013
4712
4713
5018
4714
5017
5015
4716
4717
4727
4718
4855
4718
4719
4720
4907
4720
4722
4832
4723
4831
4725
4727
4728
4729
4729
4730
4731
4731
4737
4733
4734
4735
4735
4736
4737
4737
4779
5020
4740
4741
4742
4742
4743
4744
4744
4746
4748
5025
4750
5023
4750
5024
4752
4753
4754
4754
4755
4756
4756
4981
4984
5027
4982
5027
4760
4761
4762
4762
4763
4764
4764
4766
4767
4768
4768
4769
4770
4770
4772
4966
5030
4773
4774
5029
5031
4776
5034
4777
4778
5033
5035
4780
4781
4782
5020
4782
4784
4785
4853
4852
4787
4788
4789
4789
4791
4792
4793
4793
4795
4796
4797
4797
4799
4801
4802
4803
4803
4805
4806
4807
4807
4809
4962
4810
4963
4812
4814
4820
4815
4816
4817
4817
4821
4818
4822
4820
4823
4823
4824
4825
4825
4954
4826
4955
4828
4830
4972
4830
4973
4973
4832
4834
4835
4836
4836
4838
4875
4840
4842
4843
4844
4844
4863
4845
4862
4847
5018
4849
4850
4851
4851
4864
4853
5019
5021
4855
4856
4857
4857
4859
4860
4861
4861
4863
4865
4867
4869
4870
4871
4871
4946
4873
4874
4875
4875
4877
4879
4880
4881
4881
4883
4930
4885
4886
4887
4887
4889
4891
4892
4893
4893
4956
4895
4897
4898
4899
4899
4901
4960
4902
4961
4963
4904
4906
4907
4908
4908
4910
4911
4912
4913
4912
5001
4914
4917
4916
4917
4918
4918
4980
5027
4921
4922
4923
4923
4925
4926
4927
4927
4929
4931
4932
4933
4933
4935
4936
4937
4937
4938
4939
4939
4941
4942
4943
4943
4945
4946
4947
4947
4949
4951
4952
4953
4953
4955
4957
4995
4974
4961
4963
4965
4969
4969
4967
4968
4969
4969
4971
4972
4973
4973
4975
4976
4977
4983
4977
4979
4980
4981
4984
4981
4983
4984
4985
4985
4987
4988
4989
4989
4991
4992
4993
4993
4995
4998
4997
4998
4999
4999
5001
5002
5003
5003
5004
5005
5005
5007
5009
5008
5010
5010
5012
5013
5014
5014
5016
5017
5018
5018
5020
5021
5022
5022
5024
5025
5026
5026
5028
5030
5031
5032
5032
5034
5035
5036
5036
)


// ************************************************************************* //
