/*--------------------------------*- C++ -*----------------------------------*\
| =========                 |                                                 |
| \\      /  F ield         | OpenFOAM: The Open Source CFD Toolbox           |
|  \\    /   O peration     | Version:  2412                                  |
|   \\  /    A nd           | Website:  www.openfoam.com                      |
|    \\/     M anipulation  |                                                 |
\*---------------------------------------------------------------------------*/
FoamFile
{
    version     2.0;
    format      ascii;
    arch        "LSB;label=32;scalar=64";
    note        "nPoints:1459  nCells:5037  nFaces:11365  nInternalFaces:8783";
    class       labelList;
    location    "constant/inner_box/polyMesh";
    object      owner;
}
// * * * * * * * * * * * * * * * * * * * * * * * * * * * * * * * * * * * * * //


11365
(
0
0
0
0
1
1
1
1
2
2
2
3
3
4
4
4
4
5
5
5
5
6
6
6
7
7
8
8
8
8
9
9
9
9
10
10
10
11
11
11
12
12
12
13
13
13
14
14
15
15
15
16
16
16
17
17
17
17
18
18
18
18
19
19
19
20
20
20
20
21
21
21
22
22
23
23
23
23
24
24
24
25
25
25
26
26
26
27
27
27
28
28
28
29
29
29
30
30
30
31
31
31
32
32
32
32
33
33
33
34
34
34
35
35
35
36
36
36
37
37
38
38
38
39
39
40
40
40
41
41
41
42
42
42
42
43
43
43
43
44
44
44
44
45
45
45
45
46
46
46
47
47
48
48
48
48
49
49
49
49
50
50
50
50
51
51
51
52
52
52
52
53
53
53
54
54
54
55
55
56
56
57
57
57
58
58
59
59
59
60
60
60
61
61
62
62
63
63
63
64
64
65
65
65
66
66
66
66
67
67
67
67
68
68
68
68
69
69
69
69
70
70
70
71
71
72
72
72
73
73
73
73
74
74
74
75
75
75
76
76
76
77
77
78
78
78
78
79
79
79
80
80
80
80
81
81
81
82
82
83
83
83
84
84
85
85
86
87
87
87
87
88
88
88
89
89
90
90
90
91
91
91
92
92
92
92
93
93
94
94
94
95
95
95
95
96
96
96
97
97
98
98
98
98
99
99
99
100
100
100
100
101
101
102
102
102
103
103
103
104
104
104
105
105
105
106
106
107
107
108
108
108
109
109
110
110
110
111
111
111
112
112
112
113
113
113
114
114
114
115
115
116
116
116
117
117
117
118
118
118
118
119
119
119
120
120
120
121
121
121
122
122
122
122
123
123
123
123
124
124
124
125
125
125
126
126
126
126
127
127
127
127
128
128
128
128
129
129
129
130
130
130
131
131
132
132
133
133
133
133
134
134
134
134
135
135
135
136
136
136
137
137
137
137
138
138
138
139
139
139
139
140
140
141
141
141
142
142
142
142
143
143
143
143
144
144
144
144
145
145
146
146
146
146
147
147
147
148
148
148
148
149
149
150
150
151
151
151
151
152
152
152
152
153
153
153
153
154
154
154
154
155
155
156
156
156
157
157
157
158
158
158
158
159
159
159
160
160
160
161
161
161
161
162
162
162
163
163
163
164
164
164
165
165
165
166
166
166
167
167
167
167
168
168
168
168
169
169
169
169
170
170
170
171
171
171
171
172
172
172
173
173
173
173
174
174
174
175
176
176
177
177
177
177
178
178
178
178
179
179
179
180
180
180
181
181
181
182
182
183
183
183
184
184
184
185
185
185
186
186
186
186
187
187
187
188
188
188
189
189
190
190
190
191
191
192
192
192
193
193
193
193
194
194
194
195
195
195
195
196
196
196
197
197
197
198
198
198
198
199
199
199
200
200
200
201
201
201
202
203
203
204
204
205
205
205
205
206
206
206
206
207
207
207
208
208
208
209
209
209
210
210
210
211
211
211
212
212
212
212
213
213
214
214
214
214
215
215
215
216
216
216
217
217
217
218
218
219
219
220
220
220
220
221
221
221
222
222
222
222
223
223
224
224
224
224
225
225
225
225
226
226
226
227
227
227
228
228
229
229
229
230
230
230
230
231
231
232
232
232
232
233
233
233
234
234
234
235
235
235
236
236
236
237
237
238
238
238
239
239
239
239
240
240
240
240
241
241
242
242
243
243
243
243
244
244
244
245
245
246
246
246
247
247
247
248
248
248
248
249
249
250
250
250
251
251
252
252
252
252
253
253
253
254
254
254
254
255
255
255
256
256
256
257
257
257
258
258
258
258
259
259
259
260
260
260
261
261
262
262
262
263
263
263
264
264
264
265
265
265
266
266
266
267
267
268
268
268
269
269
269
270
270
270
271
271
271
272
273
273
273
274
274
275
276
276
277
277
277
278
278
278
278
279
279
280
280
280
281
281
281
281
282
282
283
283
283
284
284
284
285
285
285
286
286
286
287
287
288
288
288
288
289
289
289
290
290
290
291
291
291
291
292
292
292
292
293
293
293
293
294
294
295
295
296
297
297
298
298
299
299
300
300
300
301
301
301
302
302
302
303
303
303
304
304
305
305
306
306
306
307
307
307
308
308
309
309
309
310
310
310
311
311
311
312
312
313
313
314
314
315
315
316
316
316
317
317
317
318
318
319
319
320
320
321
321
321
322
322
323
323
323
324
324
324
324
325
325
326
326
327
327
327
328
328
328
328
329
329
329
330
331
331
331
332
332
332
333
333
334
334
334
335
335
335
336
336
336
337
337
337
337
338
338
338
339
339
339
340
340
340
340
341
341
341
342
342
342
343
343
343
344
344
344
345
345
345
345
346
346
347
347
348
348
348
349
349
349
350
350
350
351
351
352
352
352
353
353
353
354
354
355
355
355
355
356
356
356
357
357
358
358
358
359
359
359
359
360
360
360
361
361
361
362
362
363
363
364
364
364
365
365
365
365
366
366
366
367
367
367
368
368
369
369
369
370
370
371
371
371
372
372
372
373
373
373
373
374
374
374
374
375
375
375
375
376
376
376
377
378
378
379
379
380
380
380
381
381
381
382
382
382
383
383
384
384
384
385
385
385
386
386
386
387
387
387
388
388
388
389
389
390
390
391
391
391
392
392
392
393
393
394
394
394
395
395
395
396
396
397
397
398
398
398
399
399
399
400
400
400
400
401
401
401
402
402
402
404
404
405
405
405
406
406
407
407
408
408
408
409
410
410
410
411
411
411
412
412
413
413
414
414
414
414
415
415
415
416
416
416
416
417
417
417
418
418
419
419
419
420
420
420
421
421
421
422
422
422
423
423
423
424
424
424
425
425
425
426
426
426
427
427
428
428
428
429
429
430
430
431
431
431
431
432
432
432
433
433
433
433
434
434
434
434
435
435
436
436
437
437
437
438
438
438
439
439
439
440
440
440
441
441
441
442
442
442
443
443
443
443
444
444
444
445
445
446
446
446
447
447
447
447
448
448
449
449
450
450
450
451
451
453
453
453
453
454
454
454
455
456
456
456
457
457
458
458
459
459
459
459
460
460
460
461
461
461
462
462
462
463
463
464
464
465
465
465
466
466
467
467
467
468
468
469
469
469
470
470
470
471
471
472
472
472
473
473
473
474
474
474
475
475
476
476
477
477
477
478
478
478
479
479
479
480
480
481
481
482
482
483
483
483
483
484
484
484
485
485
486
486
486
487
487
488
489
489
489
490
490
491
492
492
493
493
494
494
494
495
495
495
496
496
496
497
497
497
498
499
499
500
500
500
501
501
501
501
502
502
502
503
503
503
504
504
504
505
505
505
506
506
506
507
507
508
508
509
509
510
510
510
511
511
512
512
512
513
513
514
514
514
515
515
516
516
516
517
517
518
518
518
519
520
520
521
521
522
522
523
523
524
524
524
525
525
526
526
527
527
527
528
528
528
529
529
530
531
531
532
532
532
533
533
533
534
534
535
536
536
536
537
537
537
538
538
539
539
540
540
540
541
541
542
542
543
544
544
544
545
545
546
546
546
547
547
548
549
549
550
550
551
551
551
552
552
553
553
554
554
554
554
555
555
555
556
556
556
557
557
557
558
558
559
559
559
560
561
562
562
562
563
563
563
564
564
564
565
565
565
566
567
568
568
569
569
569
571
571
572
572
573
573
573
574
574
574
575
575
575
576
576
577
577
577
578
578
579
579
579
580
580
581
581
581
582
582
582
583
584
584
584
585
585
586
586
587
588
588
588
589
589
589
590
590
590
590
591
591
591
592
592
592
592
593
593
593
594
594
594
594
595
596
596
596
596
597
597
598
598
599
599
599
599
600
600
600
601
601
602
603
603
604
604
605
606
606
606
607
608
608
609
609
610
610
611
611
612
613
613
614
614
615
615
616
616
616
617
617
617
618
618
619
619
620
620
620
621
622
622
622
623
626
626
627
627
628
628
629
629
630
630
630
631
631
631
632
632
633
634
635
635
635
635
636
636
636
637
637
637
638
638
639
639
639
640
640
641
641
641
642
642
643
644
644
644
645
645
646
646
647
647
648
648
648
649
649
650
650
651
651
651
651
652
652
653
653
654
654
655
655
655
656
656
656
657
657
657
658
658
659
659
659
660
660
661
661
662
662
662
663
664
664
665
665
665
666
666
667
667
668
668
668
669
669
670
670
670
671
671
672
672
673
673
674
674
674
675
675
675
676
676
677
678
678
678
679
679
679
680
680
680
681
681
681
681
682
682
682
682
683
683
683
683
684
684
684
684
685
686
686
686
687
687
687
688
688
689
689
690
690
690
691
691
691
692
692
693
693
693
694
694
695
695
695
696
696
697
697
697
698
699
699
700
701
701
701
702
702
702
702
703
703
704
704
704
705
706
706
707
708
708
708
709
709
709
710
710
710
710
711
712
712
712
712
713
713
713
714
714
714
715
715
716
716
717
717
717
718
718
719
719
720
720
721
721
722
722
723
723
724
724
724
724
725
725
725
726
726
727
727
728
728
729
729
730
731
731
731
732
733
733
734
734
736
736
736
737
737
738
739
739
739
740
740
740
741
741
741
743
743
743
744
744
745
745
746
746
746
747
747
747
748
748
749
749
750
750
751
751
751
752
752
753
753
753
754
754
755
756
756
757
757
758
758
759
759
759
760
761
761
762
763
763
764
764
764
764
766
766
766
767
767
767
768
768
769
769
770
770
771
771
772
772
772
772
773
773
773
773
774
774
774
774
775
775
775
775
776
776
776
777
777
777
778
778
779
780
781
782
782
783
783
783
784
784
784
785
786
786
786
787
787
787
788
788
788
789
789
790
790
790
790
791
791
791
791
792
792
793
794
794
794
795
795
796
797
797
798
798
799
799
799
800
800
801
802
802
803
803
804
804
804
805
805
805
805
806
806
807
807
807
808
808
808
808
809
809
809
809
810
810
810
811
811
811
812
813
814
814
815
815
816
816
817
817
817
818
819
819
820
820
820
821
822
822
822
823
823
823
824
824
824
824
825
825
827
828
828
828
828
829
829
831
832
833
833
833
833
834
834
834
836
837
838
839
839
840
840
841
842
842
842
843
843
843
844
845
845
845
845
846
846
846
847
847
847
848
848
848
848
849
849
850
850
851
852
853
853
853
854
854
855
855
855
856
856
856
857
857
857
857
858
858
859
859
860
860
861
863
863
863
864
864
864
864
865
866
866
866
866
867
867
867
867
868
868
869
869
869
870
870
871
871
871
872
872
873
873
873
874
874
874
874
875
875
875
875
877
877
878
878
878
879
879
879
880
880
881
881
882
883
883
884
884
885
885
885
886
886
886
887
887
887
888
888
889
890
890
890
891
892
892
892
892
893
893
894
894
895
895
895
895
896
896
896
897
897
897
898
898
899
899
900
900
901
901
901
902
902
902
903
903
904
904
905
905
905
906
907
908
909
909
909
910
910
911
911
911
912
912
913
913
914
915
915
915
916
916
916
917
918
919
919
919
920
920
920
921
921
922
922
922
923
923
924
924
924
926
926
926
927
927
928
928
929
929
930
930
930
931
931
932
932
932
932
933
934
934
935
935
935
936
936
937
937
938
938
938
939
940
940
940
941
941
941
942
942
943
944
945
945
945
946
946
947
947
948
948
948
949
949
949
949
950
950
950
951
951
952
954
954
954
954
955
955
956
956
957
957
958
958
959
959
960
960
961
961
962
962
963
963
963
964
964
965
965
965
966
966
967
968
968
969
969
969
970
970
970
971
971
972
972
972
972
973
973
973
974
976
976
976
977
977
977
978
978
978
979
979
979
981
981
982
982
983
983
983
984
984
984
985
986
986
986
986
987
987
988
988
988
989
989
989
990
990
990
991
991
991
991
992
992
992
993
993
994
994
994
994
995
995
995
996
997
998
999
999
999
999
1000
1000
1000
1001
1001
1001
1002
1003
1003
1003
1004
1004
1004
1006
1006
1007
1008
1008
1008
1009
1010
1010
1011
1011
1011
1012
1012
1013
1013
1014
1014
1015
1015
1015
1016
1016
1016
1017
1018
1018
1019
1020
1020
1020
1021
1021
1022
1022
1023
1023
1023
1024
1024
1024
1025
1025
1026
1026
1026
1027
1027
1027
1028
1028
1029
1030
1030
1030
1031
1031
1032
1033
1034
1034
1034
1035
1035
1036
1036
1036
1037
1038
1039
1039
1040
1041
1043
1043
1044
1044
1044
1045
1045
1045
1047
1047
1048
1048
1048
1049
1049
1050
1050
1051
1051
1051
1052
1052
1053
1053
1053
1053
1054
1054
1054
1054
1055
1055
1055
1056
1056
1056
1057
1057
1057
1057
1058
1058
1059
1059
1059
1060
1060
1060
1060
1061
1062
1062
1062
1062
1063
1063
1064
1064
1065
1065
1066
1066
1067
1068
1068
1068
1069
1069
1070
1071
1071
1071
1072
1073
1073
1074
1075
1075
1075
1076
1076
1076
1077
1077
1077
1078
1078
1079
1080
1081
1081
1082
1082
1082
1083
1083
1084
1084
1085
1085
1086
1086
1086
1087
1087
1087
1088
1088
1089
1089
1090
1090
1091
1091
1091
1092
1092
1093
1093
1093
1094
1094
1094
1094
1095
1095
1095
1096
1096
1097
1097
1098
1098
1098
1099
1099
1100
1100
1101
1101
1101
1102
1102
1102
1103
1103
1104
1104
1105
1105
1106
1107
1108
1109
1109
1111
1111
1111
1112
1112
1113
1113
1114
1114
1115
1115
1115
1115
1116
1116
1116
1117
1117
1118
1119
1120
1120
1121
1122
1122
1122
1122
1123
1124
1124
1124
1125
1125
1125
1126
1126
1127
1127
1128
1128
1129
1130
1130
1131
1131
1131
1132
1132
1133
1133
1133
1134
1134
1135
1135
1135
1136
1136
1136
1137
1137
1138
1138
1138
1138
1139
1139
1140
1140
1141
1142
1142
1142
1143
1143
1143
1144
1144
1145
1145
1146
1146
1146
1147
1148
1148
1149
1149
1149
1150
1150
1150
1151
1152
1152
1153
1153
1153
1154
1154
1154
1155
1155
1155
1156
1156
1156
1157
1157
1158
1158
1158
1159
1159
1159
1160
1160
1161
1161
1162
1163
1163
1163
1164
1164
1165
1165
1165
1165
1166
1166
1167
1168
1168
1169
1169
1169
1170
1170
1170
1171
1171
1171
1172
1173
1173
1174
1175
1175
1175
1177
1177
1178
1178
1179
1179
1179
1180
1180
1180
1181
1181
1182
1182
1182
1184
1185
1185
1185
1186
1186
1186
1187
1188
1188
1188
1189
1189
1190
1190
1191
1191
1191
1192
1192
1193
1193
1194
1194
1195
1195
1196
1196
1197
1197
1197
1198
1198
1199
1199
1199
1200
1200
1200
1201
1201
1202
1202
1203
1203
1203
1205
1205
1205
1206
1206
1206
1207
1207
1207
1208
1208
1209
1209
1209
1210
1210
1210
1210
1211
1212
1213
1213
1214
1214
1214
1214
1215
1215
1216
1216
1216
1217
1217
1217
1218
1218
1218
1219
1220
1220
1221
1221
1221
1222
1222
1224
1224
1224
1225
1225
1226
1226
1227
1227
1228
1228
1230
1230
1231
1231
1231
1232
1232
1233
1233
1233
1234
1235
1235
1235
1236
1236
1237
1238
1238
1238
1238
1239
1240
1240
1240
1242
1243
1243
1243
1244
1245
1245
1246
1246
1247
1248
1249
1250
1250
1250
1250
1251
1251
1251
1252
1252
1253
1253
1253
1254
1254
1255
1255
1256
1257
1257
1258
1258
1259
1259
1259
1259
1260
1261
1261
1262
1262
1262
1263
1263
1264
1264
1265
1266
1268
1268
1268
1269
1270
1270
1271
1271
1271
1272
1272
1273
1273
1274
1274
1274
1275
1275
1276
1276
1277
1277
1277
1278
1278
1279
1279
1280
1280
1281
1281
1282
1283
1284
1284
1284
1285
1286
1286
1286
1287
1288
1288
1288
1289
1289
1290
1290
1291
1292
1292
1293
1293
1294
1295
1295
1296
1297
1298
1298
1299
1299
1300
1302
1303
1303
1303
1304
1304
1305
1305
1306
1307
1308
1308
1308
1309
1309
1309
1310
1311
1311
1311
1312
1313
1313
1313
1314
1314
1315
1315
1315
1316
1317
1317
1318
1319
1320
1320
1320
1320
1321
1321
1322
1322
1323
1323
1323
1324
1324
1324
1325
1325
1326
1327
1327
1328
1329
1329
1330
1331
1331
1332
1333
1333
1333
1334
1335
1336
1336
1337
1337
1338
1338
1339
1339
1340
1340
1341
1342
1342
1342
1343
1343
1344
1344
1344
1345
1345
1345
1346
1346
1346
1347
1347
1348
1348
1349
1349
1350
1350
1351
1351
1351
1351
1352
1352
1353
1353
1353
1354
1354
1355
1355
1356
1356
1357
1357
1357
1358
1358
1359
1360
1360
1362
1362
1363
1363
1364
1365
1365
1366
1367
1367
1367
1368
1368
1369
1369
1369
1369
1370
1371
1371
1371
1372
1373
1373
1374
1375
1376
1376
1376
1377
1377
1377
1378
1378
1378
1379
1380
1380
1381
1381
1382
1382
1383
1383
1384
1384
1385
1385
1385
1386
1386
1387
1387
1387
1388
1388
1389
1389
1389
1390
1390
1391
1392
1392
1392
1393
1393
1394
1394
1395
1395
1395
1396
1397
1397
1398
1398
1398
1399
1399
1400
1400
1400
1401
1401
1402
1402
1402
1403
1404
1404
1405
1405
1405
1406
1407
1407
1409
1409
1410
1410
1411
1411
1412
1412
1412
1412
1413
1413
1414
1415
1416
1417
1417
1418
1419
1419
1419
1420
1420
1421
1421
1421
1422
1422
1422
1423
1424
1424
1425
1426
1426
1427
1428
1428
1429
1429
1429
1430
1430
1431
1431
1432
1433
1433
1433
1434
1435
1436
1437
1437
1438
1438
1438
1439
1440
1440
1440
1442
1442
1443
1443
1444
1444
1445
1445
1446
1447
1447
1447
1447
1448
1448
1448
1449
1449
1449
1450
1450
1450
1451
1452
1453
1454
1454
1456
1457
1458
1458
1458
1459
1459
1460
1461
1461
1463
1463
1464
1464
1464
1465
1465
1465
1466
1466
1467
1468
1469
1469
1470
1470
1471
1472
1473
1473
1473
1474
1475
1475
1476
1476
1476
1477
1477
1477
1478
1478
1479
1479
1479
1479
1480
1482
1482
1482
1483
1484
1484
1485
1485
1486
1486
1486
1487
1487
1487
1488
1489
1490
1490
1491
1492
1492
1493
1493
1495
1495
1496
1497
1498
1498
1499
1499
1499
1499
1500
1500
1500
1501
1502
1502
1502
1503
1504
1505
1505
1505
1505
1506
1506
1507
1507
1507
1508
1508
1509
1509
1511
1512
1512
1513
1514
1514
1515
1515
1515
1516
1517
1517
1518
1518
1519
1519
1519
1520
1520
1521
1522
1523
1524
1525
1525
1527
1527
1527
1528
1528
1528
1529
1529
1530
1530
1531
1531
1531
1532
1532
1532
1533
1533
1534
1534
1535
1536
1536
1537
1537
1537
1538
1538
1539
1540
1541
1542
1542
1543
1543
1544
1544
1545
1545
1546
1547
1547
1548
1548
1549
1550
1550
1550
1551
1551
1551
1552
1553
1554
1554
1555
1555
1556
1556
1557
1557
1558
1558
1559
1559
1560
1560
1561
1561
1561
1562
1562
1563
1563
1563
1564
1564
1564
1565
1566
1566
1566
1567
1567
1568
1568
1568
1568
1569
1569
1570
1571
1571
1571
1572
1572
1573
1573
1573
1574
1574
1575
1575
1575
1576
1576
1576
1577
1577
1578
1578
1579
1579
1580
1581
1581
1583
1583
1583
1584
1584
1584
1585
1585
1586
1586
1587
1588
1588
1589
1589
1590
1591
1591
1592
1592
1592
1593
1593
1593
1594
1596
1596
1598
1598
1598
1599
1599
1600
1600
1601
1602
1602
1602
1603
1603
1604
1605
1605
1606
1607
1607
1608
1608
1608
1608
1609
1610
1610
1611
1611
1612
1613
1613
1613
1614
1614
1615
1616
1616
1617
1617
1617
1618
1618
1619
1619
1620
1621
1621
1622
1622
1623
1625
1626
1627
1627
1628
1628
1629
1629
1630
1630
1630
1631
1631
1631
1631
1632
1632
1633
1633
1635
1636
1636
1638
1638
1638
1639
1639
1639
1640
1641
1641
1642
1643
1643
1644
1644
1644
1645
1645
1646
1647
1647
1647
1648
1648
1648
1649
1650
1650
1650
1651
1652
1653
1653
1653
1654
1654
1655
1656
1656
1657
1657
1658
1659
1660
1660
1661
1661
1661
1662
1662
1663
1663
1664
1665
1665
1666
1667
1667
1669
1669
1670
1670
1670
1671
1671
1672
1673
1673
1674
1675
1676
1677
1677
1679
1680
1680
1680
1681
1681
1681
1682
1682
1683
1683
1684
1684
1684
1685
1685
1686
1687
1688
1688
1688
1689
1690
1690
1692
1692
1694
1696
1696
1696
1697
1697
1698
1699
1699
1700
1700
1701
1702
1703
1703
1704
1704
1705
1706
1706
1706
1707
1708
1708
1708
1709
1709
1709
1710
1710
1711
1711
1712
1713
1714
1714
1715
1715
1716
1716
1717
1717
1717
1718
1718
1719
1719
1720
1720
1720
1720
1721
1722
1722
1722
1723
1723
1724
1725
1725
1725
1727
1727
1727
1729
1729
1730
1730
1731
1731
1733
1733
1734
1734
1735
1735
1735
1736
1736
1737
1737
1738
1738
1739
1739
1740
1740
1740
1741
1742
1743
1744
1745
1746
1746
1746
1747
1748
1749
1749
1749
1750
1750
1751
1752
1752
1752
1753
1753
1754
1754
1755
1756
1756
1758
1758
1758
1759
1759
1759
1759
1760
1762
1763
1765
1766
1766
1767
1768
1769
1769
1770
1771
1772
1772
1775
1776
1777
1777
1778
1778
1780
1782
1782
1782
1783
1784
1786
1786
1786
1787
1787
1787
1788
1788
1788
1789
1790
1790
1791
1791
1792
1792
1794
1794
1795
1797
1797
1798
1799
1799
1799
1800
1800
1801
1801
1802
1802
1803
1803
1803
1804
1804
1805
1805
1805
1806
1806
1807
1808
1808
1808
1809
1810
1810
1811
1811
1812
1812
1813
1813
1813
1814
1815
1815
1816
1816
1817
1817
1817
1818
1819
1820
1820
1820
1821
1821
1821
1823
1823
1825
1826
1826
1826
1827
1827
1828
1828
1829
1830
1830
1830
1831
1832
1832
1832
1832
1833
1833
1833
1834
1835
1836
1837
1837
1837
1838
1839
1839
1839
1840
1840
1841
1841
1842
1844
1845
1845
1846
1846
1847
1848
1849
1850
1851
1851
1851
1852
1852
1853
1854
1854
1855
1855
1856
1856
1856
1856
1857
1857
1858
1858
1859
1860
1860
1861
1861
1862
1864
1864
1864
1865
1865
1866
1866
1866
1867
1867
1868
1868
1868
1869
1869
1870
1870
1870
1871
1871
1872
1872
1872
1873
1873
1874
1874
1874
1875
1875
1876
1876
1876
1877
1877
1878
1878
1878
1879
1879
1880
1880
1881
1881
1882
1882
1883
1884
1884
1885
1887
1887
1888
1889
1889
1890
1891
1891
1892
1892
1893
1894
1894
1895
1896
1897
1898
1898
1898
1899
1899
1900
1900
1901
1901
1902
1902
1903
1904
1905
1906
1907
1908
1908
1909
1909
1909
1909
1910
1910
1910
1910
1911
1911
1911
1911
1912
1912
1912
1912
1913
1913
1913
1913
1914
1914
1914
1914
1915
1915
1915
1915
1916
1916
1916
1916
1917
1917
1918
1918
1920
1921
1921
1922
1923
1924
1924
1924
1925
1925
1925
1926
1926
1926
1927
1927
1927
1928
1929
1930
1930
1930
1931
1931
1931
1932
1933
1933
1934
1934
1934
1935
1935
1936
1938
1939
1939
1940
1940
1941
1941
1942
1943
1944
1945
1946
1946
1947
1947
1948
1951
1952
1952
1954
1955
1955
1956
1957
1957
1957
1958
1959
1961
1961
1962
1962
1963
1963
1964
1965
1965
1965
1965
1966
1966
1967
1967
1968
1969
1970
1971
1972
1972
1972
1973
1973
1974
1975
1976
1977
1978
1980
1981
1982
1982
1983
1983
1983
1984
1984
1985
1985
1986
1987
1987
1987
1988
1988
1989
1989
1990
1991
1991
1992
1993
1993
1994
1994
1995
1995
1996
1997
1997
1998
1998
1999
1999
1999
2000
2000
2001
2001
2001
2004
2004
2004
2006
2006
2007
2007
2008
2008
2009
2010
2011
2012
2013
2013
2014
2014
2015
2016
2017
2018
2018
2018
2019
2020
2020
2021
2021
2022
2022
2023
2023
2024
2024
2025
2026
2028
2028
2029
2029
2030
2030
2030
2031
2031
2032
2032
2033
2033
2034
2034
2035
2037
2037
2037
2038
2038
2039
2039
2039
2040
2040
2041
2042
2042
2043
2043
2044
2046
2047
2047
2047
2048
2048
2048
2049
2049
2049
2050
2050
2051
2051
2051
2052
2052
2052
2052
2053
2053
2053
2054
2054
2054
2056
2056
2057
2057
2058
2058
2058
2058
2059
2059
2060
2061
2061
2064
2065
2065
2067
2067
2068
2068
2068
2069
2069
2069
2071
2071
2072
2072
2073
2073
2073
2074
2075
2076
2078
2078
2079
2079
2080
2080
2081
2082
2082
2083
2083
2084
2086
2086
2086
2087
2087
2087
2088
2089
2089
2090
2090
2090
2091
2091
2091
2092
2092
2092
2093
2094
2095
2096
2096
2097
2098
2099
2099
2100
2100
2101
2101
2102
2102
2103
2103
2104
2104
2105
2105
2106
2106
2106
2107
2108
2108
2108
2109
2109
2110
2111
2112
2113
2114
2115
2115
2115
2116
2117
2117
2117
2118
2118
2119
2120
2121
2122
2123
2124
2124
2125
2125
2126
2126
2126
2127
2128
2128
2130
2130
2131
2132
2134
2134
2134
2135
2135
2136
2136
2138
2138
2138
2139
2140
2141
2141
2142
2143
2144
2145
2145
2145
2146
2146
2147
2148
2150
2150
2150
2151
2151
2152
2152
2152
2152
2153
2154
2154
2154
2155
2155
2155
2156
2156
2156
2156
2157
2157
2158
2160
2161
2161
2162
2162
2162
2162
2164
2165
2166
2167
2167
2167
2169
2169
2169
2171
2172
2173
2174
2175
2175
2176
2176
2176
2177
2178
2178
2180
2180
2182
2183
2183
2183
2184
2184
2185
2186
2186
2187
2188
2188
2189
2189
2189
2190
2190
2190
2191
2191
2191
2192
2193
2194
2194
2194
2194
2195
2195
2195
2196
2197
2198
2198
2199
2200
2200
2202
2202
2203
2203
2203
2205
2207
2207
2207
2207
2208
2208
2208
2209
2209
2210
2210
2211
2211
2212
2212
2213
2213
2214
2214
2215
2215
2216
2216
2217
2217
2217
2218
2218
2219
2220
2220
2220
2221
2221
2222
2223
2223
2224
2224
2225
2225
2225
2226
2227
2227
2227
2228
2228
2229
2232
2232
2233
2233
2234
2235
2236
2236
2237
2237
2237
2238
2239
2239
2239
2240
2240
2240
2241
2241
2242
2243
2244
2245
2245
2246
2247
2247
2247
2247
2248
2249
2250
2250
2251
2252
2254
2254
2255
2255
2255
2256
2256
2256
2257
2258
2259
2261
2262
2262
2263
2263
2264
2265
2265
2266
2267
2267
2268
2269
2270
2270
2271
2272
2273
2274
2275
2275
2277
2278
2279
2280
2280
2281
2281
2282
2283
2284
2284
2285
2285
2286
2288
2289
2290
2291
2292
2292
2293
2293
2294
2295
2296
2296
2298
2298
2299
2299
2300
2300
2301
2301
2301
2302
2302
2304
2305
2305
2305
2305
2306
2306
2307
2309
2309
2310
2311
2311
2312
2313
2316
2316
2316
2317
2320
2321
2321
2322
2322
2322
2324
2324
2325
2327
2329
2329
2331
2331
2331
2331
2332
2332
2332
2333
2333
2334
2334
2336
2337
2337
2337
2338
2340
2340
2340
2341
2341
2342
2342
2342
2343
2343
2343
2343
2344
2345
2347
2347
2349
2351
2353
2353
2354
2354
2354
2357
2357
2358
2360
2360
2362
2362
2362
2363
2363
2364
2366
2367
2368
2369
2370
2372
2372
2374
2374
2375
2375
2376
2376
2376
2377
2377
2377
2378
2379
2379
2380
2380
2381
2382
2383
2383
2384
2386
2386
2386
2387
2389
2391
2391
2392
2393
2394
2394
2395
2396
2397
2398
2399
2401
2402
2404
2405
2407
2407
2407
2408
2408
2409
2409
2411
2412
2412
2413
2413
2414
2416
2418
2418
2419
2419
2420
2420
2420
2421
2421
2422
2424
2425
2428
2429
2430
2430
2431
2431
2431
2432
2432
2433
2433
2434
2434
2434
2435
2435
2436
2436
2437
2437
2438
2438
2439
2440
2442
2442
2443
2445
2445
2445
2448
2449
2449
2450
2452
2454
2454
2454
2455
2455
2455
2456
2457
2458
2458
2459
2460
2462
2462
2464
2466
2469
2469
2469
2470
2472
2472
2474
2474
2474
2475
2475
2475
2476
2478
2479
2480
2480
2482
2482
2482
2483
2483
2484
2484
2485
2486
2486
2487
2488
2491
2492
2492
2493
2495
2499
2500
2501
2502
2502
2502
2503
2504
2504
2505
2505
2506
2506
2507
2508
2509
2510
2511
2512
2513
2514
2514
2515
2516
2516
2517
2519
2519
2520
2520
2521
2521
2523
2523
2523
2524
2524
2525
2525
2525
2526
2526
2527
2527
2528
2528
2529
2529
2529
2530
2530
2531
2531
2531
2531
2532
2532
2532
2533
2533
2534
2534
2535
2535
2536
2536
2537
2537
2537
2538
2538
2538
2538
2539
2539
2539
2540
2540
2541
2542
2542
2543
2544
2544
2544
2544
2545
2545
2545
2546
2546
2547
2547
2547
2548
2548
2549
2549
2550
2550
2550
2551
2551
2552
2552
2553
2553
2554
2554
2554
2555
2555
2555
2556
2557
2557
2558
2558
2559
2560
2561
2561
2561
2561
2562
2562
2563
2564
2564
2565
2565
2565
2566
2567
2567
2568
2568
2569
2569
2570
2571
2571
2572
2573
2573
2574
2574
2574
2575
2576
2576
2576
2577
2577
2578
2578
2578
2579
2580
2582
2582
2582
2584
2585
2585
2586
2586
2587
2588
2588
2589
2589
2590
2590
2591
2591
2592
2592
2593
2594
2595
2595
2596
2596
2597
2597
2597
2598
2598
2598
2598
2599
2599
2599
2600
2600
2601
2601
2602
2602
2602
2603
2603
2603
2604
2604
2604
2604
2605
2606
2606
2606
2607
2608
2608
2609
2610
2610
2611
2611
2611
2612
2612
2612
2613
2613
2614
2614
2614
2615
2615
2615
2615
2616
2616
2616
2617
2617
2618
2619
2619
2620
2620
2620
2621
2621
2621
2622
2623
2623
2624
2624
2625
2625
2626
2626
2627
2627
2628
2628
2629
2629
2629
2630
2630
2631
2631
2631
2632
2632
2632
2632
2633
2634
2634
2634
2635
2635
2635
2636
2636
2637
2637
2637
2638
2638
2639
2639
2641
2641
2642
2643
2643
2644
2644
2645
2646
2646
2647
2647
2647
2648
2648
2648
2649
2649
2649
2649
2650
2650
2650
2651
2652
2652
2653
2655
2655
2655
2656
2656
2657
2658
2658
2658
2659
2660
2661
2661
2662
2662
2662
2663
2664
2664
2665
2665
2666
2666
2666
2667
2667
2668
2668
2669
2669
2669
2670
2671
2672
2672
2673
2674
2674
2675
2676
2676
2677
2677
2678
2679
2680
2683
2684
2685
2686
2687
2689
2690
2690
2690
2694
2695
2697
2697
2699
2700
2703
2706
2707
2710
2710
2712
2712
2713
2714
2716
2720
2721
2723
2724
2726
2726
2728
2729
2729
2730
2731
2731
2732
2732
2734
2734
2736
2736
2738
2738
2739
2739
2741
2741
2742
2742
2743
2745
2745
2747
2748
2749
2749
2749
2750
2751
2751
2752
2753
2753
2754
2754
2755
2755
2757
2758
2758
2762
2762
2762
2763
2763
2764
2765
2765
2766
2767
2768
2768
2769
2769
2770
2770
2772
2773
2773
2774
2774
2775
2776
2777
2779
2781
2783
2784
2786
2786
2786
2788
2789
2792
2792
2793
2794
2795
2795
2796
2796
2797
2798
2798
2799
2800
2800
2801
2802
2802
2803
2804
2804
2805
2807
2809
2811
2811
2812
2812
2813
2813
2814
2814
2815
2816
2817
2817
2817
2818
2818
2818
2818
2819
2819
2819
2819
2820
2820
2820
2821
2822
2824
2824
2824
2826
2827
2828
2828
2830
2830
2830
2831
2831
2832
2832
2832
2833
2834
2834
2836
2837
2837
2838
2838
2839
2841
2841
2842
2845
2847
2848
2849
2850
2850
2851
2853
2853
2855
2855
2857
2858
2858
2858
2858
2859
2859
2860
2862
2863
2863
2864
2864
2864
2865
2865
2866
2867
2867
2867
2869
2871
2871
2872
2872
2873
2873
2874
2874
2875
2875
2876
2876
2877
2877
2878
2878
2879
2880
2881
2884
2884
2885
2885
2886
2887
2888
2888
2889
2889
2889
2890
2892
2892
2892
2893
2893
2893
2894
2894
2895
2897
2899
2900
2900
2901
2901
2902
2902
2903
2903
2904
2904
2905
2905
2906
2906
2907
2907
2908
2909
2909
2909
2910
2910
2910
2910
2911
2911
2911
2911
2912
2912
2912
2913
2913
2914
2914
2914
2915
2915
2915
2916
2916
2917
2917
2918
2918
2918
2919
2919
2920
2920
2921
2921
2921
2923
2923
2923
2923
2924
2924
2924
2925
2925
2925
2926
2926
2926
2927
2927
2928
2928
2928
2929
2929
2930
2930
2931
2931
2931
2932
2933
2933
2934
2934
2935
2935
2936
2936
2936
2937
2937
2938
2938
2939
2939
2940
2940
2940
2941
2941
2942
2942
2942
2943
2943
2943
2944
2944
2944
2945
2945
2945
2946
2946
2946
2947
2947
2947
2948
2948
2949
2949
2950
2951
2951
2951
2952
2953
2953
2953
2954
2954
2954
2955
2955
2956
2956
2957
2958
2958
2959
2959
2959
2960
2961
2962
2962
2962
2963
2963
2963
2964
2964
2965
2965
2965
2965
2966
2967
2967
2967
2968
2969
2969
2969
2970
2970
2971
2972
2972
2972
2973
2973
2973
2974
2974
2975
2975
2976
2976
2976
2976
2977
2978
2978
2979
2979
2980
2980
2980
2981
2981
2981
2982
2983
2983
2984
2984
2984
2986
2986
2987
2987
2988
2989
2990
2990
2991
2991
2993
2993
2994
2994
2995
2995
2996
2998
2999
3000
3001
3002
3002
3002
3003
3003
3004
3004
3005
3006
3007
3007
3008
3009
3009
3010
3010
3011
3011
3012
3012
3013
3013
3014
3014
3015
3016
3016
3016
3017
3017
3017
3018
3018
3019
3019
3020
3020
3020
3021
3021
3021
3024
3025
3025
3025
3027
3027
3028
3028
3029
3029
3030
3030
3032
3033
3034
3035
3036
3036
3037
3037
3038
3038
3039
3039
3039
3040
3041
3041
3042
3043
3043
3044
3044
3045
3046
3047
3048
3048
3048
3049
3049
3049
3050
3050
3051
3053
3053
3053
3054
3054
3055
3055
3057
3057
3057
3058
3058
3058
3059
3059
3060
3061
3061
3061
3062
3062
3062
3062
3063
3063
3063
3065
3066
3067
3067
3068
3068
3068
3069
3069
3070
3070
3071
3072
3072
3072
3072
3073
3073
3073
3074
3074
3075
3075
3075
3076
3076
3077
3077
3078
3078
3078
3079
3079
3080
3080
3081
3081
3081
3082
3082
3083
3083
3083
3084
3084
3084
3086
3086
3086
3087
3087
3087
3088
3088
3088
3089
3090
3090
3090
3091
3092
3093
3093
3093
3094
3094
3095
3096
3097
3097
3098
3098
3099
3099
3100
3100
3100
3101
3102
3103
3103
3104
3104
3105
3105
3106
3106
3107
3107
3108
3108
3109
3110
3110
3113
3114
3116
3117
3119
3119
3120
3121
3122
3123
3124
3124
3125
3125
3128
3128
3128
3129
3130
3130
3130
3131
3131
3132
3133
3133
3134
3134
3135
3137
3137
3138
3138
3139
3139
3140
3140
3141
3141
3142
3142
3143
3143
3144
3144
3146
3147
3147
3148
3148
3149
3149
3150
3150
3151
3151
3152
3152
3152
3153
3153
3154
3155
3155
3157
3158
3158
3159
3160
3160
3160
3161
3161
3161
3162
3162
3163
3163
3163
3164
3164
3164
3165
3165
3165
3166
3166
3167
3167
3168
3169
3169
3170
3170
3171
3171
3172
3173
3173
3174
3174
3174
3175
3175
3176
3176
3177
3178
3178
3179
3179
3180
3181
3181
3182
3182
3183
3184
3184
3185
3186
3186
3187
3188
3189
3189
3190
3190
3191
3191
3191
3192
3192
3192
3193
3194
3195
3196
3197
3197
3198
3199
3200
3200
3200
3201
3202
3203
3203
3204
3204
3204
3206
3206
3208
3208
3210
3210
3211
3212
3213
3214
3215
3216
3216
3217
3218
3220
3221
3222
3222
3224
3225
3225
3226
3228
3229
3229
3230
3230
3230
3231
3231
3231
3232
3232
3235
3236
3237
3238
3238
3239
3240
3241
3241
3242
3243
3243
3244
3245
3246
3247
3247
3248
3249
3250
3251
3251
3253
3253
3253
3254
3256
3256
3257
3257
3259
3260
3261
3261
3262
3263
3263
3264
3266
3268
3269
3269
3270
3271
3271
3272
3273
3273
3275
3275
3276
3277
3277
3278
3279
3280
3281
3282
3288
3288
3289
3290
3291
3292
3293
3294
3295
3296
3298
3300
3301
3301
3302
3302
3304
3305
3306
3306
3307
3307
3307
3310
3310
3311
3311
3312
3312
3313
3313
3314
3314
3315
3315
3316
3316
3316
3317
3318
3319
3320
3321
3322
3322
3323
3325
3325
3327
3327
3329
3329
3331
3332
3333
3334
3335
3336
3336
3337
3337
3338
3338
3339
3343
3343
3344
3345
3345
3346
3347
3347
3347
3348
3348
3348
3349
3349
3350
3351
3351
3352
3352
3353
3354
3354
3355
3355
3356
3356
3357
3357
3357
3358
3359
3359
3359
3360
3360
3361
3363
3363
3363
3364
3366
3367
3367
3368
3369
3369
3370
3371
3371
3372
3373
3373
3374
3375
3375
3376
3377
3377
3377
3378
3379
3379
3380
3381
3382
3383
3384
3384
3387
3388
3388
3389
3389
3390
3391
3391
3394
3394
3394
3397
3397
3398
3399
3399
3403
3404
3405
3405
3406
3407
3409
3411
3412
3413
3415
3416
3417
3421
3421
3423
3424
3425
3429
3429
3429
3430
3431
3432
3433
3433
3433
3433
3434
3434
3435
3435
3435
3436
3436
3437
3437
3437
3438
3438
3438
3439
3439
3439
3440
3440
3440
3440
3442
3442
3443
3443
3444
3445
3446
3446
3447
3447
3447
3448
3449
3449
3450
3450
3451
3451
3451
3453
3454
3454
3454
3455
3456
3456
3457
3457
3458
3459
3460
3461
3462
3463
3464
3465
3466
3467
3469
3471
3471
3472
3472
3473
3473
3474
3475
3476
3476
3477
3478
3479
3480
3481
3482
3483
3483
3484
3485
3485
3486
3487
3488
3490
3491
3492
3493
3495
3495
3495
3496
3497
3497
3497
3498
3498
3500
3500
3500
3501
3502
3502
3503
3504
3504
3506
3508
3508
3509
3509
3510
3511
3511
3513
3515
3515
3516
3517
3517
3518
3519
3519
3520
3520
3521
3521
3522
3523
3524
3525
3526
3527
3529
3529
3531
3531
3531
3532
3532
3533
3533
3533
3534
3534
3535
3535
3537
3537
3539
3539
3540
3540
3541
3542
3543
3543
3545
3546
3547
3548
3549
3549
3551
3551
3553
3554
3555
3557
3558
3559
3560
3560
3560
3561
3561
3562
3562
3562
3563
3563
3564
3564
3564
3564
3565
3565
3565
3565
3566
3566
3566
3567
3568
3568
3569
3569
3570
3570
3570
3571
3571
3572
3572
3573
3573
3574
3576
3577
3578
3581
3583
3584
3585
3585
3587
3588
3590
3590
3590
3590
3591
3592
3595
3595
3596
3596
3597
3597
3597
3597
3598
3598
3598
3598
3599
3599
3599
3600
3600
3600
3600
3601
3601
3601
3601
3602
3602
3602
3603
3603
3603
3604
3604
3604
3604
3605
3605
3605
3606
3606
3606
3606
3607
3607
3607
3607
3608
3608
3608
3609
3609
3610
3610
3610
3611
3612
3612
3612
3613
3613
3614
3614
3614
3615
3615
3616
3616
3617
3617
3618
3618
3618
3619
3620
3620
3621
3621
3623
3623
3624
3625
3625
3627
3627
3628
3628
3629
3630
3631
3631
3633
3633
3635
3636
3636
3636
3637
3637
3638
3638
3638
3639
3639
3640
3640
3642
3643
3644
3645
3645
3647
3648
3648
3650
3650
3652
3652
3653
3653
3654
3655
3656
3656
3657
3657
3658
3659
3660
3660
3660
3661
3662
3662
3662
3663
3664
3664
3665
3665
3665
3666
3666
3667
3667
3668
3669
3672
3673
3674
3674
3676
3676
3676
3677
3679
3681
3682
3683
3683
3685
3685
3685
3686
3686
3686
3687
3687
3688
3688
3689
3689
3690
3690
3691
3692
3693
3693
3693
3694
3694
3695
3695
3695
3696
3696
3697
3697
3698
3698
3699
3699
3700
3700
3701
3702
3703
3703
3704
3705
3705
3706
3707
3708
3709
3709
3710
3711
3712
3712
3713
3713
3713
3714
3714
3714
3715
3716
3717
3717
3718
3719
3719
3720
3721
3721
3722
3722
3723
3723
3724
3724
3725
3725
3726
3727
3728
3728
3729
3729
3730
3730
3730
3731
3731
3733
3734
3734
3735
3735
3735
3736
3736
3737
3737
3737
3738
3738
3739
3739
3739
3740
3740
3741
3741
3742
3742
3742
3743
3743
3744
3744
3745
3745
3745
3747
3747
3747
3748
3748
3749
3750
3752
3753
3753
3754
3754
3755
3756
3757
3757
3757
3759
3760
3761
3761
3761
3761
3762
3762
3762
3762
3763
3763
3763
3764
3764
3764
3765
3765
3765
3766
3766
3766
3766
3770
3771
3771
3771
3772
3772
3772
3773
3773
3773
3773
3774
3774
3774
3775
3775
3775
3776
3776
3776
3776
3777
3777
3777
3778
3778
3778
3779
3779
3779
3780
3780
3780
3781
3781
3781
3784
3784
3785
3785
3786
3786
3787
3787
3787
3788
3789
3790
3791
3791
3792
3792
3793
3793
3793
3793
3795
3795
3797
3797
3798
3798
3799
3799
3800
3800
3801
3802
3802
3802
3803
3803
3804
3804
3804
3805
3805
3805
3806
3806
3806
3807
3807
3807
3808
3808
3808
3809
3809
3810
3810
3812
3812
3812
3812
3813
3813
3813
3814
3815
3815
3817
3818
3818
3819
3820
3820
3821
3821
3821
3822
3822
3823
3823
3823
3825
3825
3825
3826
3827
3827
3829
3829
3830
3831
3831
3832
3832
3833
3834
3835
3835
3836
3836
3836
3837
3837
3838
3838
3840
3840
3840
3841
3841
3841
3842
3842
3843
3844
3845
3845
3846
3846
3847
3847
3847
3847
3849
3850
3850
3851
3852
3852
3853
3854
3856
3857
3857
3858
3859
3860
3860
3861
3862
3862
3863
3864
3865
3867
3867
3868
3868
3869
3869
3870
3870
3871
3872
3872
3873
3874
3875
3875
3875
3876
3876
3877
3878
3878
3879
3879
3880
3880
3881
3882
3882
3883
3883
3883
3884
3885
3885
3886
3887
3887
3888
3890
3891
3892
3893
3893
3893
3896
3897
3897
3898
3898
3899
3900
3900
3901
3902
3904
3904
3905
3906
3907
3908
3909
3910
3910
3910
3912
3912
3913
3914
3914
3915
3915
3915
3916
3916
3917
3918
3919
3919
3920
3921
3921
3923
3925
3929
3930
3930
3930
3932
3935
3936
3937
3937
3937
3938
3939
3941
3941
3942
3942
3942
3943
3943
3943
3944
3944
3945
3946
3946
3947
3948
3948
3949
3951
3953
3954
3954
3955
3955
3958
3960
3960
3963
3963
3964
3964
3965
3967
3967
3968
3968
3968
3969
3969
3970
3970
3971
3972
3973
3974
3975
3976
3977
3978
3979
3979
3981
3982
3983
3984
3985
3986
3989
3992
3995
3996
3997
3998
3999
4001
4001
4002
4003
4005
4006
4006
4008
4010
4012
4013
4013
4014
4014
4015
4015
4016
4017
4019
4019
4020
4021
4023
4025
4025
4027
4029
4029
4030
4031
4033
4034
4034
4035
4035
4037
4037
4038
4038
4040
4042
4042
4043
4044
4045
4045
4046
4047
4048
4048
4049
4050
4051
4051
4052
4053
4054
4054
4055
4056
4058
4058
4059
4060
4060
4061
4061
4062
4062
4063
4064
4064
4065
4066
4067
4067
4069
4071
4073
4074
4074
4075
4075
4076
4076
4077
4078
4078
4078
4080
4082
4082
4083
4084
4086
4086
4086
4087
4088
4089
4090
4092
4092
4094
4094
4095
4095
4096
4097
4098
4098
4098
4099
4100
4101
4102
4102
4103
4103
4104
4104
4105
4106
4106
4107
4107
4107
4108
4109
4109
4110
4110
4110
4111
4112
4113
4114
4114
4115
4116
4116
4116
4117
4118
4118
4119
4120
4121
4122
4122
4122
4122
4123
4124
4125
4125
4125
4126
4127
4127
4127
4128
4128
4129
4129
4130
4130
4132
4132
4133
4133
4133
4134
4135
4135
4136
4136
4137
4138
4139
4141
4141
4141
4142
4142
4143
4144
4144
4145
4145
4146
4147
4148
4148
4149
4150
4151
4151
4152
4153
4153
4154
4155
4156
4156
4156
4157
4157
4158
4160
4160
4161
4161
4161
4163
4163
4164
4165
4166
4168
4168
4169
4170
4170
4171
4172
4173
4173
4173
4174
4175
4175
4175
4176
4176
4177
4177
4178
4179
4179
4179
4180
4181
4182
4182
4183
4183
4184
4184
4185
4185
4187
4189
4189
4191
4193
4193
4194
4195
4197
4197
4198
4199
4201
4201
4202
4202
4204
4205
4207
4209
4209
4210
4211
4211
4212
4213
4213
4214
4215
4217
4217
4218
4219
4219
4220
4221
4223
4223
4224
4225
4226
4226
4227
4228
4230
4232
4234
4236
4238
4239
4240
4240
4241
4242
4244
4244
4246
4246
4247
4248
4249
4249
4250
4250
4251
4252
4252
4252
4253
4254
4255
4257
4257
4258
4259
4261
4261
4262
4262
4263
4264
4266
4266
4267
4269
4269
4269
4270
4271
4273
4275
4277
4278
4280
4282
4284
4286
4288
4290
4292
4294
4295
4296
4297
4298
4298
4300
4302
4302
4304
4306
4308
4309
4310
4312
4312
4313
4315
4317
4317
4318
4319
4321
4321
4322
4322
4323
4325
4325
4327
4328
4329
4331
4333
4335
4335
4336
4337
4339
4339
4340
4341
4343
4345
4345
4346
4347
4348
4350
4351
4351
4351
4352
4353
4354
4356
4358
4360
4360
4361
4362
4363
4363
4364
4365
4366
4367
4368
4368
4369
4370
4372
4374
4374
4375
4376
4377
4377
4378
4379
4381
4383
4385
4387
4389
4389
4391
4393
4393
4394
4395
4397
4399
4401
4402
4404
4406
4408
4410
4412
4413
4413
4414
4414
4414
4415
4416
4416
4418
4418
4419
4420
4421
4422
4422
4423
4424
4425
4425
4426
4427
4429
4431
4433
4433
4434
4434
4436
4436
4437
4438
4439
4439
4440
4441
4443
4445
4445
4446
4447
4449
4449
4450
4450
4452
4452
4453
4454
4456
4456
4456
4457
4457
4459
4461
4463
4465
4467
4468
4470
4471
4473
4473
4473
4473
4474
4475
4476
4476
4477
4478
4480
4480
4481
4482
4484
4484
4485
4486
4487
4487
4488
4489
4490
4491
4491
4492
4493
4494
4494
4495
4496
4496
4497
4498
4499
4499
4500
4500
4501
4503
4503
4504
4505
4507
4507
4507
4508
4509
4511
4513
4515
4516
4516
4517
4518
4519
4519
4520
4520
4521
4522
4522
4523
4524
4525
4526
4526
4527
4528
4529
4531
4532
4532
4533
4533
4535
4536
4537
4537
4538
4539
4540
4540
4541
4542
4543
4543
4544
4545
4547
4547
4548
4549
4551
4553
4555
4555
4556
4557
4559
4559
4560
4561
4562
4564
4565
4565
4566
4567
4569
4570
4571
4571
4572
4573
4573
4574
4575
4576
4576
4577
4578
4580
4580
4581
4582
4583
4584
4585
4585
4586
4586
4587
4587
4588
4589
4591
4591
4591
4592
4593
4593
4594
4595
4597
4597
4597
4598
4599
4601
4601
4602
4602
4603
4603
4604
4605
4606
4607
4607
4608
4609
4611
4611
4611
4612
4613
4613
4614
4615
4615
4616
4617
4617
4619
4619
4620
4621
4621
4622
4623
4623
4624
4625
4625
4626
4627
4627
4628
4629
4631
4631
4632
4633
4633
4634
4635
4635
4637
4637
4637
4638
4639
4639
4641
4641
4642
4642
4643
4643
4644
4645
4647
4647
4648
4649
4649
4650
4650
4650
4651
4652
4652
4653
4653
4654
4654
4655
4656
4656
4657
4658
4658
4659
4660
4661
4662
4662
4663
4663
4664
4664
4665
4665
4666
4666
4667
4668
4668
4669
4670
4671
4672
4672
4673
4674
4674
4675
4676
4678
4678
4678
4679
4679
4681
4681
4682
4683
4683
4684
4684
4685
4686
4688
4688
4688
4688
4689
4689
4690
4690
4691
4692
4692
4693
4693
4694
4696
4697
4697
4697
4698
4698
4699
4699
4700
4700
4701
4701
4701
4703
4703
4704
4705
4707
4707
4708
4708
4709
4709
4710
4711
4711
4712
4713
4713
4714
4715
4715
4715
4716
4716
4717
4717
4718
4718
4719
4721
4721
4722
4723
4724
4726
4726
4727
4728
4728
4729
4730
4731
4732
4732
4733
4734
4734
4735
4736
4738
4738
4739
4739
4740
4741
4741
4742
4743
4745
4747
4747
4748
4748
4749
4749
4751
4751
4752
4753
4753
4754
4755
4757
4757
4757
4758
4758
4759
4759
4760
4761
4761
4762
4763
4765
4765
4766
4767
4767
4768
4769
4771
4771
4771
4772
4773
4773
4774
4775
4775
4776
4777
4777
4778
4779
4779
4780
4780
4781
4783
4783
4784
4785
4786
4786
4787
4788
4790
4790
4791
4792
4794
4794
4795
4796
4798
4800
4800
4801
4802
4804
4804
4805
4806
4808
4808
4809
4810
4811
4813
4813
4814
4814
4815
4816
4816
4817
4818
4819
4821
4822
4822
4823
4824
4824
4825
4826
4827
4827
4828
4829
4829
4830
4831
4833
4833
4834
4835
4837
4838
4839
4841
4841
4842
4843
4843
4844
4845
4846
4846
4848
4848
4849
4850
4850
4852
4853
4853
4854
4854
4855
4856
4858
4858
4859
4860
4862
4864
4866
4868
4868
4869
4870
4871
4872
4872
4873
4874
4876
4878
4878
4879
4880
4882
4882
4884
4884
4885
4886
4888
4890
4890
4891
4892
4892
4894
4896
4896
4897
4898
4900
4900
4901
4902
4902
4903
4905
4905
4906
4907
4909
4909
4910
4910
4911
4912
4913
4913
4915
4915
4916
4917
4919
4919
4920
4920
4921
4922
4924
4924
4925
4926
4928
4930
4930
4931
4932
4934
4934
4935
4936
4936
4937
4938
4940
4940
4941
4942
4944
4944
4945
4946
4948
4950
4950
4951
4952
4954
4956
4958
4959
4960
4962
4964
4964
4965
4966
4966
4967
4968
4970
4970
4971
4972
4974
4974
4975
4975
4976
4978
4978
4979
4979
4980
4982
4982
4983
4984
4986
4986
4987
4988
4990
4990
4991
4992
4994
4995
4996
4996
4997
4998
5000
5000
5001
5002
5002
5003
5004
5006
5006
5007
5008
5009
5011
5011
5012
5013
5015
5015
5016
5017
5019
5019
5020
5021
5023
5023
5024
5025
5027
5029
5029
5030
5031
5033
5033
5034
5035
4437
3201
3202
3203
4621
4623
4663
4664
4752
4754
3175
4687
3166
3282
3262
3253
3274
3165
4439
3248
3523
3524
3430
3429
4176
4175
3714
3716
4178
4249
3359
3360
3750
3752
4831
495
4849
4851
3515
3518
2259
2260
3975
3912
3043
3052
2972
2997
5007
3019
5012
2990
3079
3118
2915
3085
3117
3088
4461
2261
2708
2707
1028
1029
1236
1237
458
457
730
729
2425
2426
1806
1807
1792
1793
570
569
2709
2706
2920
2982
2953
2979
4782
4780
3698
3697
3905
3904
3869
3901
3081
3095
2913
3060
3038
3091
3030
3047
2478
2479
2630
2643
4509
2658
4773
4772
4966
4642
2633
2626
2664
2674
2669
2670
2638
2663
2476
2477
2820
2821
3666
3665
4648
4970
4474
2532
2572
2535
4602
4604
4690
4689
4909
4182
3692
3689
2567
2823
3304
2884
3669
3671
511
510
4266
4799
3992
3918
4599
3917
1200
1201
37
36
3673
3672
3293
3294
2417
2416
1622
1621
4118
4886
4117
4115
2043
2042
821
820
3920
4379
473
4895
4102
4104
2414
2415
336
372
787
788
968
1307
1314
1546
1549
1562
1611
1623
1729
1751
1777
1809
1831
1886
1977
2012
2063
2070
2077
2163
2177
2238
2283
2313
2315
2333
2390
2401
2409
2679
2681
2690
2738
2768
2783
2787
2788
2809
2810
2828
2831
2846
2848
2850
2860
2861
2862
2883
2890
2894
2898
3121
3123
3126
3133
3134
3136
3137
3156
3289
3290
3295
3300
3309
3317
3319
3320
3323
3324
3325
3326
3335
3336
3340
3341
3342
3361
3364
3371
3376
3385
3392
3393
3400
3402
3419
3422
3426
3427
3428
3444
3453
3466
3469
3499
3559
3580
4200
4223
4246
4304
4386
4390
572
1184
919
1844
985
2005
3453
3421
2071
2072
1861
1862
2365
2364
1860
1863
1773
1772
2385
2384
1771
1770
930
931
1136
1248
1137
234
997
987
1110
937
929
1330
1282
551
1297
4397
1035
743
396
855
3580
3510
2245
2246
660
659
1040
1039
657
658
1491
1493
2120
2119
1492
1494
1510
1509
2148
506
2147
3400
3310
1840
1841
2373
2372
1839
1842
191
190
367
368
761
762
369
370
1129
1130
1767
35
1768
3376
3375
4403
4401
1829
1828
1186
1187
1327
1328
2045
2044
1329
1326
609
608
1106
1105
607
309
606
3428
3391
1470
1471
769
767
1167
1166
768
766
942
940
1521
1520
943
941
1732
1731
2344
456
2503
3126
2841
1887
1890
2400
2399
1889
1888
132
129
2003
2000
2696
2695
2001
2002
131
130
14
945
13
3427
3424
1497
1496
16
4921
4923
183
107
104
1364
1363
1978
1979
1365
1366
106
105
219
946
218
3134
3135
1108
1107
241
242
1852
1854
2352
2351
1851
1853
632
631
1064
1065
2179
2178
2807
353
2808
1307
740
2241
2240
2757
2758
2295
2293
2869
2870
2294
2292
1286
1287
728
727
517
516
939
1058
938
3326
2859
1835
1833
2361
2360
1836
1834
1125
1127
1756
1757
1124
1126
979
981
1586
1587
978
502
980
440
634
461
449
391
1415
210
854
2862
2851
1079
1078
1223
1220
1849
1848
1222
1221
1255
1253
1906
1907
1254
1252
951
950
1418
1246
1417
677
1668
30
274
1291
1488
200
547
536
318
3426
3425
2187
2186
2789
2790
2184
2185
565
566
1018
1019
564
567
46
47
1691
1690
2308
294
2307
3121
2798
1284
1285
321
322
603
604
4262
4261
616
619
1073
1074
617
618
4205
207
403
266
402
505
3320
3315
1240
1241
4069
27
666
667
1070
1069
668
669
1394
1397
2026
2027
1395
1396
89
1776
88
507
1468
575
270
3469
3470
2061
2060
4344
170
956
957
1349
1350
71
70
1634
1633
2229
2230
1635
1632
922
598
923
1467
515
3317
2769
1196
1195
1921
1920
1589
1588
1111
1113
1785
1784
1114
1112
21
22
742
741
1265
583
1266
692
520
2828
2829
306
4072
1338
1339
1896
1897
1340
1341
53
55
1316
1315
1974
1975
1317
1318
54
2253
56
3323
2838
2118
2117
2755
2756
2115
2116
250
251
1523
1525
2133
2132
1524
1522
4082
4084
109
534
108
1247
549
2883
2751
1161
1162
357
356
705
704
1796
1794
2370
2371
1797
1795
529
528
1642
1643
2248
661
2249
1244
361
392
429
424
1121
1726
1017
2775
2776
4935
1190
2168
2167
4878
4880
953
952
1046
1045
2251
2252
1958
1959
1361
1360
2778
2777
2525
2528
3628
3629
2562
2570
4580
4583
3938
3937
4757
5028
3722
3723
2574
4908
3569
3568
2566
2564
2270
2271
2981
2985
3027
3044
3829
3976
3995
3921
2971
2970
3094
3111
3059
3071
3116
3101
2273
2272
830
829
3646
3645
4174
4827
4533
4528
492
490
488
484
3884
3883
4183
4914
3683
3684
481
479
2494
2493
1403
1404
1440
1441
640
639
451
450
2456
2457
4811
4150
3826
3839
1118
1117
2496
2495
3555
3556
2865
2866
3814
3817
3747
3748
4959
4681
3887
3800
3731
3733
1004
1005
2801
2800
3512
3511
3206
3207
3172
3171
3222
3252
3198
3190
3246
3229
3188
3174
4769
4767
3899
3897
3880
3881
3247
3245
2711
2710
2617
2623
4505
2652
2634
4501
3900
3913
2622
2614
4653
4655
2665
2667
2673
2661
2715
2712
2952
2958
3614
4579
3797
3830
4475
4991
3008
2944
3945
3803
5005
5003
4912
3053
3660
3661
3018
3046
2290
4464
2937
2961
3015
3034
2916
2962
3000
2999
2939
2968
3849
3846
3055
3065
3109
3098
2287
2286
1992
1991
3680
3679
3353
3354
3832
3842
1998
1997
1987
1988
3996
3997
3356
3355
3593
3591
1993
1996
2732
2733
4033
4368
3377
3378
655
4283
2750
2749
4550
1150
97
96
3381
3380
4073
4796
2729
2728
1875
1874
3480
3479
3327
3328
3477
3475
1867
1866
1879
1878
3485
3489
3329
3330
3487
3484
1871
1870
2465
2464
1008
1009
2354
2355
1310
1309
2896
2895
2785
2784
672
673
731
732
1688
4211
2466
2467
3545
3546
4051
4237
3652
3655
4239
4243
3551
3552
3542
3540
4048
4234
3656
3659
4238
4792
3549
3550
2811
2812
3608
3609
4135
475
3519
3520
4522
4524
4124
4121
3706
3705
4159
4156
3532
3531
2762
2764
2935
2960
2987
2988
3014
4891
3853
3845
3035
3001
2951
4492
3087
3104
3048
3051
4564
4568
3049
3056
3409
3410
3457
4552
3585
3586
3463
3461
3418
3417
3405
3406
3456
4554
3588
3587
3465
3464
3413
3414
2277
4444
2945
2949
3024
3013
2919
2963
4486
4646
2917
2964
3102
3114
3063
3066
3092
3078
2275
2276
2780
2779
1042
1041
2109
2110
2840
2839
2835
2834
2422
2423
2172
2173
818
819
1408
1407
2781
2782
3558
3557
2868
2867
3859
3964
3745
3746
3596
3595
3852
3951
3730
3732
1007
1006
2802
2803
3513
3514
3196
3224
3184
3194
3225
3226
4763
4761
3236
3197
3214
3173
4633
4635
3159
3158
3277
3254
3242
3237
2998
2993
3615
3616
3021
3031
2989
2974
4597
4961
3820
3843
3105
3112
3083
4496
3663
3662
3061
3064
2488
2489
1177
1178
1306
1305
3828
3827
4352
4351
622
623
2281
2282
4014
4013
840
841
2490
2487
2608
2609
3630
3627
4957
4892
3729
4617
2624
2611
2612
4493
3724
3721
2653
2647
3567
3566
2636
2625
469
471
3644
3647
472
476
4518
4530
4144
4129
4809
4126
474
480
4155
4147
3682
3681
825
826
2714
2713
2533
2526
2573
2581
2548
2559
3851
3844
2542
2534
4750
4748
2529
2587
3866
3834
2716
2717
2730
2731
4202
4064
3379
3382
601
600
4471
2521
2519
2520
970
971
4539
4872
298
297
2735
2734
3544
3543
4228
4225
3653
3654
4232
4047
3554
3553
3541
3539
4787
4224
3657
3658
4230
4044
3548
3547
2288
2289
2928
2932
3011
3012
2925
4500
4741
4743
2940
2950
3885
3886
4727
4729
4736
4734
4466
2291
3407
3408
3458
3459
3581
3582
1378
4342
3416
3415
3404
3403
3460
3462
3584
3583
1377
4338
3412
3411
2813
2814
3610
3611
491
489
3521
3522
2889
4649
3867
3802
3704
3703
4177
4181
3534
3533
2765
2763
2463
2462
1147
1146
2407
2408
468
467
4107
4109
1219
1218
1943
1942
2139
2140
1457
1456
2461
2460
1985
1986
3677
3678
3349
3350
3868
3955
1995
1994
1983
1984
3882
3990
3352
3351
3594
3592
1990
1989
2922
2921
2929
2930
3006
3010
2956
2926
4637
3002
4978
2942
3067
3110
4717
4715
4857
4701
3036
3007
1873
1872
3481
3482
3331
3332
3478
3476
1865
1864
1877
1876
3488
3490
3333
3334
3486
3483
1868
1869
10
11
12
15
24
25
26
28
29
31
33
34
40
41
51
58
59
60
65
74
76
79
81
84
85
91
94
99
114
117
124
145
159
160
164
176
179
180
189
192
227
244
245
249
276
277
282
284
285
315
317
319
325
329
377
378
393
398
405
407
409
417
432
435
437
438
452
498
514
539
540
548
550
576
578
579
605
633
633
643
643
645
646
664
665
722
738
785
800
826
827
830
831
850
858
861
862
880
886
887
903
947
948
964
996
998
1032
1033
1061
1082
1083
1090
1091
1123
1148
1173
1174
1189
1192
1267
1295
1296
1335
1342
1343
1344
1345
1383
1384
1385
1386
1387
1388
1392
1409
1423
1435
1436
1442
1443
1445
1446
1451
1452
1453
1463
1464
1489
1503
1504
1507
1508
1526
1532
1533
1541
1553
1556
1558
1580
1590
1592
1593
1612
1620
1627
1628
1641
1649
1659
1673
1674
1675
1676
1687
1702
1707
1713
1715
1716
1723
1728
1744
1753
1769
1800
1814
1859
1899
1900
1901
1902
1919
1923
1985
1989
1992
1996
2008
2020
2021
2022
2023
2025
2031
2032
2033
2034
2054
2062
2074
2097
2098
2129
2137
2143
2154
2160
2165
2175
2182
2188
2189
2195
2196
2197
2203
2209
2210
2211
2212
2213
2214
2215
2216
2242
2244
2259
2261
2270
2272
2274
2276
2277
2280
2284
2286
2288
2290
2291
2313
2315
2326
2327
2330
2338
2346
2347
2349
2350
2359
2367
2368
2375
2376
2392
2393
2403
2404
2415
2417
2424
2429
2432
2433
2436
2437
2439
2443
2444
2450
2451
2453
2453
2458
2460
2463
2465
2467
2471
2473
2477
2478
2483
2487
2488
2494
2495
2497
2498
2498
2501
2502
2505
2506
2507
2507
2508
2508
2509
2509
2510
2510
2511
2512
2517
2518
2522
2527
2540
2564
2607
2608
2625
2680
2682
2685
2688
2689
2689
2691
2693
2698
2699
2701
2704
2706
2708
2711
2712
2714
2717
2719
2720
2721
2723
2727
2727
2728
2730
2732
2734
2737
2746
2748
2753
2759
2760
2761
2763
2764
2775
2777
2780
2782
2794
2811
2813
2815
2816
2822
2823
2825
2826
2833
2836
2843
2847
2849
2852
2854
2855
2856
2857
2861
2890
2897
2908
2922
2934
2952
2955
2957
2986
3007
3037
3047
3054
3064
3125
3127
3162
3169
3177
3193
3196
3209
3228
3237
3243
3248
3260
3292
3294
3297
3298
3302
3304
3305
3308
3309
3324
3343
3345
3362
3365
3367
3368
3369
3370
3387
3389
3407
3409
3411
3414
3439
3445
3448
3449
3452
3511
3514
3516
3518
3523
3525
3544
3545
3547
3550
3555
3558
3575
3576
3577
3579
3796
3798
3801
3807
3811
3815
3822
3824
3848
3854
3857
3858
3863
3864
3873
3875
3877
3879
3888
3889
3895
3902
3903
3908
3910
3911
3924
3927
3928
3929
3934
3935
3936
3941
3942
3946
3950
3952
3956
3968
3969
3973
3977
3978
3979
3980
3988
3991
3998
4001
4003
4006
4007
4008
4010
4018
4022
4025
4026
4035
4035
4038
4038
4043
4045
4050
4053
4087
4087
4100
4100
4189
4191
4208
4227
4240
4268
4272
4273
4305
4309
4316
4335
4339
4363
4409
4410
4423
4428
4434
4436
4438
4441
4447
4450
4455
4457
4459
4462
4463
4465
4480
4482
4531
4532
4542
4544
4556
4561
4585
4608
4650
4722
4788
4791
4803
4807
4834
4928
4949
4950
3302
3303
3670
3668
512
513
4264
4074
3963
3943
4596
4591
1199
4318
38
39
3675
3674
2863
3292
2825
2610
3667
3664
2616
2660
2597
2605
4146
4901
4963
4611
2659
2655
2648
4498
3691
3690
2827
2824
2721
2722
4165
4166
4161
487
482
485
4172
4820
4813
4814
4821
4823
4826
4955
1153
4321
2724
2723
2471
2470
2557
4477
2580
2575
2556
2554
4484
2553
2546
2530
2591
2593
3939
3940
2596
2594
2472
2473
2955
3023
2954
3005
3028
4899
3699
3700
4678
4680
3870
3981
3103
3120
3089
3082
3020
3097
4588
4586
3525
3526
4844
4842
4142
4012
3715
3713
4133
4134
3358
3357
3749
3751
470
4131
3509
3508
3517
3516
2701
2700
1228
1229
1140
1141
907
906
2269
2268
778
779
834
835
1761
1760
346
347
2702
2699
2244
4460
2994
2996
3026
3025
2978
2991
3022
3003
2992
2946
3096
3119
4488
3086
3115
3107
2243
2242
3177
3180
3181
3176
3218
3221
3220
3179
3923
3919
4629
4627
3272
3271
3160
3249
3280
3270
3265
3238
409
408
3496
3495
3861
4076
3710
3709
64
63
2103
2104
3727
3728
3835
3947
3571
3570
4088
378
2607
2602
4862
4570
4141
4896
3719
3720
3960
3954
4494
4672
3753
3756
2651
2650
4866
4575
3819
3810
2855
4800
3529
3530
1686
1685
2744
2743
1655
1654
1604
1605
2766
2767
4395
1816
3528
3527
2480
2854
2367
2366
2558
2539
2578
2583
2560
2550
2568
2551
2537
2543
2589
2592
4489
2586
2595
2585
2369
2368
3577
3442
813
814
3649
3648
811
812
3502
3503
3500
3501
797
798
3641
3640
796
795
3578
3579
3445
3446
4559
4562
3650
3651
852
851
3507
3506
3504
3505
837
838
3642
3643
4470
4545
3450
3449
2517
4411
881
882
6
7
296
295
612
611
201
202
4217
1044
2303
2302
1258
1257
2516
2518
4802
4034
3384
3383
518
519
149
150
3953
3957
3958
3959
174
175
621
620
3373
3374
4015
4017
3219
3191
3233
3178
3257
3258
3232
3235
4997
3216
4661
4659
3273
3276
3168
3161
3286
3185
3163
3239
3448
3447
4557
4467
3625
3626
734
735
3494
3493
3492
3491
780
781
3634
3633
4839
4540
3451
3452
3209
3195
4671
4669
3241
3259
3205
3204
5009
4698
4709
4708
3279
3287
3267
3167
3278
3268
3263
3256
407
4099
3498
3497
3983
3982
3708
3707
62
61
2102
2101
3725
3726
3804
3894
3573
3572
376
377
4021
4019
3398
3397
843
844
522
523
3993
3805
3925
3926
271
272
749
750
3395
3394
4037
4806
2403
2402
992
993
2
3
545
544
2770
2771
924
925
526
525
560
559
1374
1373
2405
2404
3575
3574
700
699
3621
3622
697
698
3474
3473
3472
3471
757
758
3631
3632
756
755
3443
3576
2346
2345
4777
4776
2631
2644
2642
2629
2654
2635
2640
2628
2627
2672
2671
2662
3890
3891
2348
2347
2540
2541
4569
4860
3837
3838
3717
3718
4706
4173
4711
4713
3754
3755
2584
2524
4571
4865
2523
4483
2856
2485
3538
3537
1963
1964
2880
2881
4204
4259
1718
1717
2806
2805
1895
1894
3536
3535
4804
2857
)


// ************************************************************************* //
