/*--------------------------------*- C++ -*----------------------------------*\
| =========                 |                                                 |
| \\      /  F ield         | OpenFOAM: The Open Source CFD Toolbox           |
|  \\    /   O peration     | Version:  2412                                  |
|   \\  /    A nd           | Website:  www.openfoam.com                      |
|    \\/     M anipulation  |                                                 |
\*---------------------------------------------------------------------------*/
FoamFile
{
    version     2.0;
    format      ascii;
    arch        "LSB;label=32;scalar=64";
    class       vectorField;
    location    "constant/inner_box/polyMesh";
    object      points;
}
// * * * * * * * * * * * * * * * * * * * * * * * * * * * * * * * * * * * * * //


1459
(
(0.05 0.0275 0)
(0.097 0.0275 0)
(0.144 0.0275 0)
(0.191 0.0275 0)
(0.191 0.3325 0)
(0.144 0.3325 0)
(0.097 0.3325 0)
(0.05 0.3325 0)
(0.191 0.0275 0.39)
(0.144 0.0275 0.39)
(0.097 0.0275 0.39)
(0.05 0.0275 0.39)
(0.191 0.3325 0.39)
(0.144 0.3325 0.39)
(0.097 0.3325 0.39)
(0.05 0.3325 0.39)
(0 0.18 0.145)
(0.1 0.18 0.145)
(0 0 0.39)
(0 0.065 0.39)
(0 0.065 0)
(0 0 0)
(0 0.295 0.39)
(0 0.295 0)
(0 0.36 0.39)
(0 0.36 0)
(0.206 0 0)
(0.206 0 0.39)
(0.206 0.36 0.39)
(0.206 0.36 0)
(0.045905778 0.038748783 0)
(0.035538843 0.044734136 0)
(0.02375 0.042655445 0)
(0.016055379 0.033485353 0)
(0.016055379 0.021514647 0)
(0.02375 0.012344555 0)
(0.035538843 0.010265864 0)
(0.045905778 0.016251217 0)
(0.092905778 0.038748783 0)
(0.082538843 0.044734136 0)
(0.07075 0.042655445 0)
(0.063055379 0.033485353 0)
(0.063055379 0.021514647 0)
(0.07075 0.012344555 0)
(0.082538843 0.010265864 0)
(0.092905778 0.016251217 0)
(0.13990578 0.038748783 0)
(0.12953884 0.044734136 0)
(0.11775 0.042655445 0)
(0.11005538 0.033485353 0)
(0.11005538 0.021514647 0)
(0.11775 0.012344555 0)
(0.12953884 0.010265864 0)
(0.13990578 0.016251217 0)
(0.18690578 0.038748783 0)
(0.17653884 0.044734136 0)
(0.16475 0.042655445 0)
(0.15705538 0.033485353 0)
(0.15705538 0.021514647 0)
(0.16475 0.012344555 0)
(0.17653884 0.010265864 0)
(0.18690578 0.016251217 0)
(0.18690578 0.34374878 0)
(0.17653884 0.34973414 0)
(0.16475 0.34765544 0)
(0.15705538 0.33848535 0)
(0.15705538 0.32651465 0)
(0.16475 0.31734456 0)
(0.17653884 0.31526586 0)
(0.18690578 0.32125122 0)
(0.13990578 0.34374878 0)
(0.12953884 0.34973414 0)
(0.11775 0.34765544 0)
(0.11005538 0.33848535 0)
(0.11005538 0.32651465 0)
(0.11775 0.31734456 0)
(0.12953884 0.31526586 0)
(0.13990578 0.32125122 0)
(0.092905778 0.34374878 0)
(0.082538843 0.34973414 0)
(0.07075 0.34765544 0)
(0.063055379 0.33848535 0)
(0.063055379 0.32651465 0)
(0.07075 0.31734456 0)
(0.082538843 0.31526586 0)
(0.092905778 0.32125122 0)
(0.045905778 0.34374878 0)
(0.035538843 0.34973414 0)
(0.02375 0.34765544 0)
(0.016055379 0.33848535 0)
(0.016055379 0.32651465 0)
(0.02375 0.31734456 0)
(0.035538843 0.31526586 0)
(0.045905778 0.32125122 0)
(0.191 0.0275 0.039)
(0.191 0.0275 0.078)
(0.191 0.0275 0.117)
(0.191 0.0275 0.156)
(0.191 0.0275 0.195)
(0.191 0.0275 0.234)
(0.191 0.0275 0.273)
(0.191 0.0275 0.312)
(0.191 0.0275 0.351)
(0.18690578 0.038748783 0.39)
(0.17653884 0.044734136 0.39)
(0.16475 0.042655445 0.39)
(0.15705538 0.033485353 0.39)
(0.15705538 0.021514647 0.39)
(0.16475 0.012344555 0.39)
(0.17653884 0.010265864 0.39)
(0.18690578 0.016251217 0.39)
(0.144 0.0275 0.039)
(0.144 0.0275 0.078)
(0.144 0.0275 0.117)
(0.144 0.0275 0.156)
(0.144 0.0275 0.195)
(0.144 0.0275 0.234)
(0.144 0.0275 0.273)
(0.144 0.0275 0.312)
(0.144 0.0275 0.351)
(0.13990578 0.038748783 0.39)
(0.12953884 0.044734136 0.39)
(0.11775 0.042655445 0.39)
(0.11005538 0.033485353 0.39)
(0.11005538 0.021514647 0.39)
(0.11775 0.012344555 0.39)
(0.12953884 0.010265864 0.39)
(0.13990578 0.016251217 0.39)
(0.097 0.0275 0.039)
(0.097 0.0275 0.078)
(0.097 0.0275 0.117)
(0.097 0.0275 0.156)
(0.097 0.0275 0.195)
(0.097 0.0275 0.234)
(0.097 0.0275 0.273)
(0.097 0.0275 0.312)
(0.097 0.0275 0.351)
(0.092905778 0.038748783 0.39)
(0.082538843 0.044734136 0.39)
(0.07075 0.042655445 0.39)
(0.063055379 0.033485353 0.39)
(0.063055379 0.021514647 0.39)
(0.07075 0.012344555 0.39)
(0.082538843 0.010265864 0.39)
(0.092905778 0.016251217 0.39)
(0.05 0.0275 0.039)
(0.05 0.0275 0.078)
(0.05 0.0275 0.117)
(0.05 0.0275 0.156)
(0.05 0.0275 0.195)
(0.05 0.0275 0.234)
(0.05 0.0275 0.273)
(0.05 0.0275 0.312)
(0.05 0.0275 0.351)
(0.045905778 0.038748783 0.39)
(0.035538843 0.044734136 0.39)
(0.02375 0.042655445 0.39)
(0.016055379 0.033485353 0.39)
(0.016055379 0.021514647 0.39)
(0.02375 0.012344555 0.39)
(0.035538843 0.010265864 0.39)
(0.045905778 0.016251217 0.39)
(0.191 0.3325 0.039)
(0.191 0.3325 0.078)
(0.191 0.3325 0.117)
(0.191 0.3325 0.156)
(0.191 0.3325 0.195)
(0.191 0.3325 0.234)
(0.191 0.3325 0.273)
(0.191 0.3325 0.312)
(0.191 0.3325 0.351)
(0.18690578 0.34374878 0.39)
(0.17653884 0.34973414 0.39)
(0.16475 0.34765544 0.39)
(0.15705538 0.33848535 0.39)
(0.15705538 0.32651465 0.39)
(0.16475 0.31734456 0.39)
(0.17653884 0.31526586 0.39)
(0.18690578 0.32125122 0.39)
(0.144 0.3325 0.039)
(0.144 0.3325 0.078)
(0.144 0.3325 0.117)
(0.144 0.3325 0.156)
(0.144 0.3325 0.195)
(0.144 0.3325 0.234)
(0.144 0.3325 0.273)
(0.144 0.3325 0.312)
(0.144 0.3325 0.351)
(0.13990578 0.34374878 0.39)
(0.12953884 0.34973414 0.39)
(0.11775 0.34765544 0.39)
(0.11005538 0.33848535 0.39)
(0.11005538 0.32651465 0.39)
(0.11775 0.31734456 0.39)
(0.12953884 0.31526586 0.39)
(0.13990578 0.32125122 0.39)
(0.097 0.3325 0.039)
(0.097 0.3325 0.078)
(0.097 0.3325 0.117)
(0.097 0.3325 0.156)
(0.097 0.3325 0.195)
(0.097 0.3325 0.234)
(0.097 0.3325 0.273)
(0.097 0.3325 0.312)
(0.097 0.3325 0.351)
(0.092905778 0.34374878 0.39)
(0.082538843 0.34973414 0.39)
(0.07075 0.34765544 0.39)
(0.063055379 0.33848535 0.39)
(0.063055379 0.32651465 0.39)
(0.07075 0.31734456 0.39)
(0.082538843 0.31526586 0.39)
(0.092905778 0.32125122 0.39)
(0.05 0.3325 0.039)
(0.05 0.3325 0.078)
(0.05 0.3325 0.117)
(0.05 0.3325 0.156)
(0.05 0.3325 0.195)
(0.05 0.3325 0.234)
(0.05 0.3325 0.273)
(0.05 0.3325 0.312)
(0.05 0.3325 0.351)
(0.045905778 0.34374878 0.39)
(0.035538843 0.34973414 0.39)
(0.02375 0.34765544 0.39)
(0.016055379 0.33848535 0.39)
(0.016055379 0.32651465 0.39)
(0.02375 0.31734456 0.39)
(0.035538843 0.31526586 0.39)
(0.045905778 0.32125122 0.39)
(5.2503404e-18 0.19623497 0.14770914)
(4.3806098e-18 0.21071064 0.15554297)
(3.0361722e-18 0.22185832 0.16765259)
(1.3627182e-18 0.22847001 0.18272573)
(-4.5840745e-19 0.22982922 0.19912897)
(-2.2298575e-18 0.22578867 0.21508477)
(-3.759668e-18 0.2167862 0.22886408)
(-4.88206e-18 0.20379737 0.23897369)
(-5.4754051e-18 0.18822973 0.24431807)
(-5.4754051e-18 0.17177027 0.24431807)
(-4.88206e-18 0.15620263 0.23897369)
(-3.759668e-18 0.1432138 0.22886408)
(-2.2298575e-18 0.13421133 0.21508477)
(-4.5840745e-19 0.13017078 0.19912897)
(1.3627182e-18 0.13152999 0.18272573)
(3.0361722e-18 0.13814168 0.16765259)
(4.3806098e-18 0.14928936 0.15554297)
(5.2503404e-18 0.16376503 0.14770914)
(0.01 0.18 0.145)
(0.02 0.18 0.145)
(0.03 0.18 0.145)
(0.04 0.18 0.145)
(0.05 0.18 0.145)
(0.06 0.18 0.145)
(0.07 0.18 0.145)
(0.08 0.18 0.145)
(0.09 0.18 0.145)
(0.1 0.19623497 0.14770914)
(0.1 0.21071064 0.15554297)
(0.1 0.22185832 0.16765259)
(0.1 0.22847001 0.18272573)
(0.1 0.22982922 0.19912897)
(0.1 0.22578867 0.21508477)
(0.1 0.2167862 0.22886408)
(0.1 0.20379737 0.23897369)
(0.1 0.18822973 0.24431807)
(0.1 0.17177027 0.24431807)
(0.1 0.15620263 0.23897369)
(0.1 0.1432138 0.22886408)
(0.1 0.13421133 0.21508477)
(0.1 0.13017078 0.19912897)
(0.1 0.13152999 0.18272573)
(0.1 0.13814168 0.16765259)
(0.1 0.14928936 0.15554297)
(0.1 0.16376503 0.14770914)
(0 0.065 0.0975)
(0 0.065 0.195)
(0 0.065 0.2925)
(0 0 0.0975)
(0 0 0.195)
(0 0 0.2925)
(0 0.14166667 0.39)
(0 0.21833333 0.39)
(0 0.295 0.0975)
(0 0.295 0.195)
(0 0.295 0.2925)
(0 0.14166667 0)
(0 0.21833333 0)
(0 0.36 0.0975)
(0 0.36 0.195)
(0 0.36 0.2925)
(0.068666667 0 0)
(0.13733333 0 0)
(0.206 0 0.0975)
(0.206 0 0.195)
(0.206 0 0.2925)
(0.068666667 0 0.39)
(0.13733333 0 0.39)
(0.068666667 0.36 0.39)
(0.13733333 0.36 0.39)
(0.206 0.09 0.39)
(0.206 0.18 0.39)
(0.206 0.27 0.39)
(0.068666667 0.36 0)
(0.13733333 0.36 0)
(0.206 0.09 0)
(0.206 0.18 0)
(0.206 0.27 0)
(0.206 0.36 0.0975)
(0.206 0.36 0.195)
(0.206 0.36 0.2925)
(0.18690578 0.038748783 0.039)
(0.18690578 0.038748783 0.078)
(0.18690578 0.038748783 0.117)
(0.18690578 0.038748783 0.156)
(0.18690578 0.038748783 0.195)
(0.18690578 0.038748783 0.234)
(0.18690578 0.038748783 0.273)
(0.18690578 0.038748783 0.312)
(0.18690578 0.038748783 0.351)
(0.17653884 0.044734136 0.039)
(0.17653884 0.044734136 0.078)
(0.17653884 0.044734136 0.117)
(0.17653884 0.044734136 0.156)
(0.17653884 0.044734136 0.195)
(0.17653884 0.044734136 0.234)
(0.17653884 0.044734136 0.273)
(0.17653884 0.044734136 0.312)
(0.17653884 0.044734136 0.351)
(0.16475 0.042655445 0.039)
(0.16475 0.042655445 0.078)
(0.16475 0.042655445 0.117)
(0.16475 0.042655445 0.156)
(0.16475 0.042655445 0.195)
(0.16475 0.042655445 0.234)
(0.16475 0.042655445 0.273)
(0.16475 0.042655445 0.312)
(0.16475 0.042655445 0.351)
(0.15705538 0.033485353 0.039)
(0.15705538 0.033485353 0.078)
(0.15705538 0.033485353 0.117)
(0.15705538 0.033485353 0.156)
(0.15705538 0.033485353 0.195)
(0.15705538 0.033485353 0.234)
(0.15705538 0.033485353 0.273)
(0.15705538 0.033485353 0.312)
(0.15705538 0.033485353 0.351)
(0.15705538 0.021514647 0.039)
(0.15705538 0.021514647 0.078)
(0.15705538 0.021514647 0.117)
(0.15705538 0.021514647 0.156)
(0.15705538 0.021514647 0.195)
(0.15705538 0.021514647 0.234)
(0.15705538 0.021514647 0.273)
(0.15705538 0.021514647 0.312)
(0.15705538 0.021514647 0.351)
(0.16475 0.012344555 0.039)
(0.16475 0.012344555 0.078)
(0.16475 0.012344555 0.117)
(0.16475 0.012344555 0.156)
(0.16475 0.012344555 0.195)
(0.16475 0.012344555 0.234)
(0.16475 0.012344555 0.273)
(0.16475 0.012344555 0.312)
(0.16475 0.012344555 0.351)
(0.17653884 0.010265864 0.039)
(0.17653884 0.010265864 0.078)
(0.17653884 0.010265864 0.117)
(0.17653884 0.010265864 0.156)
(0.17653884 0.010265864 0.195)
(0.17653884 0.010265864 0.234)
(0.17653884 0.010265864 0.273)
(0.17653884 0.010265864 0.312)
(0.17653884 0.010265864 0.351)
(0.18690578 0.016251217 0.039)
(0.18690578 0.016251217 0.078)
(0.18690578 0.016251217 0.117)
(0.18690578 0.016251217 0.156)
(0.18690578 0.016251217 0.195)
(0.18690578 0.016251217 0.234)
(0.18690578 0.016251217 0.273)
(0.18690578 0.016251217 0.312)
(0.18690578 0.016251217 0.351)
(0.13990578 0.038748783 0.039)
(0.13990578 0.038748783 0.078)
(0.13990578 0.038748783 0.117)
(0.13990578 0.038748783 0.156)
(0.13990578 0.038748783 0.195)
(0.13990578 0.038748783 0.234)
(0.13990578 0.038748783 0.273)
(0.13990578 0.038748783 0.312)
(0.13990578 0.038748783 0.351)
(0.12953884 0.044734136 0.039)
(0.12953884 0.044734136 0.078)
(0.12953884 0.044734136 0.117)
(0.12953884 0.044734136 0.156)
(0.12953884 0.044734136 0.195)
(0.12953884 0.044734136 0.234)
(0.12953884 0.044734136 0.273)
(0.12953884 0.044734136 0.312)
(0.12953884 0.044734136 0.351)
(0.11775 0.042655445 0.039)
(0.11775 0.042655445 0.078)
(0.11775 0.042655445 0.117)
(0.11775 0.042655445 0.156)
(0.11775 0.042655445 0.195)
(0.11775 0.042655445 0.234)
(0.11775 0.042655445 0.273)
(0.11775 0.042655445 0.312)
(0.11775 0.042655445 0.351)
(0.11005538 0.033485353 0.039)
(0.11005538 0.033485353 0.078)
(0.11005538 0.033485353 0.117)
(0.11005538 0.033485353 0.156)
(0.11005538 0.033485353 0.195)
(0.11005538 0.033485353 0.234)
(0.11005538 0.033485353 0.273)
(0.11005538 0.033485353 0.312)
(0.11005538 0.033485353 0.351)
(0.11005538 0.021514647 0.039)
(0.11005538 0.021514647 0.078)
(0.11005538 0.021514647 0.117)
(0.11005538 0.021514647 0.156)
(0.11005538 0.021514647 0.195)
(0.11005538 0.021514647 0.234)
(0.11005538 0.021514647 0.273)
(0.11005538 0.021514647 0.312)
(0.11005538 0.021514647 0.351)
(0.11775 0.012344555 0.039)
(0.11775 0.012344555 0.078)
(0.11775 0.012344555 0.117)
(0.11775 0.012344555 0.156)
(0.11775 0.012344555 0.195)
(0.11775 0.012344555 0.234)
(0.11775 0.012344555 0.273)
(0.11775 0.012344555 0.312)
(0.11775 0.012344555 0.351)
(0.12953884 0.010265864 0.039)
(0.12953884 0.010265864 0.078)
(0.12953884 0.010265864 0.117)
(0.12953884 0.010265864 0.156)
(0.12953884 0.010265864 0.195)
(0.12953884 0.010265864 0.234)
(0.12953884 0.010265864 0.273)
(0.12953884 0.010265864 0.312)
(0.12953884 0.010265864 0.351)
(0.13990578 0.016251217 0.039)
(0.13990578 0.016251217 0.078)
(0.13990578 0.016251217 0.117)
(0.13990578 0.016251217 0.156)
(0.13990578 0.016251217 0.195)
(0.13990578 0.016251217 0.234)
(0.13990578 0.016251217 0.273)
(0.13990578 0.016251217 0.312)
(0.13990578 0.016251217 0.351)
(0.092905778 0.038748783 0.039)
(0.092905778 0.038748783 0.078)
(0.092905778 0.038748783 0.117)
(0.092905778 0.038748783 0.156)
(0.092905778 0.038748783 0.195)
(0.092905778 0.038748783 0.234)
(0.092905778 0.038748783 0.273)
(0.092905778 0.038748783 0.312)
(0.092905778 0.038748783 0.351)
(0.082538843 0.044734136 0.039)
(0.082538843 0.044734136 0.078)
(0.082538843 0.044734136 0.117)
(0.082538843 0.044734136 0.156)
(0.082538843 0.044734136 0.195)
(0.082538843 0.044734136 0.234)
(0.082538843 0.044734136 0.273)
(0.082538843 0.044734136 0.312)
(0.082538843 0.044734136 0.351)
(0.07075 0.042655445 0.039)
(0.07075 0.042655445 0.078)
(0.07075 0.042655445 0.117)
(0.07075 0.042655445 0.156)
(0.07075 0.042655445 0.195)
(0.07075 0.042655445 0.234)
(0.07075 0.042655445 0.273)
(0.07075 0.042655445 0.312)
(0.07075 0.042655445 0.351)
(0.063055379 0.033485353 0.039)
(0.063055379 0.033485353 0.078)
(0.063055379 0.033485353 0.117)
(0.063055379 0.033485353 0.156)
(0.063055379 0.033485353 0.195)
(0.063055379 0.033485353 0.234)
(0.063055379 0.033485353 0.273)
(0.063055379 0.033485353 0.312)
(0.063055379 0.033485353 0.351)
(0.063055379 0.021514647 0.039)
(0.063055379 0.021514647 0.078)
(0.063055379 0.021514647 0.117)
(0.063055379 0.021514647 0.156)
(0.063055379 0.021514647 0.195)
(0.063055379 0.021514647 0.234)
(0.063055379 0.021514647 0.273)
(0.063055379 0.021514647 0.312)
(0.063055379 0.021514647 0.351)
(0.07075 0.012344555 0.039)
(0.07075 0.012344555 0.078)
(0.07075 0.012344555 0.117)
(0.07075 0.012344555 0.156)
(0.07075 0.012344555 0.195)
(0.07075 0.012344555 0.234)
(0.07075 0.012344555 0.273)
(0.07075 0.012344555 0.312)
(0.07075 0.012344555 0.351)
(0.082538843 0.010265864 0.039)
(0.082538843 0.010265864 0.078)
(0.082538843 0.010265864 0.117)
(0.082538843 0.010265864 0.156)
(0.082538843 0.010265864 0.195)
(0.082538843 0.010265864 0.234)
(0.082538843 0.010265864 0.273)
(0.082538843 0.010265864 0.312)
(0.082538843 0.010265864 0.351)
(0.092905778 0.016251217 0.039)
(0.092905778 0.016251217 0.078)
(0.092905778 0.016251217 0.117)
(0.092905778 0.016251217 0.156)
(0.092905778 0.016251217 0.195)
(0.092905778 0.016251217 0.234)
(0.092905778 0.016251217 0.273)
(0.092905778 0.016251217 0.312)
(0.092905778 0.016251217 0.351)
(0.045905778 0.038748783 0.039)
(0.045905778 0.038748783 0.078)
(0.045905778 0.038748783 0.117)
(0.045905778 0.038748783 0.156)
(0.045905778 0.038748783 0.195)
(0.045905778 0.038748783 0.234)
(0.045905778 0.038748783 0.273)
(0.045905778 0.038748783 0.312)
(0.045905778 0.038748783 0.351)
(0.035538843 0.044734136 0.039)
(0.035538843 0.044734136 0.078)
(0.035538843 0.044734136 0.117)
(0.035538843 0.044734136 0.156)
(0.035538843 0.044734136 0.195)
(0.035538843 0.044734136 0.234)
(0.035538843 0.044734136 0.273)
(0.035538843 0.044734136 0.312)
(0.035538843 0.044734136 0.351)
(0.02375 0.042655445 0.039)
(0.02375 0.042655445 0.078)
(0.02375 0.042655445 0.117)
(0.02375 0.042655445 0.156)
(0.02375 0.042655445 0.195)
(0.02375 0.042655445 0.234)
(0.02375 0.042655445 0.273)
(0.02375 0.042655445 0.312)
(0.02375 0.042655445 0.351)
(0.016055379 0.033485353 0.039)
(0.016055379 0.033485353 0.078)
(0.016055379 0.033485353 0.117)
(0.016055379 0.033485353 0.156)
(0.016055379 0.033485353 0.195)
(0.016055379 0.033485353 0.234)
(0.016055379 0.033485353 0.273)
(0.016055379 0.033485353 0.312)
(0.016055379 0.033485353 0.351)
(0.016055379 0.021514647 0.039)
(0.016055379 0.021514647 0.078)
(0.016055379 0.021514647 0.117)
(0.016055379 0.021514647 0.156)
(0.016055379 0.021514647 0.195)
(0.016055379 0.021514647 0.234)
(0.016055379 0.021514647 0.273)
(0.016055379 0.021514647 0.312)
(0.016055379 0.021514647 0.351)
(0.02375 0.012344555 0.039)
(0.02375 0.012344555 0.078)
(0.02375 0.012344555 0.117)
(0.02375 0.012344555 0.156)
(0.02375 0.012344555 0.195)
(0.02375 0.012344555 0.234)
(0.02375 0.012344555 0.273)
(0.02375 0.012344555 0.312)
(0.02375 0.012344555 0.351)
(0.035538843 0.010265864 0.039)
(0.035538843 0.010265864 0.078)
(0.035538843 0.010265864 0.117)
(0.035538843 0.010265864 0.156)
(0.035538843 0.010265864 0.195)
(0.035538843 0.010265864 0.234)
(0.035538843 0.010265864 0.273)
(0.035538843 0.010265864 0.312)
(0.035538843 0.010265864 0.351)
(0.045905778 0.016251217 0.039)
(0.045905778 0.016251217 0.078)
(0.045905778 0.016251217 0.117)
(0.045905778 0.016251217 0.156)
(0.045905778 0.016251217 0.195)
(0.045905778 0.016251217 0.234)
(0.045905778 0.016251217 0.273)
(0.045905778 0.016251217 0.312)
(0.045905778 0.016251217 0.351)
(0.18690578 0.34374878 0.039)
(0.18690578 0.34374878 0.078)
(0.18690578 0.34374878 0.117)
(0.18690578 0.34374878 0.156)
(0.18690578 0.34374878 0.195)
(0.18690578 0.34374878 0.234)
(0.18690578 0.34374878 0.273)
(0.18690578 0.34374878 0.312)
(0.18690578 0.34374878 0.351)
(0.17653884 0.34973414 0.039)
(0.17653884 0.34973414 0.078)
(0.17653884 0.34973414 0.117)
(0.17653884 0.34973414 0.156)
(0.17653884 0.34973414 0.195)
(0.17653884 0.34973414 0.234)
(0.17653884 0.34973414 0.273)
(0.17653884 0.34973414 0.312)
(0.17653884 0.34973414 0.351)
(0.16475 0.34765544 0.039)
(0.16475 0.34765544 0.078)
(0.16475 0.34765544 0.117)
(0.16475 0.34765544 0.156)
(0.16475 0.34765544 0.195)
(0.16475 0.34765544 0.234)
(0.16475 0.34765544 0.273)
(0.16475 0.34765544 0.312)
(0.16475 0.34765544 0.351)
(0.15705538 0.33848535 0.039)
(0.15705538 0.33848535 0.078)
(0.15705538 0.33848535 0.117)
(0.15705538 0.33848535 0.156)
(0.15705538 0.33848535 0.195)
(0.15705538 0.33848535 0.234)
(0.15705538 0.33848535 0.273)
(0.15705538 0.33848535 0.312)
(0.15705538 0.33848535 0.351)
(0.15705538 0.32651465 0.039)
(0.15705538 0.32651465 0.078)
(0.15705538 0.32651465 0.117)
(0.15705538 0.32651465 0.156)
(0.15705538 0.32651465 0.195)
(0.15705538 0.32651465 0.234)
(0.15705538 0.32651465 0.273)
(0.15705538 0.32651465 0.312)
(0.15705538 0.32651465 0.351)
(0.16475 0.31734456 0.039)
(0.16475 0.31734456 0.078)
(0.16475 0.31734456 0.117)
(0.16475 0.31734456 0.156)
(0.16475 0.31734456 0.195)
(0.16475 0.31734456 0.234)
(0.16475 0.31734456 0.273)
(0.16475 0.31734456 0.312)
(0.16475 0.31734456 0.351)
(0.17653884 0.31526586 0.039)
(0.17653884 0.31526586 0.078)
(0.17653884 0.31526586 0.117)
(0.17653884 0.31526586 0.156)
(0.17653884 0.31526586 0.195)
(0.17653884 0.31526586 0.234)
(0.17653884 0.31526586 0.273)
(0.17653884 0.31526586 0.312)
(0.17653884 0.31526586 0.351)
(0.18690578 0.32125122 0.039)
(0.18690578 0.32125122 0.078)
(0.18690578 0.32125122 0.117)
(0.18690578 0.32125122 0.156)
(0.18690578 0.32125122 0.195)
(0.18690578 0.32125122 0.234)
(0.18690578 0.32125122 0.273)
(0.18690578 0.32125122 0.312)
(0.18690578 0.32125122 0.351)
(0.13990578 0.34374878 0.039)
(0.13990578 0.34374878 0.078)
(0.13990578 0.34374878 0.117)
(0.13990578 0.34374878 0.156)
(0.13990578 0.34374878 0.195)
(0.13990578 0.34374878 0.234)
(0.13990578 0.34374878 0.273)
(0.13990578 0.34374878 0.312)
(0.13990578 0.34374878 0.351)
(0.12953884 0.34973414 0.039)
(0.12953884 0.34973414 0.078)
(0.12953884 0.34973414 0.117)
(0.12953884 0.34973414 0.156)
(0.12953884 0.34973414 0.195)
(0.12953884 0.34973414 0.234)
(0.12953884 0.34973414 0.273)
(0.12953884 0.34973414 0.312)
(0.12953884 0.34973414 0.351)
(0.11775 0.34765544 0.039)
(0.11775 0.34765544 0.078)
(0.11775 0.34765544 0.117)
(0.11775 0.34765544 0.156)
(0.11775 0.34765544 0.195)
(0.11775 0.34765544 0.234)
(0.11775 0.34765544 0.273)
(0.11775 0.34765544 0.312)
(0.11775 0.34765544 0.351)
(0.11005538 0.33848535 0.039)
(0.11005538 0.33848535 0.078)
(0.11005538 0.33848535 0.117)
(0.11005538 0.33848535 0.156)
(0.11005538 0.33848535 0.195)
(0.11005538 0.33848535 0.234)
(0.11005538 0.33848535 0.273)
(0.11005538 0.33848535 0.312)
(0.11005538 0.33848535 0.351)
(0.11005538 0.32651465 0.039)
(0.11005538 0.32651465 0.078)
(0.11005538 0.32651465 0.117)
(0.11005538 0.32651465 0.156)
(0.11005538 0.32651465 0.195)
(0.11005538 0.32651465 0.234)
(0.11005538 0.32651465 0.273)
(0.11005538 0.32651465 0.312)
(0.11005538 0.32651465 0.351)
(0.11775 0.31734456 0.039)
(0.11775 0.31734456 0.078)
(0.11775 0.31734456 0.117)
(0.11775 0.31734456 0.156)
(0.11775 0.31734456 0.195)
(0.11775 0.31734456 0.234)
(0.11775 0.31734456 0.273)
(0.11775 0.31734456 0.312)
(0.11775 0.31734456 0.351)
(0.12953884 0.31526586 0.039)
(0.12953884 0.31526586 0.078)
(0.12953884 0.31526586 0.117)
(0.12953884 0.31526586 0.156)
(0.12953884 0.31526586 0.195)
(0.12953884 0.31526586 0.234)
(0.12953884 0.31526586 0.273)
(0.12953884 0.31526586 0.312)
(0.12953884 0.31526586 0.351)
(0.13990578 0.32125122 0.039)
(0.13990578 0.32125122 0.078)
(0.13990578 0.32125122 0.117)
(0.13990578 0.32125122 0.156)
(0.13990578 0.32125122 0.195)
(0.13990578 0.32125122 0.234)
(0.13990578 0.32125122 0.273)
(0.13990578 0.32125122 0.312)
(0.13990578 0.32125122 0.351)
(0.092905778 0.34374878 0.039)
(0.092905778 0.34374878 0.078)
(0.092905778 0.34374878 0.117)
(0.092905778 0.34374878 0.156)
(0.092905778 0.34374878 0.195)
(0.092905778 0.34374878 0.234)
(0.092905778 0.34374878 0.273)
(0.092905778 0.34374878 0.312)
(0.092905778 0.34374878 0.351)
(0.082538843 0.34973414 0.039)
(0.082538843 0.34973414 0.078)
(0.082538843 0.34973414 0.117)
(0.082538843 0.34973414 0.156)
(0.082538843 0.34973414 0.195)
(0.082538843 0.34973414 0.234)
(0.082538843 0.34973414 0.273)
(0.082538843 0.34973414 0.312)
(0.082538843 0.34973414 0.351)
(0.07075 0.34765544 0.039)
(0.07075 0.34765544 0.078)
(0.07075 0.34765544 0.117)
(0.07075 0.34765544 0.156)
(0.07075 0.34765544 0.195)
(0.07075 0.34765544 0.234)
(0.07075 0.34765544 0.273)
(0.07075 0.34765544 0.312)
(0.07075 0.34765544 0.351)
(0.063055379 0.33848535 0.039)
(0.063055379 0.33848535 0.078)
(0.063055379 0.33848535 0.117)
(0.063055379 0.33848535 0.156)
(0.063055379 0.33848535 0.195)
(0.063055379 0.33848535 0.234)
(0.063055379 0.33848535 0.273)
(0.063055379 0.33848535 0.312)
(0.063055379 0.33848535 0.351)
(0.063055379 0.32651465 0.039)
(0.063055379 0.32651465 0.078)
(0.063055379 0.32651465 0.117)
(0.063055379 0.32651465 0.156)
(0.063055379 0.32651465 0.195)
(0.063055379 0.32651465 0.234)
(0.063055379 0.32651465 0.273)
(0.063055379 0.32651465 0.312)
(0.063055379 0.32651465 0.351)
(0.07075 0.31734456 0.039)
(0.07075 0.31734456 0.078)
(0.07075 0.31734456 0.117)
(0.07075 0.31734456 0.156)
(0.07075 0.31734456 0.195)
(0.07075 0.31734456 0.234)
(0.07075 0.31734456 0.273)
(0.07075 0.31734456 0.312)
(0.07075 0.31734456 0.351)
(0.082538843 0.31526586 0.039)
(0.082538843 0.31526586 0.078)
(0.082538843 0.31526586 0.117)
(0.082538843 0.31526586 0.156)
(0.082538843 0.31526586 0.195)
(0.082538843 0.31526586 0.234)
(0.082538843 0.31526586 0.273)
(0.082538843 0.31526586 0.312)
(0.082538843 0.31526586 0.351)
(0.092905778 0.32125122 0.039)
(0.092905778 0.32125122 0.078)
(0.092905778 0.32125122 0.117)
(0.092905778 0.32125122 0.156)
(0.092905778 0.32125122 0.195)
(0.092905778 0.32125122 0.234)
(0.092905778 0.32125122 0.273)
(0.092905778 0.32125122 0.312)
(0.092905778 0.32125122 0.351)
(0.045905778 0.34374878 0.039)
(0.045905778 0.34374878 0.078)
(0.045905778 0.34374878 0.117)
(0.045905778 0.34374878 0.156)
(0.045905778 0.34374878 0.195)
(0.045905778 0.34374878 0.234)
(0.045905778 0.34374878 0.273)
(0.045905778 0.34374878 0.312)
(0.045905778 0.34374878 0.351)
(0.035538843 0.34973414 0.039)
(0.035538843 0.34973414 0.078)
(0.035538843 0.34973414 0.117)
(0.035538843 0.34973414 0.156)
(0.035538843 0.34973414 0.195)
(0.035538843 0.34973414 0.234)
(0.035538843 0.34973414 0.273)
(0.035538843 0.34973414 0.312)
(0.035538843 0.34973414 0.351)
(0.02375 0.34765544 0.039)
(0.02375 0.34765544 0.078)
(0.02375 0.34765544 0.117)
(0.02375 0.34765544 0.156)
(0.02375 0.34765544 0.195)
(0.02375 0.34765544 0.234)
(0.02375 0.34765544 0.273)
(0.02375 0.34765544 0.312)
(0.02375 0.34765544 0.351)
(0.016055379 0.33848535 0.039)
(0.016055379 0.33848535 0.078)
(0.016055379 0.33848535 0.117)
(0.016055379 0.33848535 0.156)
(0.016055379 0.33848535 0.195)
(0.016055379 0.33848535 0.234)
(0.016055379 0.33848535 0.273)
(0.016055379 0.33848535 0.312)
(0.016055379 0.33848535 0.351)
(0.016055379 0.32651465 0.039)
(0.016055379 0.32651465 0.078)
(0.016055379 0.32651465 0.117)
(0.016055379 0.32651465 0.156)
(0.016055379 0.32651465 0.195)
(0.016055379 0.32651465 0.234)
(0.016055379 0.32651465 0.273)
(0.016055379 0.32651465 0.312)
(0.016055379 0.32651465 0.351)
(0.02375 0.31734456 0.039)
(0.02375 0.31734456 0.078)
(0.02375 0.31734456 0.117)
(0.02375 0.31734456 0.156)
(0.02375 0.31734456 0.195)
(0.02375 0.31734456 0.234)
(0.02375 0.31734456 0.273)
(0.02375 0.31734456 0.312)
(0.02375 0.31734456 0.351)
(0.035538843 0.31526586 0.039)
(0.035538843 0.31526586 0.078)
(0.035538843 0.31526586 0.117)
(0.035538843 0.31526586 0.156)
(0.035538843 0.31526586 0.195)
(0.035538843 0.31526586 0.234)
(0.035538843 0.31526586 0.273)
(0.035538843 0.31526586 0.312)
(0.035538843 0.31526586 0.351)
(0.045905778 0.32125122 0.039)
(0.045905778 0.32125122 0.078)
(0.045905778 0.32125122 0.117)
(0.045905778 0.32125122 0.156)
(0.045905778 0.32125122 0.195)
(0.045905778 0.32125122 0.234)
(0.045905778 0.32125122 0.273)
(0.045905778 0.32125122 0.312)
(0.045905778 0.32125122 0.351)
(0.01 0.19623497 0.14770914)
(0.02 0.19623497 0.14770914)
(0.03 0.19623497 0.14770914)
(0.04 0.19623497 0.14770914)
(0.05 0.19623497 0.14770914)
(0.06 0.19623497 0.14770914)
(0.07 0.19623497 0.14770914)
(0.08 0.19623497 0.14770914)
(0.09 0.19623497 0.14770914)
(0.01 0.21071064 0.15554297)
(0.02 0.21071064 0.15554297)
(0.03 0.21071064 0.15554297)
(0.04 0.21071064 0.15554297)
(0.05 0.21071064 0.15554297)
(0.06 0.21071064 0.15554297)
(0.07 0.21071064 0.15554297)
(0.08 0.21071064 0.15554297)
(0.09 0.21071064 0.15554297)
(0.01 0.22185832 0.16765259)
(0.02 0.22185832 0.16765259)
(0.03 0.22185832 0.16765259)
(0.04 0.22185832 0.16765259)
(0.05 0.22185832 0.16765259)
(0.06 0.22185832 0.16765259)
(0.07 0.22185832 0.16765259)
(0.08 0.22185832 0.16765259)
(0.09 0.22185832 0.16765259)
(0.01 0.22847001 0.18272573)
(0.02 0.22847001 0.18272573)
(0.03 0.22847001 0.18272573)
(0.04 0.22847001 0.18272573)
(0.05 0.22847001 0.18272573)
(0.06 0.22847001 0.18272573)
(0.07 0.22847001 0.18272573)
(0.08 0.22847001 0.18272573)
(0.09 0.22847001 0.18272573)
(0.01 0.22982922 0.19912897)
(0.02 0.22982922 0.19912897)
(0.03 0.22982922 0.19912897)
(0.04 0.22982922 0.19912897)
(0.05 0.22982922 0.19912897)
(0.06 0.22982922 0.19912897)
(0.07 0.22982922 0.19912897)
(0.08 0.22982922 0.19912897)
(0.09 0.22982922 0.19912897)
(0.01 0.22578867 0.21508477)
(0.02 0.22578867 0.21508477)
(0.03 0.22578867 0.21508477)
(0.04 0.22578867 0.21508477)
(0.05 0.22578867 0.21508477)
(0.06 0.22578867 0.21508477)
(0.07 0.22578867 0.21508477)
(0.08 0.22578867 0.21508477)
(0.09 0.22578867 0.21508477)
(0.01 0.2167862 0.22886408)
(0.02 0.2167862 0.22886408)
(0.03 0.2167862 0.22886408)
(0.04 0.2167862 0.22886408)
(0.05 0.2167862 0.22886408)
(0.06 0.2167862 0.22886408)
(0.07 0.2167862 0.22886408)
(0.08 0.2167862 0.22886408)
(0.09 0.2167862 0.22886408)
(0.01 0.20379737 0.23897369)
(0.02 0.20379737 0.23897369)
(0.03 0.20379737 0.23897369)
(0.04 0.20379737 0.23897369)
(0.05 0.20379737 0.23897369)
(0.06 0.20379737 0.23897369)
(0.07 0.20379737 0.23897369)
(0.08 0.20379737 0.23897369)
(0.09 0.20379737 0.23897369)
(0.01 0.18822973 0.24431807)
(0.02 0.18822973 0.24431807)
(0.03 0.18822973 0.24431807)
(0.04 0.18822973 0.24431807)
(0.05 0.18822973 0.24431807)
(0.06 0.18822973 0.24431807)
(0.07 0.18822973 0.24431807)
(0.08 0.18822973 0.24431807)
(0.09 0.18822973 0.24431807)
(0.01 0.17177027 0.24431807)
(0.02 0.17177027 0.24431807)
(0.03 0.17177027 0.24431807)
(0.04 0.17177027 0.24431807)
(0.05 0.17177027 0.24431807)
(0.06 0.17177027 0.24431807)
(0.07 0.17177027 0.24431807)
(0.08 0.17177027 0.24431807)
(0.09 0.17177027 0.24431807)
(0.01 0.15620263 0.23897369)
(0.02 0.15620263 0.23897369)
(0.03 0.15620263 0.23897369)
(0.04 0.15620263 0.23897369)
(0.05 0.15620263 0.23897369)
(0.06 0.15620263 0.23897369)
(0.07 0.15620263 0.23897369)
(0.08 0.15620263 0.23897369)
(0.09 0.15620263 0.23897369)
(0.01 0.1432138 0.22886408)
(0.02 0.1432138 0.22886408)
(0.03 0.1432138 0.22886408)
(0.04 0.1432138 0.22886408)
(0.05 0.1432138 0.22886408)
(0.06 0.1432138 0.22886408)
(0.07 0.1432138 0.22886408)
(0.08 0.1432138 0.22886408)
(0.09 0.1432138 0.22886408)
(0.01 0.13421133 0.21508477)
(0.02 0.13421133 0.21508477)
(0.03 0.13421133 0.21508477)
(0.04 0.13421133 0.21508477)
(0.05 0.13421133 0.21508477)
(0.06 0.13421133 0.21508477)
(0.07 0.13421133 0.21508477)
(0.08 0.13421133 0.21508477)
(0.09 0.13421133 0.21508477)
(0.01 0.13017078 0.19912897)
(0.02 0.13017078 0.19912897)
(0.03 0.13017078 0.19912897)
(0.04 0.13017078 0.19912897)
(0.05 0.13017078 0.19912897)
(0.06 0.13017078 0.19912897)
(0.07 0.13017078 0.19912897)
(0.08 0.13017078 0.19912897)
(0.09 0.13017078 0.19912897)
(0.01 0.13152999 0.18272573)
(0.02 0.13152999 0.18272573)
(0.03 0.13152999 0.18272573)
(0.04 0.13152999 0.18272573)
(0.05 0.13152999 0.18272573)
(0.06 0.13152999 0.18272573)
(0.07 0.13152999 0.18272573)
(0.08 0.13152999 0.18272573)
(0.09 0.13152999 0.18272573)
(0.01 0.13814168 0.16765259)
(0.02 0.13814168 0.16765259)
(0.03 0.13814168 0.16765259)
(0.04 0.13814168 0.16765259)
(0.05 0.13814168 0.16765259)
(0.06 0.13814168 0.16765259)
(0.07 0.13814168 0.16765259)
(0.08 0.13814168 0.16765259)
(0.09 0.13814168 0.16765259)
(0.01 0.14928936 0.15554297)
(0.02 0.14928936 0.15554297)
(0.03 0.14928936 0.15554297)
(0.04 0.14928936 0.15554297)
(0.05 0.14928936 0.15554297)
(0.06 0.14928936 0.15554297)
(0.07 0.14928936 0.15554297)
(0.08 0.14928936 0.15554297)
(0.09 0.14928936 0.15554297)
(0.01 0.16376503 0.14770914)
(0.02 0.16376503 0.14770914)
(0.03 0.16376503 0.14770914)
(0.04 0.16376503 0.14770914)
(0.05 0.16376503 0.14770914)
(0.06 0.16376503 0.14770914)
(0.07 0.16376503 0.14770914)
(0.08 0.16376503 0.14770914)
(0.09 0.16376503 0.14770914)
(0.1 0.1633115 0.16416235)
(0.1 0.1916888 0.22911777)
(0.1 0.21214647 0.18181551)
(0.1 0.14600919 0.20360764)
(0.1 0.1857713 0.16041447)
(0.1 0.15542763 0.22552326)
(0.1 0.20725739 0.21241997)
(0.1 0.14788955 0.18091505)
(0.1 0.20893253 0.16836573)
(0.1 0.19622732 0.1757646)
(0.1 0.20125329 0.19446581)
(0.1 0.18558147 0.19025434)
(0.1 0.19107507 0.20595616)
(0.1 0.17534621 0.20181935)
(0.1 0.17251652 0.18873813)
(0.1 0.17683941 0.1732479)
(0.1 0.18032081 0.21833346)
(0.1 0.1583554 0.19361645)
(0.1 0.21503475 0.20045355)
(0.1 0.17953527 0.23361299)
(0.1 0.16117203 0.21305523)
(0.1 0.19957535 0.16155938)
(0.1 0.14774149 0.21702182)
(0.1 0.15106747 0.16836573)
(0.1 0.16166331 0.17817427)
(0.1 0.14279098 0.19199877)
(0.1 0.2034173 0.22549058)
(0.1 0.17393745 0.15810677)
(0.1 0.19540395 0.2176409)
(0.1 0.16740477 0.22896945)
(0 0.0325 0.34125)
(0 0.0325 0.24375)
(0 0.0325 0.04875)
(0 0.0325 0.14625)
(0 0.18418853 0.26387389)
(0 0.18919099 0.12717785)
(0 0.12660997 0.16304546)
(0 0.23821789 0.16946327)
(0 0.14348736 0.13282548)
(0 0.22125 0.24314698)
(0 0.13511349 0.24675517)
(0 0.17088 0.054150761)
(0 0.16981283 0.33501117)
(0 0.24461312 0.21971245)
(0 0.24983946 0.18806774)
(0 0.11837292 0.2106061)
(0 0.11597464 0.058690172)
(0 0.14736277 0.094916622)
(0 0.18347302 0.097736597)
(0 0.22748015 0.076139781)
(0 0.16787986 0.12422761)
(0 0.11869237 0.3286429)
(0 0.14995939 0.29937409)
(0 0.18191287 0.29422444)
(0 0.20933245 0.27430931)
(0 0.21478981 0.31111692)
(0 0.24809315 0.26922037)
(0 0.24827409 0.11901465)
(0 0.21605603 0.12574654)
(0 0.23249262 0.14765578)
(0 0.25980401 0.15278357)
(0 0.10849113 0.13285965)
(0 0.15765756 0.265495)
(0 0.12237719 0.2791519)
(0 0.10488419 0.23689938)
(0 0.2557835 0.34212809)
(0 0.09868137 0.18802834)
(0 0.20137055 0.25418311)
(0 0.25895337 0.043409945)
(0 0.12715915 0.2276419)
(0 0.11916413 0.18895167)
(0 0.3275 0.34125)
(0 0.3275 0.24375)
(0 0.3275 0.04875)
(0 0.3275 0.14625)
(0.10653772 0 0.06392658)
(0.10390942 0 0.32909266)
(0.061802193 0 0.25868416)
(0.072385384 0 0.15055153)
(0.15043898 0 0.24375)
(0.1638593 0 0.33254895)
(0.046875657 0 0.33205536)
(0.16468426 0 0.057882369)
(0.045179492 0 0.058496873)
(0.15174422 0 0.13804887)
(0.12184422 0.30609577 0.39)
(0.12184422 0.053904228 0.39)
(0.13765937 0.05203015 0.39)
(0.13556656 0.068281807 0.39)
(0.045002414 0.051132155 0.39)
(0.073009028 0.05793477 0.39)
(0.13974043 0.30942782 0.39)
(0.13799446 0.29341916 0.39)
(0.045002414 0.30886785 0.39)
(0.073009028 0.30206523 0.39)
(0.090989031 0.30783907 0.39)
(0.091267162 0.28951152 0.39)
(0.09092385 0.052018754 0.39)
(0.091191117 0.070322614 0.39)
(0.07043895 0.1792377 0.39)
(0.14948127 0.22255365 0.39)
(0.14948036 0.13741204 0.39)
(0.032372846 0.29798296 0.39)
(0.05311663 0.29295353 0.39)
(0.032372846 0.06201704 0.39)
(0.05311663 0.067046474 0.39)
(0.11366864 0.28727241 0.39)
(0.098036983 0.26388174 0.39)
(0.11318614 0.072841266 0.39)
(0.098798038 0.095220215 0.39)
(0.1057023 0.31478951 0.39)
(0.10563712 0.045068321 0.39)
(0.1520977 0.31679295 0.39)
(0.16079482 0.30530721 0.39)
(0.17638399 0.29915771 0.39)
(0.16451642 0.28124088 0.39)
(0.15153393 0.045482799 0.39)
(0.16190338 0.055074875 0.39)
(0.1764417 0.060862182 0.39)
(0.16133528 0.075970361 0.39)
(0.058405661 0.31429744 0.39)
(0.058405661 0.045702557 0.39)
(0.13456001 0.26359398 0.39)
(0.13239075 0.094225536 0.39)
(0.069450392 0.27306865 0.39)
(0.038099829 0.2660564 0.39)
(0.069329236 0.23240584 0.39)
(0.069450392 0.086931347 0.39)
(0.03823309 0.090848528 0.39)
(0.072027917 0.12182 0.39)
(0.10746815 0.13465258 0.39)
(0.12167291 0.18 0.39)
(0.10725323 0.22361215 0.39)
(0.10471315 0.059242972 0.39)
(0.1048114 0.30075946 0.39)
(0.14959971 0.059367998 0.39)
(0.10137347 0.32399626 0.39)
(0.054305346 0.3240995 0.39)
(0.14812377 0.036304234 0.39)
(0.054305346 0.035900498 0.39)
(0.10136183 0.035978356 0.39)
(0.14826471 0.3242647 0.39)
(0.17300166 0.24583728 0.39)
(0.17223719 0.11344792 0.39)
(0.12184422 0.30609577 0)
(0.12184422 0.053904228 0)
(0.13765937 0.05203015 0)
(0.13556656 0.068281807 0)
(0.045002414 0.051132155 0)
(0.073009028 0.05793477 0)
(0.13974043 0.30942782 0)
(0.13799446 0.29341916 0)
(0.045002414 0.30886785 0)
(0.073009028 0.30206523 0)
(0.090989031 0.30783907 0)
(0.091267162 0.28951152 0)
(0.09092385 0.052018754 0)
(0.091191117 0.070322614 0)
(0.07043895 0.1792377 0)
(0.14948127 0.22255365 0)
(0.14948036 0.13741204 0)
(0.032372846 0.29798296 0)
(0.05311663 0.29295353 0)
(0.032372846 0.06201704 0)
(0.05311663 0.067046474 0)
(0.11366864 0.28727241 0)
(0.098036983 0.26388174 0)
(0.11318614 0.072841266 0)
(0.098798038 0.095220215 0)
(0.1057023 0.31478951 0)
(0.10563712 0.045068321 0)
(0.1520977 0.31679295 0)
(0.16079482 0.30530721 0)
(0.17638399 0.29915771 0)
(0.16451642 0.28124088 0)
(0.15153393 0.045482799 0)
(0.16190338 0.055074875 0)
(0.1764417 0.060862182 0)
(0.16133528 0.075970361 0)
(0.058405661 0.31429744 0)
(0.058405661 0.045702557 0)
(0.13456001 0.26359398 0)
(0.13239075 0.094225536 0)
(0.069450392 0.27306865 0)
(0.038099829 0.2660564 0)
(0.069329236 0.23240584 0)
(0.069450392 0.086931347 0)
(0.03823309 0.090848528 0)
(0.072027917 0.12182 0)
(0.10746815 0.13465258 0)
(0.12167291 0.18 0)
(0.10725323 0.22361215 0)
(0.10471315 0.059242972 0)
(0.1048114 0.30075946 0)
(0.14959971 0.059367998 0)
(0.10137347 0.32399626 0)
(0.14826471 0.3242647 0)
(0.054305346 0.3240995 0)
(0.14812377 0.036304234 0)
(0.054305346 0.035900498 0)
(0.10136183 0.035978356 0)
(0.17300166 0.24583728 0)
(0.17223719 0.11344792 0)
(0.10653772 0.36 0.06392658)
(0.10390942 0.36 0.32909266)
(0.061802193 0.36 0.25868416)
(0.072385384 0.36 0.15055153)
(0.15043898 0.36 0.24375)
(0.1638593 0.36 0.33254895)
(0.046875657 0.36 0.33205536)
(0.16468426 0.36 0.057882369)
(0.045179492 0.36 0.058496873)
(0.15174422 0.36 0.13804887)
(0.206 0.26659964 0.24785175)
(0.206 0.089037679 0.14212784)
(0.206 0.13704034 0.31965306)
(0.206 0.22296153 0.070291016)
(0.206 0.090998341 0.2470491)
(0.206 0.1809317 0.19646648)
(0.206 0.26633124 0.14311532)
(0.206 0.13741355 0.067813472)
(0.206 0.22186152 0.32211788)
(0.206 0.063850092 0.32654049)
(0.206 0.29585855 0.062181268)
(0.206 0.063735964 0.06392992)
(0.206 0.29572295 0.32707472)
(0.206 0.17948631 0.26662765)
(0.206 0.17933514 0.12396283)
(0.14978879 0.34451205 0.37258506)
(0.09385086 0.056086595 0.29185456)
(0.097560666 0.3056638 0.13216203)
(0.10352698 0.337584 0.2158988)
(0.056456544 0.31601953 0.25390235)
(0.057707496 0.34060283 0.13863285)
(0.059777943 0.31181318 0.17543307)
(0.057997352 0.31173069 0.33523275)
(0.054427259 0.01340253 0.21907212)
(0.052987052 0.033244712 0.2535)
(0.099987052 0.021755288 0.2145)
(0.053919479 0.055336778 0.182497)
(0.09773154 0.012953879 0.2535)
(0.058703586 0.0275 0.2925)
(0.058703586 0.0275 0.3315)
(0.14828335 0.053270689 0.34189246)
(0.15146883 0.01814704 0.21680423)
(0.15010954 0.021574561 0.17516908)
(0.14436705 0.052126355 0.25416028)
(0.10766506 0.30985856 0.29278926)
(0.14863223 0.34593758 0.17047759)
(0.15130114 0.041193489 0.055104513)
(0.10441241 0.044101276 0.13278105)
(0.15390372 0.016703473 0.0975)
(0.15029393 0.34027674 0.21808823)
(0.1028346 0.3325 0.1755)
(0.057427536 0.014020373 0.17355048)
(0.10332382 0.020144675 0.093695003)
(0.099987052 0.033244712 0.1755)
(0.10652364 0.15175305 0.2925)
(0.085 0.2196756 0.31057108)
(0.095 0.12025201 0.084595383)
(0.095 0.23974799 0.084595383)
(0.065 0.11510429 0.27837802)
(0.065 0.18 0.078005616)
(0.065 0.25490259 0.1260473)
(0.065 0.10509741 0.1260473)
(0.04847071 0.27621281 0.25625317)
(0.15411548 0.24848027 0.12178571)
(0.1410822 0.10742481 0.12818983)
(0.16104607 0.14431092 0.17333178)
(0.15899772 0.20675173 0.16152866)
(0.13939152 0.18 0.081780864)
(0.055 0.18 0.29541677)
(0.15042817 0.099318597 0.21543131)
(0.15367452 0.15078266 0.23253844)
(0.15758247 0.20886361 0.23208397)
(0.085 0.27072062 0.21797358)
(0.14259906 0.26714119 0.24748267)
(0.085 0.23748065 0.26885115)
(0.055 0.086268598 0.21873601)
(0.085 0.088651461 0.18743064)
(0.095 0.26519384 0.15763052)
(0.055 0.27068188 0.18748588)
(0.15048131 0.25978126 0.18838914)
(0.033699008 0.087128592 0.15665567)
(0.097611079 0.088088943 0.24902165)
(0.045 0.22174405 0.11786376)
(0.12336904 0.20975681 0.28167863)
(0.045 0.23243666 0.26237062)
(0.15732402 0.098538047 0.29363509)
(0.085 0.2216331 0.11806877)
(0.045 0.13825595 0.11786376)
(0.085 0.1383669 0.11806877)
(0.035 0.25669582 0.1613581)
(0.035 0.26118706 0.21555936)
(0.12510998 0.12865432 0.26096893)
(0.065 0.19361108 0.11343325)
(0.098773591 0.10208144 0.32853075)
(0.075 0.15264739 0.27467544)
(0.045 0.1112118 0.23994157)
(0.035 0.15250143 0.27510061)
(0.15166958 0.10351593 0.06814952)
(0.15269615 0.25899352 0.064248685)
(0.095 0.18 0.27688029)
(0.095 0.10230234 0.1516768)
(0.095 0.17268566 0.10926883)
(0.055 0.10025107 0.18839182)
(0.14247231 0.18436697 0.19949119)
(0.056146212 0.094542417 0.053738448)
(0.085 0.25924021 0.18843397)
(0.057261195 0.26558706 0.30550563)
(0.075 0.20623164 0.27141015)
(0.095 0.24763253 0.23918654)
(0.15036368 0.26177386 0.3315)
(0.095 0.23753788 0.14203265)
(0.11786239 0.21687598 0.12685916)
(0.085 0.10378989 0.21429902)
(0.056146212 0.26545758 0.053738448)
(0.13516729 0.17162445 0.16639874)
(0.1353119 0.16807473 0.12353577)
(0.10706877 0.089331198 0.28856227)
(0.068581016 0.14073782 0.32224048)
(0.034492246 0.17137553 0.10218601)
(0.13423314 0.15022171 0.19618934)
(0.12231841 0.10002099 0.18837275)
(0.13692548 0.2216937 0.19154516)
(0.13496841 0.18 0.24211882)
(0.085 0.132743 0.2557158)
(0.065 0.24408259 0.23686724)
(0.035 0.12239267 0.14196871)
(0.1154347 0.26974559 0.29394508)
(0.065 0.11091228 0.16469532)
(0.11928385 0.25593674 0.21422979)
(0.025 0.10718275 0.21343983)
(0.061769041 0.16451228 0.1154751)
(0.12909937 0.20102712 0.16939871)
(0.13547954 0.085442399 0.25458538)
(0.050691322 0.083952168 0.34573557)
(0.065 0.25166541 0.16356464)
(0.075 0.11762684 0.23575042)
(0.055 0.13321055 0.25511509)
(0.055 0.235095 0.14428148)
(0.094319159 0.2674607 0.3397631)
(0.035 0.25358972 0.18890218)
(0.10253603 0.27579345 0.11530206)
(0.025 0.24425685 0.2369811)
(0.1045196 0.27102037 0.048063965)
(0.065 0.25002195 0.21273197)
(0.10112168 0.08089941 0.037996978)
(0.035 0.18 0.27048563)
(0.045 0.20406897 0.26511051)
(0.1254676 0.24739921 0.16543597)
(0.075 0.12547087 0.1448024)
(0.14062127 0.13861736 0.33481278)
(0.10201242 0.084695697 0.11102341)
(0.12868272 0.2027208 0.21818655)
(0.065 0.21446936 0.1313062)
(0.025 0.19200207 0.12307555)
(0.11002693 0.22706424 0.25546814)
(0.16254323 0.27036105 0.28364614)
(0.0933018 0.28367883 0.25658473)
(0.12659828 0.16307295 0.22148837)
(0.062663725 0.079462846 0.25798582)
(0.15732134 0.088911707 0.3432471)
(0.10235227 0.070152892 0.35936411)
(0.065 0.18 0.26993857)
(0.12123547 0.186637 0.32840804)
(0.1269355 0.14489823 0.16268654)
(0.027116731 0.098683837 0.18902233)
(0.055 0.1101786 0.21268118)
(0.027275477 0.23566775 0.14375423)
(0.025 0.135071 0.25272477)
(0.11650872 0.28050199 0.18517209)
(0.095 0.24934441 0.21256039)
(0.053629483 0.22403124 0.072991987)
(0.054800536 0.27478545 0.34765868)
(0.10381695 0.15840613 0.047947605)
(0.092744431 0.20732954 0.046351366)
(0.11504215 0.1436517 0.12783423)
(0.053629483 0.13596876 0.072991987)
(0.10735257 0.20453522 0.09236151)
(0.05506203 0.28382264 0.0975)
(0.10493537 0.072020355 0.2145)
(0.095 0.10966535 0.1891719)
(0.10259377 0.2896512 0.36057619)
(0.095 0.15688843 0.26232172)
(0.055 0.15688843 0.26232172)
(0.16332294 0.085216979 0.17353024)
(0.05506203 0.076177357 0.0975)
(0.053548365 0.082772714 0.30226887)
(0.075 0.22393667 0.25144983)
(0.025 0.14548681 0.1312252)
(0.077254953 0.28670918 0.13669675)
(0.025 0.21381507 0.13251523)
(0.065 0.24926587 0.18926047)
(0.095 0.19681919 0.12124286)
(0.11791222 0.10627978 0.22207716)
(0.045 0.23740861 0.23250692)
(0.12766622 0.13388349 0.22512942)
(0.12626102 0.23061279 0.22806699)
(0.14826079 0.072763324 0.031742554)
(0.15277131 0.14973147 0.29153793)
(0.095 0.24420765 0.16683591)
(0.05358657 0.29152044 0.21422621)
(0.11088517 0.25217959 0.18901903)
(0.065 0.14664066 0.13335734)
(0.12222922 0.15910387 0.25586834)
(0.081561865 0.28878457 0.17797944)
(0.042357802 0.28915175 0.17655866)
(0.030608459 0.096390129 0.27354978)
(0.095 0.2027078 0.26114556)
)


// ************************************************************************* //
