/*--------------------------------*- C++ -*----------------------------------*\
| =========                 |                                                 |
| \\      /  F ield         | OpenFOAM: The Open Source CFD Toolbox           |
|  \\    /   O peration     | Version:  2412                                  |
|   \\  /    A nd           | Website:  www.openfoam.com                      |
|    \\/     M anipulation  |                                                 |
\*---------------------------------------------------------------------------*/
FoamFile
{
    version     2.0;
    format      ascii;
    arch        "LSB;label=32;scalar=64";
    class       vectorField;
    location    "constant/polyMesh";
    object      points;
}
// * * * * * * * * * * * * * * * * * * * * * * * * * * * * * * * * * * * * * //


2499
(
(0.05 0.0275 0)
(0.097 0.0275 0)
(0.144 0.0275 0)
(0.191 0.0275 0)
(0.191 0.3325 0)
(0.144 0.3325 0)
(0.097 0.3325 0)
(0.05 0.3325 0)
(0.191 0.0275 0.39)
(0.144 0.0275 0.39)
(0.097 0.0275 0.39)
(0.05 0.0275 0.39)
(0.191 0.3325 0.39)
(0.144 0.3325 0.39)
(0.097 0.3325 0.39)
(0.05 0.3325 0.39)
(0 0.18 0.145)
(0.1 0.18 0.145)
(0 0 0.39)
(0 0.065 0.39)
(0 0.065 0)
(0 0 0)
(0 0.295 0.39)
(0 0.295 0)
(0 0.36 0.39)
(0 0.36 0)
(0.206 0 0)
(0.206 0 0.39)
(0.206 0.36 0.39)
(0.206 0.36 0)
(-0.04 0.065 0.39)
(-0.04 0.065 0)
(-0.04 0.295 0.39)
(-0.04 0.295 0)
(-0.057 0 -0.08)
(-0.057 0 -0.19)
(-0.057 0.36 -0.08)
(-0.057 0.36 -0.19)
(0.263 0 -0.08)
(0.263 0 -0.19)
(0.263 0.36 -0.08)
(0.263 0.36 -0.19)
(-0.14 -0.1 0.47)
(-0.14 -0.1 -0.08)
(-0.14 0.46 0.47)
(-0.14 0.46 -0.08)
(0.346 -0.1 -0.08)
(0.346 -0.1 0.47)
(0.346 0.46 0.47)
(0.346 0.46 -0.08)
(0.04590577775 0.03874878317 0)
(0.03553884311 0.04473413568 0)
(0.02375 0.04265544457 0)
(0.01605537914 0.03348535251 0)
(0.01605537914 0.02151464749 0)
(0.02375 0.01234455543 0)
(0.03553884311 0.01026586432 0)
(0.04590577775 0.01625121683 0)
(0.09290577775 0.03874878317 0)
(0.08253884311 0.04473413568 0)
(0.07075 0.04265544457 0)
(0.06305537914 0.03348535251 0)
(0.06305537914 0.02151464749 0)
(0.07075 0.01234455543 0)
(0.08253884311 0.01026586432 0)
(0.09290577775 0.01625121683 0)
(0.1399057778 0.03874878317 0)
(0.1295388431 0.04473413568 0)
(0.11775 0.04265544457 0)
(0.1100553791 0.03348535251 0)
(0.1100553791 0.02151464749 0)
(0.11775 0.01234455543 0)
(0.1295388431 0.01026586432 0)
(0.1399057778 0.01625121683 0)
(0.1869057778 0.03874878317 0)
(0.1765388431 0.04473413568 0)
(0.16475 0.04265544457 0)
(0.1570553791 0.03348535251 0)
(0.1570553791 0.02151464749 0)
(0.16475 0.01234455543 0)
(0.1765388431 0.01026586432 0)
(0.1869057778 0.01625121683 0)
(0.1869057778 0.3437487832 0)
(0.1765388431 0.3497341357 0)
(0.16475 0.3476554446 0)
(0.1570553791 0.3384853525 0)
(0.1570553791 0.3265146475 0)
(0.16475 0.3173445554 0)
(0.1765388431 0.3152658643 0)
(0.1869057778 0.3212512168 0)
(0.1399057778 0.3437487832 0)
(0.1295388431 0.3497341357 0)
(0.11775 0.3476554446 0)
(0.1100553791 0.3384853525 0)
(0.1100553791 0.3265146475 0)
(0.11775 0.3173445554 0)
(0.1295388431 0.3152658643 0)
(0.1399057778 0.3212512168 0)
(0.09290577775 0.3437487832 0)
(0.08253884311 0.3497341357 0)
(0.07075 0.3476554446 0)
(0.06305537914 0.3384853525 0)
(0.06305537914 0.3265146475 0)
(0.07075 0.3173445554 0)
(0.08253884311 0.3152658643 0)
(0.09290577775 0.3212512168 0)
(0.04590577775 0.3437487832 0)
(0.03553884311 0.3497341357 0)
(0.02375 0.3476554446 0)
(0.01605537914 0.3384853525 0)
(0.01605537914 0.3265146475 0)
(0.02375 0.3173445554 0)
(0.03553884311 0.3152658643 0)
(0.04590577775 0.3212512168 0)
(0.191 0.0275 0.039)
(0.191 0.0275 0.078)
(0.191 0.0275 0.117)
(0.191 0.0275 0.156)
(0.191 0.0275 0.195)
(0.191 0.0275 0.234)
(0.191 0.0275 0.273)
(0.191 0.0275 0.312)
(0.191 0.0275 0.351)
(0.1869057778 0.03874878317 0.39)
(0.1765388431 0.04473413568 0.39)
(0.16475 0.04265544457 0.39)
(0.1570553791 0.03348535251 0.39)
(0.1570553791 0.02151464749 0.39)
(0.16475 0.01234455543 0.39)
(0.1765388431 0.01026586432 0.39)
(0.1869057778 0.01625121683 0.39)
(0.144 0.0275 0.039)
(0.144 0.0275 0.078)
(0.144 0.0275 0.117)
(0.144 0.0275 0.156)
(0.144 0.0275 0.195)
(0.144 0.0275 0.234)
(0.144 0.0275 0.273)
(0.144 0.0275 0.312)
(0.144 0.0275 0.351)
(0.1399057778 0.03874878317 0.39)
(0.1295388431 0.04473413568 0.39)
(0.11775 0.04265544457 0.39)
(0.1100553791 0.03348535251 0.39)
(0.1100553791 0.02151464749 0.39)
(0.11775 0.01234455543 0.39)
(0.1295388431 0.01026586432 0.39)
(0.1399057778 0.01625121683 0.39)
(0.097 0.0275 0.039)
(0.097 0.0275 0.078)
(0.097 0.0275 0.117)
(0.097 0.0275 0.156)
(0.097 0.0275 0.195)
(0.097 0.0275 0.234)
(0.097 0.0275 0.273)
(0.097 0.0275 0.312)
(0.097 0.0275 0.351)
(0.09290577775 0.03874878317 0.39)
(0.08253884311 0.04473413568 0.39)
(0.07075 0.04265544457 0.39)
(0.06305537914 0.03348535251 0.39)
(0.06305537914 0.02151464749 0.39)
(0.07075 0.01234455543 0.39)
(0.08253884311 0.01026586432 0.39)
(0.09290577775 0.01625121683 0.39)
(0.05 0.0275 0.039)
(0.05 0.0275 0.078)
(0.05 0.0275 0.117)
(0.05 0.0275 0.156)
(0.05 0.0275 0.195)
(0.05 0.0275 0.234)
(0.05 0.0275 0.273)
(0.05 0.0275 0.312)
(0.05 0.0275 0.351)
(0.04590577775 0.03874878317 0.39)
(0.03553884311 0.04473413568 0.39)
(0.02375 0.04265544457 0.39)
(0.01605537914 0.03348535251 0.39)
(0.01605537914 0.02151464749 0.39)
(0.02375 0.01234455543 0.39)
(0.03553884311 0.01026586432 0.39)
(0.04590577775 0.01625121683 0.39)
(0.191 0.3325 0.039)
(0.191 0.3325 0.078)
(0.191 0.3325 0.117)
(0.191 0.3325 0.156)
(0.191 0.3325 0.195)
(0.191 0.3325 0.234)
(0.191 0.3325 0.273)
(0.191 0.3325 0.312)
(0.191 0.3325 0.351)
(0.1869057778 0.3437487832 0.39)
(0.1765388431 0.3497341357 0.39)
(0.16475 0.3476554446 0.39)
(0.1570553791 0.3384853525 0.39)
(0.1570553791 0.3265146475 0.39)
(0.16475 0.3173445554 0.39)
(0.1765388431 0.3152658643 0.39)
(0.1869057778 0.3212512168 0.39)
(0.144 0.3325 0.039)
(0.144 0.3325 0.078)
(0.144 0.3325 0.117)
(0.144 0.3325 0.156)
(0.144 0.3325 0.195)
(0.144 0.3325 0.234)
(0.144 0.3325 0.273)
(0.144 0.3325 0.312)
(0.144 0.3325 0.351)
(0.1399057778 0.3437487832 0.39)
(0.1295388431 0.3497341357 0.39)
(0.11775 0.3476554446 0.39)
(0.1100553791 0.3384853525 0.39)
(0.1100553791 0.3265146475 0.39)
(0.11775 0.3173445554 0.39)
(0.1295388431 0.3152658643 0.39)
(0.1399057778 0.3212512168 0.39)
(0.097 0.3325 0.039)
(0.097 0.3325 0.078)
(0.097 0.3325 0.117)
(0.097 0.3325 0.156)
(0.097 0.3325 0.195)
(0.097 0.3325 0.234)
(0.097 0.3325 0.273)
(0.097 0.3325 0.312)
(0.097 0.3325 0.351)
(0.09290577775 0.3437487832 0.39)
(0.08253884311 0.3497341357 0.39)
(0.07075 0.3476554446 0.39)
(0.06305537914 0.3384853525 0.39)
(0.06305537914 0.3265146475 0.39)
(0.07075 0.3173445554 0.39)
(0.08253884311 0.3152658643 0.39)
(0.09290577775 0.3212512168 0.39)
(0.05 0.3325 0.039)
(0.05 0.3325 0.078)
(0.05 0.3325 0.117)
(0.05 0.3325 0.156)
(0.05 0.3325 0.195)
(0.05 0.3325 0.234)
(0.05 0.3325 0.273)
(0.05 0.3325 0.312)
(0.05 0.3325 0.351)
(0.04590577775 0.3437487832 0.39)
(0.03553884311 0.3497341357 0.39)
(0.02375 0.3476554446 0.39)
(0.01605537914 0.3384853525 0.39)
(0.01605537914 0.3265146475 0.39)
(0.02375 0.3173445554 0.39)
(0.03553884311 0.3152658643 0.39)
(0.04590577775 0.3212512168 0.39)
(5.250340394e-18 0.1962349735 0.1477091379)
(4.380609816e-18 0.2107106356 0.1555429745)
(3.036172192e-18 0.2218583239 0.1676525921)
(1.3627182e-18 0.2284700133 0.1827257256)
(-4.584074535e-19 0.2298292247 0.1991289673)
(-2.229857547e-18 0.2257886663 0.2150847712)
(-3.759667975e-18 0.2167861955 0.2288640786)
(-4.882060041e-18 0.2037973697 0.2389736876)
(-5.475405148e-18 0.1882297295 0.2443180652)
(-5.475405148e-18 0.1717702705 0.2443180652)
(-4.882060041e-18 0.1562026303 0.2389736876)
(-3.759667975e-18 0.1432138045 0.2288640786)
(-2.229857547e-18 0.1342113337 0.2150847712)
(-4.584074535e-19 0.1301707753 0.1991289673)
(1.3627182e-18 0.1315299867 0.1827257256)
(3.036172192e-18 0.1381416761 0.1676525921)
(4.380609816e-18 0.1492893644 0.1555429745)
(5.250340394e-18 0.1637650265 0.1477091379)
(0.01 0.18 0.145)
(0.02 0.18 0.145)
(0.03 0.18 0.145)
(0.04 0.18 0.145)
(0.05 0.18 0.145)
(0.06 0.18 0.145)
(0.07 0.18 0.145)
(0.08 0.18 0.145)
(0.09 0.18 0.145)
(0.1 0.1962349735 0.1477091379)
(0.1 0.2107106356 0.1555429745)
(0.1 0.2218583239 0.1676525921)
(0.1 0.2284700133 0.1827257256)
(0.1 0.2298292247 0.1991289673)
(0.1 0.2257886663 0.2150847712)
(0.1 0.2167861955 0.2288640786)
(0.1 0.2037973697 0.2389736876)
(0.1 0.1882297295 0.2443180652)
(0.1 0.1717702705 0.2443180652)
(0.1 0.1562026303 0.2389736876)
(0.1 0.1432138045 0.2288640786)
(0.1 0.1342113337 0.2150847712)
(0.1 0.1301707753 0.1991289673)
(0.1 0.1315299867 0.1827257256)
(0.1 0.1381416761 0.1676525921)
(0.1 0.1492893644 0.1555429745)
(0.1 0.1637650265 0.1477091379)
(0 0.065 0.0975)
(0 0.065 0.195)
(0 0.065 0.2925)
(0 0 0.0975)
(0 0 0.195)
(0 0 0.2925)
(0 0.1416666667 0.39)
(0 0.2183333333 0.39)
(0 0.295 0.0975)
(0 0.295 0.195)
(0 0.295 0.2925)
(0 0.1416666667 0)
(0 0.2183333333 0)
(0 0.36 0.0975)
(0 0.36 0.195)
(0 0.36 0.2925)
(0.06866666667 0 0)
(0.1373333333 0 0)
(0.206 0 0.0975)
(0.206 0 0.195)
(0.206 0 0.2925)
(0.06866666667 0 0.39)
(0.1373333333 0 0.39)
(0.06866666667 0.36 0.39)
(0.1373333333 0.36 0.39)
(0.206 0.09 0.39)
(0.206 0.18 0.39)
(0.206 0.27 0.39)
(0.06866666667 0.36 0)
(0.1373333333 0.36 0)
(0.206 0.09 0)
(0.206 0.18 0)
(0.206 0.27 0)
(0.206 0.36 0.0975)
(0.206 0.36 0.195)
(0.206 0.36 0.2925)
(-0.04 0.065 0.0975)
(-0.04 0.065 0.195)
(-0.04 0.065 0.2925)
(-0.04 0.1416666667 0.39)
(-0.04 0.2183333333 0.39)
(-0.04 0.295 0.0975)
(-0.04 0.295 0.195)
(-0.04 0.295 0.2925)
(-0.04 0.1416666667 0)
(-0.04 0.2183333333 0)
(-0.057 0 -0.135)
(-0.057 0.09 -0.08)
(-0.057 0.18 -0.08)
(-0.057 0.27 -0.08)
(-0.057 0.36 -0.135)
(-0.057 0.09 -0.19)
(-0.057 0.18 -0.19)
(-0.057 0.27 -0.19)
(0.263 0 -0.135)
(0.263 0.09 -0.08)
(0.263 0.18 -0.08)
(0.263 0.27 -0.08)
(0.263 0.36 -0.135)
(0.263 0.09 -0.19)
(0.263 0.18 -0.19)
(0.263 0.27 -0.19)
(0.023 0 -0.19)
(0.103 0 -0.19)
(0.183 0 -0.19)
(0.023 0 -0.08)
(0.103 0 -0.08)
(0.183 0 -0.08)
(0.023 0.36 -0.19)
(0.103 0.36 -0.19)
(0.183 0.36 -0.19)
(0.023 0.36 -0.08)
(0.103 0.36 -0.08)
(0.183 0.36 -0.08)
(-0.14 -0.1 0.01166666667)
(-0.14 -0.1 0.1033333333)
(-0.14 -0.1 0.195)
(-0.14 -0.1 0.2866666667)
(-0.14 -0.1 0.3783333333)
(-0.14 -0.006666666667 0.47)
(-0.14 0.08666666667 0.47)
(-0.14 0.18 0.47)
(-0.14 0.2733333333 0.47)
(-0.14 0.3666666667 0.47)
(-0.14 0.46 0.01166666667)
(-0.14 0.46 0.1033333333)
(-0.14 0.46 0.195)
(-0.14 0.46 0.2866666667)
(-0.14 0.46 0.3783333333)
(-0.14 -0.006666666667 -0.08)
(-0.14 0.08666666667 -0.08)
(-0.14 0.18 -0.08)
(-0.14 0.2733333333 -0.08)
(-0.14 0.3666666667 -0.08)
(-0.0428 -0.1 -0.08)
(0.0544 -0.1 -0.08)
(0.1516 -0.1 -0.08)
(0.2488 -0.1 -0.08)
(0.346 -0.1 0.01166666667)
(0.346 -0.1 0.1033333333)
(0.346 -0.1 0.195)
(0.346 -0.1 0.2866666667)
(0.346 -0.1 0.3783333333)
(-0.0428 -0.1 0.47)
(0.0544 -0.1 0.47)
(0.1516 -0.1 0.47)
(0.2488 -0.1 0.47)
(-0.0428 0.46 0.47)
(0.0544 0.46 0.47)
(0.1516 0.46 0.47)
(0.2488 0.46 0.47)
(0.346 -0.006666666667 0.47)
(0.346 0.08666666667 0.47)
(0.346 0.18 0.47)
(0.346 0.2733333333 0.47)
(0.346 0.3666666667 0.47)
(-0.0428 0.46 -0.08)
(0.0544 0.46 -0.08)
(0.1516 0.46 -0.08)
(0.2488 0.46 -0.08)
(0.346 0.46 0.01166666667)
(0.346 0.46 0.1033333333)
(0.346 0.46 0.195)
(0.346 0.46 0.2866666667)
(0.346 0.46 0.3783333333)
(0.346 -0.006666666667 -0.08)
(0.346 0.08666666667 -0.08)
(0.346 0.18 -0.08)
(0.346 0.2733333333 -0.08)
(0.346 0.3666666667 -0.08)
(0.03144462086 0.02151464749 0)
(0.03351859203 0.03327672244 0)
(0.02375 0.0275 0)
(0.04072231043 0.02450732375 0)
(0.07795083041 0.02161399704 0)
(0.08207529407 0.03300903713 0)
(0.08756275385 0.02456481641 0)
(0.07174974812 0.03032036284 0)
(0.1320275709 0.02495227209 0)
(0.1215218526 0.03099280383 0)
(0.1307906741 0.03493057322 0)
(0.1223766677 0.02035724273 0)
(0.1779934924 0.02372951221 0)
(0.1688442222 0.0314066614 0)
(0.1667971111 0.02187560842 0)
(0.177875 0.03507772228 0)
(0.174518592 0.3382767224 0)
(0.1724446209 0.3265146475 0)
(0.16475 0.3325 0)
(0.1817223104 0.3295073237 0)
(0.127518592 0.3382767224 0)
(0.1254446209 0.3265146475 0)
(0.11775 0.3325 0)
(0.1347223104 0.3295073237 0)
(0.07484422225 0.3364066614 0)
(0.08399349237 0.3287295122 0)
(0.083875 0.3400777223 0)
(0.07279711112 0.3268756084 0)
(0.0281771567 0.3367846217 0)
(0.03598331907 0.3275152113 0)
(0.02592667952 0.3269850421 0)
(0.03881763181 0.3378017336 0)
(0.1869057778 0.03874878317 0.039)
(0.1869057778 0.03874878317 0.078)
(0.1869057778 0.03874878317 0.117)
(0.1869057778 0.03874878317 0.156)
(0.1869057778 0.03874878317 0.195)
(0.1869057778 0.03874878317 0.234)
(0.1869057778 0.03874878317 0.273)
(0.1869057778 0.03874878317 0.312)
(0.1869057778 0.03874878317 0.351)
(0.1765388431 0.04473413568 0.039)
(0.1765388431 0.04473413568 0.078)
(0.1765388431 0.04473413568 0.117)
(0.1765388431 0.04473413568 0.156)
(0.1765388431 0.04473413568 0.195)
(0.1765388431 0.04473413568 0.234)
(0.1765388431 0.04473413568 0.273)
(0.1765388431 0.04473413568 0.312)
(0.1765388431 0.04473413568 0.351)
(0.16475 0.04265544457 0.039)
(0.16475 0.04265544457 0.078)
(0.16475 0.04265544457 0.117)
(0.16475 0.04265544457 0.156)
(0.16475 0.04265544457 0.195)
(0.16475 0.04265544457 0.234)
(0.16475 0.04265544457 0.273)
(0.16475 0.04265544457 0.312)
(0.16475 0.04265544457 0.351)
(0.1570553791 0.03348535251 0.039)
(0.1570553791 0.03348535251 0.078)
(0.1570553791 0.03348535251 0.117)
(0.1570553791 0.03348535251 0.156)
(0.1570553791 0.03348535251 0.195)
(0.1570553791 0.03348535251 0.234)
(0.1570553791 0.03348535251 0.273)
(0.1570553791 0.03348535251 0.312)
(0.1570553791 0.03348535251 0.351)
(0.1570553791 0.02151464749 0.039)
(0.1570553791 0.02151464749 0.078)
(0.1570553791 0.02151464749 0.117)
(0.1570553791 0.02151464749 0.156)
(0.1570553791 0.02151464749 0.195)
(0.1570553791 0.02151464749 0.234)
(0.1570553791 0.02151464749 0.273)
(0.1570553791 0.02151464749 0.312)
(0.1570553791 0.02151464749 0.351)
(0.16475 0.01234455543 0.039)
(0.16475 0.01234455543 0.078)
(0.16475 0.01234455543 0.117)
(0.16475 0.01234455543 0.156)
(0.16475 0.01234455543 0.195)
(0.16475 0.01234455543 0.234)
(0.16475 0.01234455543 0.273)
(0.16475 0.01234455543 0.312)
(0.16475 0.01234455543 0.351)
(0.1765388431 0.01026586432 0.039)
(0.1765388431 0.01026586432 0.078)
(0.1765388431 0.01026586432 0.117)
(0.1765388431 0.01026586432 0.156)
(0.1765388431 0.01026586432 0.195)
(0.1765388431 0.01026586432 0.234)
(0.1765388431 0.01026586432 0.273)
(0.1765388431 0.01026586432 0.312)
(0.1765388431 0.01026586432 0.351)
(0.1869057778 0.01625121683 0.039)
(0.1869057778 0.01625121683 0.078)
(0.1869057778 0.01625121683 0.117)
(0.1869057778 0.01625121683 0.156)
(0.1869057778 0.01625121683 0.195)
(0.1869057778 0.01625121683 0.234)
(0.1869057778 0.01625121683 0.273)
(0.1869057778 0.01625121683 0.312)
(0.1869057778 0.01625121683 0.351)
(0.1779934924 0.02372951221 0.39)
(0.1688442222 0.0314066614 0.39)
(0.1667971111 0.02187560842 0.39)
(0.177875 0.03507772228 0.39)
(0.1399057778 0.03874878317 0.039)
(0.1399057778 0.03874878317 0.078)
(0.1399057778 0.03874878317 0.117)
(0.1399057778 0.03874878317 0.156)
(0.1399057778 0.03874878317 0.195)
(0.1399057778 0.03874878317 0.234)
(0.1399057778 0.03874878317 0.273)
(0.1399057778 0.03874878317 0.312)
(0.1399057778 0.03874878317 0.351)
(0.1295388431 0.04473413568 0.039)
(0.1295388431 0.04473413568 0.078)
(0.1295388431 0.04473413568 0.117)
(0.1295388431 0.04473413568 0.156)
(0.1295388431 0.04473413568 0.195)
(0.1295388431 0.04473413568 0.234)
(0.1295388431 0.04473413568 0.273)
(0.1295388431 0.04473413568 0.312)
(0.1295388431 0.04473413568 0.351)
(0.11775 0.04265544457 0.039)
(0.11775 0.04265544457 0.078)
(0.11775 0.04265544457 0.117)
(0.11775 0.04265544457 0.156)
(0.11775 0.04265544457 0.195)
(0.11775 0.04265544457 0.234)
(0.11775 0.04265544457 0.273)
(0.11775 0.04265544457 0.312)
(0.11775 0.04265544457 0.351)
(0.1100553791 0.03348535251 0.039)
(0.1100553791 0.03348535251 0.078)
(0.1100553791 0.03348535251 0.117)
(0.1100553791 0.03348535251 0.156)
(0.1100553791 0.03348535251 0.195)
(0.1100553791 0.03348535251 0.234)
(0.1100553791 0.03348535251 0.273)
(0.1100553791 0.03348535251 0.312)
(0.1100553791 0.03348535251 0.351)
(0.1100553791 0.02151464749 0.039)
(0.1100553791 0.02151464749 0.078)
(0.1100553791 0.02151464749 0.117)
(0.1100553791 0.02151464749 0.156)
(0.1100553791 0.02151464749 0.195)
(0.1100553791 0.02151464749 0.234)
(0.1100553791 0.02151464749 0.273)
(0.1100553791 0.02151464749 0.312)
(0.1100553791 0.02151464749 0.351)
(0.11775 0.01234455543 0.039)
(0.11775 0.01234455543 0.078)
(0.11775 0.01234455543 0.117)
(0.11775 0.01234455543 0.156)
(0.11775 0.01234455543 0.195)
(0.11775 0.01234455543 0.234)
(0.11775 0.01234455543 0.273)
(0.11775 0.01234455543 0.312)
(0.11775 0.01234455543 0.351)
(0.1295388431 0.01026586432 0.039)
(0.1295388431 0.01026586432 0.078)
(0.1295388431 0.01026586432 0.117)
(0.1295388431 0.01026586432 0.156)
(0.1295388431 0.01026586432 0.195)
(0.1295388431 0.01026586432 0.234)
(0.1295388431 0.01026586432 0.273)
(0.1295388431 0.01026586432 0.312)
(0.1295388431 0.01026586432 0.351)
(0.1399057778 0.01625121683 0.039)
(0.1399057778 0.01625121683 0.078)
(0.1399057778 0.01625121683 0.117)
(0.1399057778 0.01625121683 0.156)
(0.1399057778 0.01625121683 0.195)
(0.1399057778 0.01625121683 0.234)
(0.1399057778 0.01625121683 0.273)
(0.1399057778 0.01625121683 0.312)
(0.1399057778 0.01625121683 0.351)
(0.1320275709 0.02495227209 0.39)
(0.1215218526 0.03099280383 0.39)
(0.1307906741 0.03493057322 0.39)
(0.1223766677 0.02035724273 0.39)
(0.09290577775 0.03874878317 0.039)
(0.09290577775 0.03874878317 0.078)
(0.09290577775 0.03874878317 0.117)
(0.09290577775 0.03874878317 0.156)
(0.09290577775 0.03874878317 0.195)
(0.09290577775 0.03874878317 0.234)
(0.09290577775 0.03874878317 0.273)
(0.09290577775 0.03874878317 0.312)
(0.09290577775 0.03874878317 0.351)
(0.08253884311 0.04473413568 0.039)
(0.08253884311 0.04473413568 0.078)
(0.08253884311 0.04473413568 0.117)
(0.08253884311 0.04473413568 0.156)
(0.08253884311 0.04473413568 0.195)
(0.08253884311 0.04473413568 0.234)
(0.08253884311 0.04473413568 0.273)
(0.08253884311 0.04473413568 0.312)
(0.08253884311 0.04473413568 0.351)
(0.07075 0.04265544457 0.039)
(0.07075 0.04265544457 0.078)
(0.07075 0.04265544457 0.117)
(0.07075 0.04265544457 0.156)
(0.07075 0.04265544457 0.195)
(0.07075 0.04265544457 0.234)
(0.07075 0.04265544457 0.273)
(0.07075 0.04265544457 0.312)
(0.07075 0.04265544457 0.351)
(0.06305537914 0.03348535251 0.039)
(0.06305537914 0.03348535251 0.078)
(0.06305537914 0.03348535251 0.117)
(0.06305537914 0.03348535251 0.156)
(0.06305537914 0.03348535251 0.195)
(0.06305537914 0.03348535251 0.234)
(0.06305537914 0.03348535251 0.273)
(0.06305537914 0.03348535251 0.312)
(0.06305537914 0.03348535251 0.351)
(0.06305537914 0.02151464749 0.039)
(0.06305537914 0.02151464749 0.078)
(0.06305537914 0.02151464749 0.117)
(0.06305537914 0.02151464749 0.156)
(0.06305537914 0.02151464749 0.195)
(0.06305537914 0.02151464749 0.234)
(0.06305537914 0.02151464749 0.273)
(0.06305537914 0.02151464749 0.312)
(0.06305537914 0.02151464749 0.351)
(0.07075 0.01234455543 0.039)
(0.07075 0.01234455543 0.078)
(0.07075 0.01234455543 0.117)
(0.07075 0.01234455543 0.156)
(0.07075 0.01234455543 0.195)
(0.07075 0.01234455543 0.234)
(0.07075 0.01234455543 0.273)
(0.07075 0.01234455543 0.312)
(0.07075 0.01234455543 0.351)
(0.08253884311 0.01026586432 0.039)
(0.08253884311 0.01026586432 0.078)
(0.08253884311 0.01026586432 0.117)
(0.08253884311 0.01026586432 0.156)
(0.08253884311 0.01026586432 0.195)
(0.08253884311 0.01026586432 0.234)
(0.08253884311 0.01026586432 0.273)
(0.08253884311 0.01026586432 0.312)
(0.08253884311 0.01026586432 0.351)
(0.09290577775 0.01625121683 0.039)
(0.09290577775 0.01625121683 0.078)
(0.09290577775 0.01625121683 0.117)
(0.09290577775 0.01625121683 0.156)
(0.09290577775 0.01625121683 0.195)
(0.09290577775 0.01625121683 0.234)
(0.09290577775 0.01625121683 0.273)
(0.09290577775 0.01625121683 0.312)
(0.09290577775 0.01625121683 0.351)
(0.07795083041 0.02161399704 0.39)
(0.08207529407 0.03300903713 0.39)
(0.08756275385 0.02456481641 0.39)
(0.07174974812 0.03032036284 0.39)
(0.04590577775 0.03874878317 0.039)
(0.04590577775 0.03874878317 0.078)
(0.04590577775 0.03874878317 0.117)
(0.04590577775 0.03874878317 0.156)
(0.04590577775 0.03874878317 0.195)
(0.04590577775 0.03874878317 0.234)
(0.04590577775 0.03874878317 0.273)
(0.04590577775 0.03874878317 0.312)
(0.04590577775 0.03874878317 0.351)
(0.03553884311 0.04473413568 0.039)
(0.03553884311 0.04473413568 0.078)
(0.03553884311 0.04473413568 0.117)
(0.03553884311 0.04473413568 0.156)
(0.03553884311 0.04473413568 0.195)
(0.03553884311 0.04473413568 0.234)
(0.03553884311 0.04473413568 0.273)
(0.03553884311 0.04473413568 0.312)
(0.03553884311 0.04473413568 0.351)
(0.02375 0.04265544457 0.039)
(0.02375 0.04265544457 0.078)
(0.02375 0.04265544457 0.117)
(0.02375 0.04265544457 0.156)
(0.02375 0.04265544457 0.195)
(0.02375 0.04265544457 0.234)
(0.02375 0.04265544457 0.273)
(0.02375 0.04265544457 0.312)
(0.02375 0.04265544457 0.351)
(0.01605537914 0.03348535251 0.039)
(0.01605537914 0.03348535251 0.078)
(0.01605537914 0.03348535251 0.117)
(0.01605537914 0.03348535251 0.156)
(0.01605537914 0.03348535251 0.195)
(0.01605537914 0.03348535251 0.234)
(0.01605537914 0.03348535251 0.273)
(0.01605537914 0.03348535251 0.312)
(0.01605537914 0.03348535251 0.351)
(0.01605537914 0.02151464749 0.039)
(0.01605537914 0.02151464749 0.078)
(0.01605537914 0.02151464749 0.117)
(0.01605537914 0.02151464749 0.156)
(0.01605537914 0.02151464749 0.195)
(0.01605537914 0.02151464749 0.234)
(0.01605537914 0.02151464749 0.273)
(0.01605537914 0.02151464749 0.312)
(0.01605537914 0.02151464749 0.351)
(0.02375 0.01234455543 0.039)
(0.02375 0.01234455543 0.078)
(0.02375 0.01234455543 0.117)
(0.02375 0.01234455543 0.156)
(0.02375 0.01234455543 0.195)
(0.02375 0.01234455543 0.234)
(0.02375 0.01234455543 0.273)
(0.02375 0.01234455543 0.312)
(0.02375 0.01234455543 0.351)
(0.03553884311 0.01026586432 0.039)
(0.03553884311 0.01026586432 0.078)
(0.03553884311 0.01026586432 0.117)
(0.03553884311 0.01026586432 0.156)
(0.03553884311 0.01026586432 0.195)
(0.03553884311 0.01026586432 0.234)
(0.03553884311 0.01026586432 0.273)
(0.03553884311 0.01026586432 0.312)
(0.03553884311 0.01026586432 0.351)
(0.04590577775 0.01625121683 0.039)
(0.04590577775 0.01625121683 0.078)
(0.04590577775 0.01625121683 0.117)
(0.04590577775 0.01625121683 0.156)
(0.04590577775 0.01625121683 0.195)
(0.04590577775 0.01625121683 0.234)
(0.04590577775 0.01625121683 0.273)
(0.04590577775 0.01625121683 0.312)
(0.04590577775 0.01625121683 0.351)
(0.03144462086 0.02151464749 0.39)
(0.03351859203 0.03327672244 0.39)
(0.02375 0.0275 0.39)
(0.04072231043 0.02450732375 0.39)
(0.1869057778 0.3437487832 0.039)
(0.1869057778 0.3437487832 0.078)
(0.1869057778 0.3437487832 0.117)
(0.1869057778 0.3437487832 0.156)
(0.1869057778 0.3437487832 0.195)
(0.1869057778 0.3437487832 0.234)
(0.1869057778 0.3437487832 0.273)
(0.1869057778 0.3437487832 0.312)
(0.1869057778 0.3437487832 0.351)
(0.1765388431 0.3497341357 0.039)
(0.1765388431 0.3497341357 0.078)
(0.1765388431 0.3497341357 0.117)
(0.1765388431 0.3497341357 0.156)
(0.1765388431 0.3497341357 0.195)
(0.1765388431 0.3497341357 0.234)
(0.1765388431 0.3497341357 0.273)
(0.1765388431 0.3497341357 0.312)
(0.1765388431 0.3497341357 0.351)
(0.16475 0.3476554446 0.039)
(0.16475 0.3476554446 0.078)
(0.16475 0.3476554446 0.117)
(0.16475 0.3476554446 0.156)
(0.16475 0.3476554446 0.195)
(0.16475 0.3476554446 0.234)
(0.16475 0.3476554446 0.273)
(0.16475 0.3476554446 0.312)
(0.16475 0.3476554446 0.351)
(0.1570553791 0.3384853525 0.039)
(0.1570553791 0.3384853525 0.078)
(0.1570553791 0.3384853525 0.117)
(0.1570553791 0.3384853525 0.156)
(0.1570553791 0.3384853525 0.195)
(0.1570553791 0.3384853525 0.234)
(0.1570553791 0.3384853525 0.273)
(0.1570553791 0.3384853525 0.312)
(0.1570553791 0.3384853525 0.351)
(0.1570553791 0.3265146475 0.039)
(0.1570553791 0.3265146475 0.078)
(0.1570553791 0.3265146475 0.117)
(0.1570553791 0.3265146475 0.156)
(0.1570553791 0.3265146475 0.195)
(0.1570553791 0.3265146475 0.234)
(0.1570553791 0.3265146475 0.273)
(0.1570553791 0.3265146475 0.312)
(0.1570553791 0.3265146475 0.351)
(0.16475 0.3173445554 0.039)
(0.16475 0.3173445554 0.078)
(0.16475 0.3173445554 0.117)
(0.16475 0.3173445554 0.156)
(0.16475 0.3173445554 0.195)
(0.16475 0.3173445554 0.234)
(0.16475 0.3173445554 0.273)
(0.16475 0.3173445554 0.312)
(0.16475 0.3173445554 0.351)
(0.1765388431 0.3152658643 0.039)
(0.1765388431 0.3152658643 0.078)
(0.1765388431 0.3152658643 0.117)
(0.1765388431 0.3152658643 0.156)
(0.1765388431 0.3152658643 0.195)
(0.1765388431 0.3152658643 0.234)
(0.1765388431 0.3152658643 0.273)
(0.1765388431 0.3152658643 0.312)
(0.1765388431 0.3152658643 0.351)
(0.1869057778 0.3212512168 0.039)
(0.1869057778 0.3212512168 0.078)
(0.1869057778 0.3212512168 0.117)
(0.1869057778 0.3212512168 0.156)
(0.1869057778 0.3212512168 0.195)
(0.1869057778 0.3212512168 0.234)
(0.1869057778 0.3212512168 0.273)
(0.1869057778 0.3212512168 0.312)
(0.1869057778 0.3212512168 0.351)
(0.174518592 0.3382767224 0.39)
(0.1724446209 0.3265146475 0.39)
(0.16475 0.3325 0.39)
(0.1817223104 0.3295073237 0.39)
(0.1399057778 0.3437487832 0.039)
(0.1399057778 0.3437487832 0.078)
(0.1399057778 0.3437487832 0.117)
(0.1399057778 0.3437487832 0.156)
(0.1399057778 0.3437487832 0.195)
(0.1399057778 0.3437487832 0.234)
(0.1399057778 0.3437487832 0.273)
(0.1399057778 0.3437487832 0.312)
(0.1399057778 0.3437487832 0.351)
(0.1295388431 0.3497341357 0.039)
(0.1295388431 0.3497341357 0.078)
(0.1295388431 0.3497341357 0.117)
(0.1295388431 0.3497341357 0.156)
(0.1295388431 0.3497341357 0.195)
(0.1295388431 0.3497341357 0.234)
(0.1295388431 0.3497341357 0.273)
(0.1295388431 0.3497341357 0.312)
(0.1295388431 0.3497341357 0.351)
(0.11775 0.3476554446 0.039)
(0.11775 0.3476554446 0.078)
(0.11775 0.3476554446 0.117)
(0.11775 0.3476554446 0.156)
(0.11775 0.3476554446 0.195)
(0.11775 0.3476554446 0.234)
(0.11775 0.3476554446 0.273)
(0.11775 0.3476554446 0.312)
(0.11775 0.3476554446 0.351)
(0.1100553791 0.3384853525 0.039)
(0.1100553791 0.3384853525 0.078)
(0.1100553791 0.3384853525 0.117)
(0.1100553791 0.3384853525 0.156)
(0.1100553791 0.3384853525 0.195)
(0.1100553791 0.3384853525 0.234)
(0.1100553791 0.3384853525 0.273)
(0.1100553791 0.3384853525 0.312)
(0.1100553791 0.3384853525 0.351)
(0.1100553791 0.3265146475 0.039)
(0.1100553791 0.3265146475 0.078)
(0.1100553791 0.3265146475 0.117)
(0.1100553791 0.3265146475 0.156)
(0.1100553791 0.3265146475 0.195)
(0.1100553791 0.3265146475 0.234)
(0.1100553791 0.3265146475 0.273)
(0.1100553791 0.3265146475 0.312)
(0.1100553791 0.3265146475 0.351)
(0.11775 0.3173445554 0.039)
(0.11775 0.3173445554 0.078)
(0.11775 0.3173445554 0.117)
(0.11775 0.3173445554 0.156)
(0.11775 0.3173445554 0.195)
(0.11775 0.3173445554 0.234)
(0.11775 0.3173445554 0.273)
(0.11775 0.3173445554 0.312)
(0.11775 0.3173445554 0.351)
(0.1295388431 0.3152658643 0.039)
(0.1295388431 0.3152658643 0.078)
(0.1295388431 0.3152658643 0.117)
(0.1295388431 0.3152658643 0.156)
(0.1295388431 0.3152658643 0.195)
(0.1295388431 0.3152658643 0.234)
(0.1295388431 0.3152658643 0.273)
(0.1295388431 0.3152658643 0.312)
(0.1295388431 0.3152658643 0.351)
(0.1399057778 0.3212512168 0.039)
(0.1399057778 0.3212512168 0.078)
(0.1399057778 0.3212512168 0.117)
(0.1399057778 0.3212512168 0.156)
(0.1399057778 0.3212512168 0.195)
(0.1399057778 0.3212512168 0.234)
(0.1399057778 0.3212512168 0.273)
(0.1399057778 0.3212512168 0.312)
(0.1399057778 0.3212512168 0.351)
(0.127518592 0.3382767224 0.39)
(0.1254446209 0.3265146475 0.39)
(0.11775 0.3325 0.39)
(0.1347223104 0.3295073237 0.39)
(0.09290577775 0.3437487832 0.039)
(0.09290577775 0.3437487832 0.078)
(0.09290577775 0.3437487832 0.117)
(0.09290577775 0.3437487832 0.156)
(0.09290577775 0.3437487832 0.195)
(0.09290577775 0.3437487832 0.234)
(0.09290577775 0.3437487832 0.273)
(0.09290577775 0.3437487832 0.312)
(0.09290577775 0.3437487832 0.351)
(0.08253884311 0.3497341357 0.039)
(0.08253884311 0.3497341357 0.078)
(0.08253884311 0.3497341357 0.117)
(0.08253884311 0.3497341357 0.156)
(0.08253884311 0.3497341357 0.195)
(0.08253884311 0.3497341357 0.234)
(0.08253884311 0.3497341357 0.273)
(0.08253884311 0.3497341357 0.312)
(0.08253884311 0.3497341357 0.351)
(0.07075 0.3476554446 0.039)
(0.07075 0.3476554446 0.078)
(0.07075 0.3476554446 0.117)
(0.07075 0.3476554446 0.156)
(0.07075 0.3476554446 0.195)
(0.07075 0.3476554446 0.234)
(0.07075 0.3476554446 0.273)
(0.07075 0.3476554446 0.312)
(0.07075 0.3476554446 0.351)
(0.06305537914 0.3384853525 0.039)
(0.06305537914 0.3384853525 0.078)
(0.06305537914 0.3384853525 0.117)
(0.06305537914 0.3384853525 0.156)
(0.06305537914 0.3384853525 0.195)
(0.06305537914 0.3384853525 0.234)
(0.06305537914 0.3384853525 0.273)
(0.06305537914 0.3384853525 0.312)
(0.06305537914 0.3384853525 0.351)
(0.06305537914 0.3265146475 0.039)
(0.06305537914 0.3265146475 0.078)
(0.06305537914 0.3265146475 0.117)
(0.06305537914 0.3265146475 0.156)
(0.06305537914 0.3265146475 0.195)
(0.06305537914 0.3265146475 0.234)
(0.06305537914 0.3265146475 0.273)
(0.06305537914 0.3265146475 0.312)
(0.06305537914 0.3265146475 0.351)
(0.07075 0.3173445554 0.039)
(0.07075 0.3173445554 0.078)
(0.07075 0.3173445554 0.117)
(0.07075 0.3173445554 0.156)
(0.07075 0.3173445554 0.195)
(0.07075 0.3173445554 0.234)
(0.07075 0.3173445554 0.273)
(0.07075 0.3173445554 0.312)
(0.07075 0.3173445554 0.351)
(0.08253884311 0.3152658643 0.039)
(0.08253884311 0.3152658643 0.078)
(0.08253884311 0.3152658643 0.117)
(0.08253884311 0.3152658643 0.156)
(0.08253884311 0.3152658643 0.195)
(0.08253884311 0.3152658643 0.234)
(0.08253884311 0.3152658643 0.273)
(0.08253884311 0.3152658643 0.312)
(0.08253884311 0.3152658643 0.351)
(0.09290577775 0.3212512168 0.039)
(0.09290577775 0.3212512168 0.078)
(0.09290577775 0.3212512168 0.117)
(0.09290577775 0.3212512168 0.156)
(0.09290577775 0.3212512168 0.195)
(0.09290577775 0.3212512168 0.234)
(0.09290577775 0.3212512168 0.273)
(0.09290577775 0.3212512168 0.312)
(0.09290577775 0.3212512168 0.351)
(0.07484422225 0.3364066614 0.39)
(0.08399349237 0.3287295122 0.39)
(0.083875 0.3400777223 0.39)
(0.07279711112 0.3268756084 0.39)
(0.04590577775 0.3437487832 0.039)
(0.04590577775 0.3437487832 0.078)
(0.04590577775 0.3437487832 0.117)
(0.04590577775 0.3437487832 0.156)
(0.04590577775 0.3437487832 0.195)
(0.04590577775 0.3437487832 0.234)
(0.04590577775 0.3437487832 0.273)
(0.04590577775 0.3437487832 0.312)
(0.04590577775 0.3437487832 0.351)
(0.03553884311 0.3497341357 0.039)
(0.03553884311 0.3497341357 0.078)
(0.03553884311 0.3497341357 0.117)
(0.03553884311 0.3497341357 0.156)
(0.03553884311 0.3497341357 0.195)
(0.03553884311 0.3497341357 0.234)
(0.03553884311 0.3497341357 0.273)
(0.03553884311 0.3497341357 0.312)
(0.03553884311 0.3497341357 0.351)
(0.02375 0.3476554446 0.039)
(0.02375 0.3476554446 0.078)
(0.02375 0.3476554446 0.117)
(0.02375 0.3476554446 0.156)
(0.02375 0.3476554446 0.195)
(0.02375 0.3476554446 0.234)
(0.02375 0.3476554446 0.273)
(0.02375 0.3476554446 0.312)
(0.02375 0.3476554446 0.351)
(0.01605537914 0.3384853525 0.039)
(0.01605537914 0.3384853525 0.078)
(0.01605537914 0.3384853525 0.117)
(0.01605537914 0.3384853525 0.156)
(0.01605537914 0.3384853525 0.195)
(0.01605537914 0.3384853525 0.234)
(0.01605537914 0.3384853525 0.273)
(0.01605537914 0.3384853525 0.312)
(0.01605537914 0.3384853525 0.351)
(0.01605537914 0.3265146475 0.039)
(0.01605537914 0.3265146475 0.078)
(0.01605537914 0.3265146475 0.117)
(0.01605537914 0.3265146475 0.156)
(0.01605537914 0.3265146475 0.195)
(0.01605537914 0.3265146475 0.234)
(0.01605537914 0.3265146475 0.273)
(0.01605537914 0.3265146475 0.312)
(0.01605537914 0.3265146475 0.351)
(0.02375 0.3173445554 0.039)
(0.02375 0.3173445554 0.078)
(0.02375 0.3173445554 0.117)
(0.02375 0.3173445554 0.156)
(0.02375 0.3173445554 0.195)
(0.02375 0.3173445554 0.234)
(0.02375 0.3173445554 0.273)
(0.02375 0.3173445554 0.312)
(0.02375 0.3173445554 0.351)
(0.03553884311 0.3152658643 0.039)
(0.03553884311 0.3152658643 0.078)
(0.03553884311 0.3152658643 0.117)
(0.03553884311 0.3152658643 0.156)
(0.03553884311 0.3152658643 0.195)
(0.03553884311 0.3152658643 0.234)
(0.03553884311 0.3152658643 0.273)
(0.03553884311 0.3152658643 0.312)
(0.03553884311 0.3152658643 0.351)
(0.04590577775 0.3212512168 0.039)
(0.04590577775 0.3212512168 0.078)
(0.04590577775 0.3212512168 0.117)
(0.04590577775 0.3212512168 0.156)
(0.04590577775 0.3212512168 0.195)
(0.04590577775 0.3212512168 0.234)
(0.04590577775 0.3212512168 0.273)
(0.04590577775 0.3212512168 0.312)
(0.04590577775 0.3212512168 0.351)
(0.0281771567 0.3367846217 0.39)
(0.03598331907 0.3275152113 0.39)
(0.02592667952 0.3269850421 0.39)
(0.03881763181 0.3378017336 0.39)
(3.423667194e-18 0.163311497 0.1641623474)
(-3.787833348e-18 0.1916888043 0.2291177697)
(1.463772619e-18 0.2121464655 0.1818155084)
(-9.556403563e-19 0.1460091861 0.2036076431)
(3.83976535e-18 0.1857713045 0.1604144684)
(-3.388762633e-18 0.1554276338 0.2255232603)
(-1.934005536e-18 0.2072573941 0.2124199732)
(1.563743597e-18 0.147889548 0.1809150498)
(2.956998213e-18 0.2089325321 0.1683657279)
(2.135558473e-18 0.1962273222 0.1757645993)
(5.93070665e-20 0.2012532855 0.1944658094)
(5.268737418e-19 0.1855814702 0.1902543432)
(-1.216377833e-18 0.1910750705 0.2059561575)
(-7.571002256e-19 0.1753462107 0.2018193526)
(6.952069483e-19 0.1725165229 0.1887381325)
(2.414968214e-18 0.1768394104 0.1732479001)
(-2.590534414e-18 0.1803208091 0.2183334596)
(1.536053131e-19 0.1583553972 0.1936164463)
(-6.054652315e-19 0.2150347539 0.200453546)
(-4.28690282e-18 0.1795352722 0.2336129879)
(-2.004533345e-18 0.1611720282 0.2130552312)
(3.712654449e-18 0.1995753536 0.1615593816)
(-2.444913138e-18 0.1477414874 0.2170218198)
(2.956998213e-18 0.1510674679 0.1683657279)
(1.86803158e-18 0.1616633072 0.1781742673)
(3.332038601e-19 0.1427909787 0.1919987664)
(-3.385134687e-18 0.2034173 0.2254905826)
(4.095971255e-18 0.1739374477 0.1581067708)
(-2.513644631e-18 0.1954039481 0.217640898)
(-3.7713664e-18 0.167404774 0.2289694486)
(0.01 0.1962349735 0.1477091379)
(0.02 0.1962349735 0.1477091379)
(0.03 0.1962349735 0.1477091379)
(0.04 0.1962349735 0.1477091379)
(0.05 0.1962349735 0.1477091379)
(0.06 0.1962349735 0.1477091379)
(0.07 0.1962349735 0.1477091379)
(0.08 0.1962349735 0.1477091379)
(0.09 0.1962349735 0.1477091379)
(0.01 0.2107106356 0.1555429745)
(0.02 0.2107106356 0.1555429745)
(0.03 0.2107106356 0.1555429745)
(0.04 0.2107106356 0.1555429745)
(0.05 0.2107106356 0.1555429745)
(0.06 0.2107106356 0.1555429745)
(0.07 0.2107106356 0.1555429745)
(0.08 0.2107106356 0.1555429745)
(0.09 0.2107106356 0.1555429745)
(0.01 0.2218583239 0.1676525921)
(0.02 0.2218583239 0.1676525921)
(0.03 0.2218583239 0.1676525921)
(0.04 0.2218583239 0.1676525921)
(0.05 0.2218583239 0.1676525921)
(0.06 0.2218583239 0.1676525921)
(0.07 0.2218583239 0.1676525921)
(0.08 0.2218583239 0.1676525921)
(0.09 0.2218583239 0.1676525921)
(0.01 0.2284700133 0.1827257256)
(0.02 0.2284700133 0.1827257256)
(0.03 0.2284700133 0.1827257256)
(0.04 0.2284700133 0.1827257256)
(0.05 0.2284700133 0.1827257256)
(0.06 0.2284700133 0.1827257256)
(0.07 0.2284700133 0.1827257256)
(0.08 0.2284700133 0.1827257256)
(0.09 0.2284700133 0.1827257256)
(0.01 0.2298292247 0.1991289673)
(0.02 0.2298292247 0.1991289673)
(0.03 0.2298292247 0.1991289673)
(0.04 0.2298292247 0.1991289673)
(0.05 0.2298292247 0.1991289673)
(0.06 0.2298292247 0.1991289673)
(0.07 0.2298292247 0.1991289673)
(0.08 0.2298292247 0.1991289673)
(0.09 0.2298292247 0.1991289673)
(0.01 0.2257886663 0.2150847712)
(0.02 0.2257886663 0.2150847712)
(0.03 0.2257886663 0.2150847712)
(0.04 0.2257886663 0.2150847712)
(0.05 0.2257886663 0.2150847712)
(0.06 0.2257886663 0.2150847712)
(0.07 0.2257886663 0.2150847712)
(0.08 0.2257886663 0.2150847712)
(0.09 0.2257886663 0.2150847712)
(0.01 0.2167861955 0.2288640786)
(0.02 0.2167861955 0.2288640786)
(0.03 0.2167861955 0.2288640786)
(0.04 0.2167861955 0.2288640786)
(0.05 0.2167861955 0.2288640786)
(0.06 0.2167861955 0.2288640786)
(0.07 0.2167861955 0.2288640786)
(0.08 0.2167861955 0.2288640786)
(0.09 0.2167861955 0.2288640786)
(0.01 0.2037973697 0.2389736876)
(0.02 0.2037973697 0.2389736876)
(0.03 0.2037973697 0.2389736876)
(0.04 0.2037973697 0.2389736876)
(0.05 0.2037973697 0.2389736876)
(0.06 0.2037973697 0.2389736876)
(0.07 0.2037973697 0.2389736876)
(0.08 0.2037973697 0.2389736876)
(0.09 0.2037973697 0.2389736876)
(0.01 0.1882297295 0.2443180652)
(0.02 0.1882297295 0.2443180652)
(0.03 0.1882297295 0.2443180652)
(0.04 0.1882297295 0.2443180652)
(0.05 0.1882297295 0.2443180652)
(0.06 0.1882297295 0.2443180652)
(0.07 0.1882297295 0.2443180652)
(0.08 0.1882297295 0.2443180652)
(0.09 0.1882297295 0.2443180652)
(0.01 0.1717702705 0.2443180652)
(0.02 0.1717702705 0.2443180652)
(0.03 0.1717702705 0.2443180652)
(0.04 0.1717702705 0.2443180652)
(0.05 0.1717702705 0.2443180652)
(0.06 0.1717702705 0.2443180652)
(0.07 0.1717702705 0.2443180652)
(0.08 0.1717702705 0.2443180652)
(0.09 0.1717702705 0.2443180652)
(0.01 0.1562026303 0.2389736876)
(0.02 0.1562026303 0.2389736876)
(0.03 0.1562026303 0.2389736876)
(0.04 0.1562026303 0.2389736876)
(0.05 0.1562026303 0.2389736876)
(0.06 0.1562026303 0.2389736876)
(0.07 0.1562026303 0.2389736876)
(0.08 0.1562026303 0.2389736876)
(0.09 0.1562026303 0.2389736876)
(0.01 0.1432138045 0.2288640786)
(0.02 0.1432138045 0.2288640786)
(0.03 0.1432138045 0.2288640786)
(0.04 0.1432138045 0.2288640786)
(0.05 0.1432138045 0.2288640786)
(0.06 0.1432138045 0.2288640786)
(0.07 0.1432138045 0.2288640786)
(0.08 0.1432138045 0.2288640786)
(0.09 0.1432138045 0.2288640786)
(0.01 0.1342113337 0.2150847712)
(0.02 0.1342113337 0.2150847712)
(0.03 0.1342113337 0.2150847712)
(0.04 0.1342113337 0.2150847712)
(0.05 0.1342113337 0.2150847712)
(0.06 0.1342113337 0.2150847712)
(0.07 0.1342113337 0.2150847712)
(0.08 0.1342113337 0.2150847712)
(0.09 0.1342113337 0.2150847712)
(0.01 0.1301707753 0.1991289673)
(0.02 0.1301707753 0.1991289673)
(0.03 0.1301707753 0.1991289673)
(0.04 0.1301707753 0.1991289673)
(0.05 0.1301707753 0.1991289673)
(0.06 0.1301707753 0.1991289673)
(0.07 0.1301707753 0.1991289673)
(0.08 0.1301707753 0.1991289673)
(0.09 0.1301707753 0.1991289673)
(0.01 0.1315299867 0.1827257256)
(0.02 0.1315299867 0.1827257256)
(0.03 0.1315299867 0.1827257256)
(0.04 0.1315299867 0.1827257256)
(0.05 0.1315299867 0.1827257256)
(0.06 0.1315299867 0.1827257256)
(0.07 0.1315299867 0.1827257256)
(0.08 0.1315299867 0.1827257256)
(0.09 0.1315299867 0.1827257256)
(0.01 0.1381416761 0.1676525921)
(0.02 0.1381416761 0.1676525921)
(0.03 0.1381416761 0.1676525921)
(0.04 0.1381416761 0.1676525921)
(0.05 0.1381416761 0.1676525921)
(0.06 0.1381416761 0.1676525921)
(0.07 0.1381416761 0.1676525921)
(0.08 0.1381416761 0.1676525921)
(0.09 0.1381416761 0.1676525921)
(0.01 0.1492893644 0.1555429745)
(0.02 0.1492893644 0.1555429745)
(0.03 0.1492893644 0.1555429745)
(0.04 0.1492893644 0.1555429745)
(0.05 0.1492893644 0.1555429745)
(0.06 0.1492893644 0.1555429745)
(0.07 0.1492893644 0.1555429745)
(0.08 0.1492893644 0.1555429745)
(0.09 0.1492893644 0.1555429745)
(0.01 0.1637650265 0.1477091379)
(0.02 0.1637650265 0.1477091379)
(0.03 0.1637650265 0.1477091379)
(0.04 0.1637650265 0.1477091379)
(0.05 0.1637650265 0.1477091379)
(0.06 0.1637650265 0.1477091379)
(0.07 0.1637650265 0.1477091379)
(0.08 0.1637650265 0.1477091379)
(0.09 0.1637650265 0.1477091379)
(0.1 0.163311497 0.1641623474)
(0.1 0.1916888043 0.2291177697)
(0.1 0.2121464655 0.1818155084)
(0.1 0.1460091861 0.2036076431)
(0.1 0.1857713045 0.1604144684)
(0.1 0.1554276338 0.2255232603)
(0.1 0.2072573941 0.2124199732)
(0.1 0.147889548 0.1809150498)
(0.1 0.2089325321 0.1683657279)
(0.1 0.1962273222 0.1757645993)
(0.1 0.2012532855 0.1944658094)
(0.1 0.1855814702 0.1902543432)
(0.1 0.1910750705 0.2059561575)
(0.1 0.1753462107 0.2018193526)
(0.1 0.1725165229 0.1887381325)
(0.1 0.1768394104 0.1732479001)
(0.1 0.1803208091 0.2183334596)
(0.1 0.1583553972 0.1936164463)
(0.1 0.2150347539 0.200453546)
(0.1 0.1795352722 0.2336129879)
(0.1 0.1611720282 0.2130552312)
(0.1 0.1995753536 0.1615593816)
(0.1 0.1477414874 0.2170218198)
(0.1 0.1510674679 0.1683657279)
(0.1 0.1616633072 0.1781742673)
(0.1 0.1427909787 0.1919987664)
(0.1 0.2034173 0.2254905826)
(0.1 0.1739374477 0.1581067708)
(0.1 0.1954039481 0.217640898)
(0.1 0.167404774 0.2289694486)
(0 0.0325 0.34125)
(0 0.0325 0.24375)
(0 0.0325 0.04875)
(0 0.0325 0.14625)
(0 0.1841885278 0.2638738926)
(0 0.1891909923 0.1271778495)
(0 0.1266099745 0.1630454622)
(0 0.2382178852 0.1694632679)
(0 0.1434873564 0.1328254808)
(0 0.2212500013 0.2431469811)
(0 0.1351134855 0.2467551709)
(0 0.1708800033 0.05415076127)
(0 0.1698128316 0.3350111694)
(0 0.2446131187 0.2197124509)
(0 0.2498394558 0.1880677404)
(0 0.1183729229 0.2106060954)
(0 0.1159746396 0.05869017244)
(0 0.1473627719 0.09491662166)
(0 0.1834730225 0.09773659668)
(0 0.2274801523 0.07613978133)
(0 0.1678798616 0.1242276144)
(0 0.1186923743 0.3286429008)
(0 0.1499593931 0.2993740894)
(0 0.1819128701 0.2942244401)
(0 0.209332445 0.2743093147)
(0 0.2147898121 0.3111169233)
(0 0.2480931491 0.2692203662)
(0 0.2482740928 0.1190146486)
(0 0.2160560267 0.1257465398)
(0 0.2324926196 0.1476557799)
(0 0.2598040089 0.1527835728)
(0 0.1084911327 0.1328596518)
(0 0.1576575562 0.2654949973)
(0 0.1223771941 0.2791519012)
(0 0.1048841855 0.236899384)
(0 0.2557835006 0.3421280903)
(0 0.09868136972 0.1880283374)
(0 0.2013705481 0.254183106)
(0 0.2589533714 0.04340994533)
(0 0.1271591464 0.2276419)
(0 0.1191641324 0.1889516731)
(0 0.3275 0.34125)
(0 0.3275 0.24375)
(0 0.3275 0.04875)
(0 0.3275 0.14625)
(0.106537724 0 0.06392657993)
(0.1039094239 0 0.3290926572)
(0.06180219287 0 0.258684157)
(0.07238538396 0 0.1505515338)
(0.150438978 0 0.24375)
(0.1638592955 0 0.332548951)
(0.04687565669 0 0.3320553628)
(0.1646842643 0 0.05788236856)
(0.04517949161 0 0.0584968734)
(0.1517442206 0 0.1380488669)
(0.1218442222 0.3060957723 0.39)
(0.1218442222 0.05390422774 0.39)
(0.1376593719 0.05203014968 0.39)
(0.1355665604 0.06828180677 0.39)
(0.04500241351 0.05113215488 0.39)
(0.07300902758 0.0579347703 0.39)
(0.139740426 0.3094278228 0.39)
(0.1379944568 0.2934191611 0.39)
(0.04500241351 0.3088678451 0.39)
(0.07300902758 0.3020652297 0.39)
(0.09098903101 0.3078390717 0.39)
(0.09126716167 0.2895115166 0.39)
(0.0909238501 0.05201875435 0.39)
(0.09119111728 0.07032261377 0.39)
(0.07043895033 0.1792377035 0.39)
(0.1494812681 0.2225536521 0.39)
(0.1494803564 0.1374120367 0.39)
(0.0323728464 0.2979829598 0.39)
(0.05311662974 0.2929535262 0.39)
(0.0323728464 0.06201704021 0.39)
(0.05311662974 0.06704647377 0.39)
(0.1136686436 0.2872724099 0.39)
(0.09803698322 0.2638817402 0.39)
(0.1131861392 0.07284126586 0.39)
(0.09879803784 0.09522021487 0.39)
(0.1057023027 0.3147895051 0.39)
(0.1056371218 0.04506832092 0.39)
(0.1520976968 0.3167929546 0.39)
(0.1607948219 0.3053072138 0.39)
(0.1763839857 0.2991577098 0.39)
(0.164516416 0.2812408752 0.39)
(0.1515339346 0.04548279885 0.39)
(0.161903384 0.05507487475 0.39)
(0.1764416992 0.06086218238 0.39)
(0.1613352824 0.07597036099 0.39)
(0.05840566135 0.3142974429 0.39)
(0.05840566135 0.04570255705 0.39)
(0.1345600084 0.2635939762 0.39)
(0.1323907472 0.0942255358 0.39)
(0.06945039189 0.2730686528 0.39)
(0.03809982921 0.2660564008 0.39)
(0.06932923608 0.2324058413 0.39)
(0.06945039189 0.08693134719 0.39)
(0.03823308986 0.09084852776 0.39)
(0.07202791655 0.121819996 0.39)
(0.1074681539 0.1346525811 0.39)
(0.1216729148 0.18 0.39)
(0.1072532268 0.2236121522 0.39)
(0.1047131515 0.05924297229 0.39)
(0.104811405 0.3007594633 0.39)
(0.1495997066 0.05936799821 0.39)
(0.1013734669 0.3239962555 0.39)
(0.05430534563 0.3240995018 0.39)
(0.1481237729 0.03630423363 0.39)
(0.05430534563 0.03590049822 0.39)
(0.1013618274 0.03597835633 0.39)
(0.1482647134 0.3242647047 0.39)
(0.1730016588 0.2458372833 0.39)
(0.1722371865 0.113447922 0.39)
(0.1218442222 0.3060957723 0)
(0.1218442222 0.05390422774 0)
(0.1376593719 0.05203014968 0)
(0.1355665604 0.06828180677 0)
(0.04500241351 0.05113215488 0)
(0.07300902758 0.0579347703 0)
(0.139740426 0.3094278228 0)
(0.1379944568 0.2934191611 0)
(0.04500241351 0.3088678451 0)
(0.07300902758 0.3020652297 0)
(0.09098903101 0.3078390717 0)
(0.09126716167 0.2895115166 0)
(0.0909238501 0.05201875435 0)
(0.09119111728 0.07032261377 0)
(0.07043895033 0.1792377035 0)
(0.1494812681 0.2225536521 0)
(0.1494803564 0.1374120367 0)
(0.0323728464 0.2979829598 0)
(0.05311662974 0.2929535262 0)
(0.0323728464 0.06201704021 0)
(0.05311662974 0.06704647377 0)
(0.1136686436 0.2872724099 0)
(0.09803698322 0.2638817402 0)
(0.1131861392 0.07284126586 0)
(0.09879803784 0.09522021487 0)
(0.1057023027 0.3147895051 0)
(0.1056371218 0.04506832092 0)
(0.1520976968 0.3167929546 0)
(0.1607948219 0.3053072138 0)
(0.1763839857 0.2991577098 0)
(0.164516416 0.2812408752 0)
(0.1515339346 0.04548279885 0)
(0.161903384 0.05507487475 0)
(0.1764416992 0.06086218238 0)
(0.1613352824 0.07597036099 0)
(0.05840566135 0.3142974429 0)
(0.05840566135 0.04570255705 0)
(0.1345600084 0.2635939762 0)
(0.1323907472 0.0942255358 0)
(0.06945039189 0.2730686528 0)
(0.03809982921 0.2660564008 0)
(0.06932923608 0.2324058413 0)
(0.06945039189 0.08693134719 0)
(0.03823308986 0.09084852776 0)
(0.07202791655 0.121819996 0)
(0.1074681539 0.1346525811 0)
(0.1216729148 0.18 0)
(0.1072532268 0.2236121522 0)
(0.1047131515 0.05924297229 0)
(0.104811405 0.3007594633 0)
(0.1495997066 0.05936799821 0)
(0.1013734669 0.3239962555 0)
(0.1482647134 0.3242647047 0)
(0.05430534563 0.3240995018 0)
(0.1481237729 0.03630423363 0)
(0.05430534563 0.03590049822 0)
(0.1013618274 0.03597835633 0)
(0.1730016588 0.2458372833 0)
(0.1722371865 0.113447922 0)
(0.106537724 0.36 0.06392657993)
(0.1039094239 0.36 0.3290926572)
(0.06180219287 0.36 0.258684157)
(0.07238538396 0.36 0.1505515338)
(0.150438978 0.36 0.24375)
(0.1638592955 0.36 0.332548951)
(0.04687565669 0.36 0.3320553628)
(0.1646842643 0.36 0.05788236856)
(0.04517949161 0.36 0.0584968734)
(0.1517442206 0.36 0.1380488669)
(0.206 0.2665996386 0.2478517488)
(0.206 0.08903767887 0.1421278443)
(0.206 0.1370403368 0.3196530606)
(0.206 0.2229615273 0.07029101572)
(0.206 0.09099834135 0.2470490974)
(0.206 0.1809316963 0.1964664809)
(0.206 0.2663312417 0.1431153248)
(0.206 0.1374135457 0.0678134719)
(0.206 0.2218615153 0.3221178827)
(0.206 0.06385009209 0.3265404885)
(0.206 0.2958585538 0.0621812681)
(0.206 0.06373596424 0.06392992001)
(0.206 0.2957229491 0.3270747152)
(0.206 0.1794863057 0.2666276541)
(0.206 0.179335138 0.1239628275)
(-0.04 0.1824743428 0.06595648835)
(-0.04 0.1803036537 0.3241132034)
(-0.04 0.1308423663 0.2581003556)
(-0.04 0.1428990186 0.1507581206)
(-0.04 0.2251071208 0.24375)
(-0.04 0.2328578581 0.1336191015)
(-0.04 0.2427488216 0.3280726407)
(-0.04 0.2447331069 0.05941511797)
(-0.04 0.1165625373 0.3309427118)
(-0.04 0.1194080056 0.06284292178)
(-0.02 0.065 0.04875)
(-0.02 0.065 0.34125)
(-0.02 0.065 0.24375)
(-0.02 0.065 0.14625)
(-0.02 0.295 0.04875)
(-0.02 0.295 0.24375)
(-0.02 0.295 0.34125)
(-0.02 0.295 0.14625)
(-0.02 0.18 0)
(-0.02 0.1033333333 0)
(-0.02 0.2566666667 0)
(-0.02 0.18 0.39)
(-0.02 0.1033333333 0.39)
(-0.02 0.2566666667 0.39)
(-0.057 0.135 -0.135)
(-0.057 0.225 -0.135)
(-0.057 0.05515873016 -0.135)
(-0.057 0.3048412698 -0.135)
(0.263 0.135 -0.135)
(0.263 0.225 -0.135)
(0.263 0.05515873016 -0.135)
(0.263 0.3048412698 -0.135)
(0.1544285714 0 -0.135)
(0.05320408163 0 -0.135)
(-0.0126851312 0 -0.1153571429)
(-0.01448404151 0 -0.1590639317)
(0.2189183673 0 -0.1153571429)
(0.2206200393 0 -0.1590639317)
(0.1544285714 0.36 -0.135)
(0.05320408163 0.36 -0.135)
(-0.0126851312 0.36 -0.1153571429)
(-0.01448404151 0.36 -0.1590639317)
(0.2189183673 0.36 -0.1153571429)
(0.2206200393 0.36 -0.1590639317)
(0.02579124426 0.2293335958 -0.19)
(0.1828008099 0.1306754981 -0.19)
(0.1410029732 0.2956677744 -0.19)
(0.06499690435 0.06432375298 -0.19)
(0.181515606 0.2284460365 -0.19)
(0.1023036647 0.1814990016 -0.19)
(0.02605116808 0.1317691111 -0.19)
(0.1406743149 0.06202247186 -0.19)
(0.06575755121 0.297969159 -0.19)
(0.2063037158 0.3028227622 -0.19)
(9.614485931e-06 0.05721857282 -0.19)
(0.206495025 0.05653959399 -0.19)
(0.0001097590943 0.303460551 -0.19)
(0.1032742079 0.2465831134 -0.19)
(0.1033653724 0.1140579671 -0.19)
(0.02579124426 0.2293335958 -0.08)
(0.1828008099 0.1306754981 -0.08)
(0.1410029732 0.2956677744 -0.08)
(0.06499690435 0.06432375298 -0.08)
(0.181515606 0.2284460365 -0.08)
(0.1023036647 0.1814990016 -0.08)
(0.02605116808 0.1317691111 -0.08)
(0.1406743149 0.06202247186 -0.08)
(0.06575755121 0.297969159 -0.08)
(0.2063037158 0.3028227622 -0.08)
(9.614485931e-06 0.05721857282 -0.08)
(0.206495025 0.05653959399 -0.08)
(0.0001097590943 0.303460551 -0.08)
(0.1032742079 0.2465831134 -0.08)
(0.1033653724 0.1140579671 -0.08)
(-0.14 0.1438557267 0.3841884016)
(-0.14 0.2257138563 0.0002701075496)
(-0.14 -0.01697169877 0.1420000111)
(-0.14 0.3704160728 0.2395917811)
(-0.14 0.3756547888 0.06670075608)
(-0.14 -0.02982953477 0.331280009)
(-0.14 0.04064524321 -0.003128715894)
(-0.14 0.3099018261 0.3870896284)
(-0.14 0.133252645 -5.991842639e-05)
(-0.14 0.1796345121 0.08107280513)
(-0.14 0.2734960649 0.07832504306)
(-0.14 0.2261487217 0.1612172851)
(-0.14 0.1356556281 0.162876193)
(-0.14 0.1837903901 0.2398645675)
(-0.14 0.08685599118 0.2418482495)
(-0.14 0.2712279859 0.2397789503)
(-0.14 0.2277587685 0.3252459305)
(-0.14 0.07204772682 0.08777069059)
(-0.14 0.3188623195 0.155796747)
(-0.14 -0.01076418339 0.2362083666)
(-0.14 0.3179320273 -0.00464837134)
(-0.14 0.03967458962 0.3811618607)
(-0.14 -0.02272452289 0.05687353154)
(-0.14 0.3830031224 0.3283625041)
(-0.14 0.08805941466 0.322212344)
(-0.14 0.2269699309 0.4073047921)
(-0.14 0.3969866362 0.1520845235)
(-0.14 0.05512088048 0.1699969634)
(-0.14 0.3124615551 0.3040137589)
(-0.14 -0.03139976983 -0.0118343111)
(-0.14 0.3913997698 0.4018343111)
(-0.14 0.3927274537 -0.01318613473)
(-0.14 -0.03272745375 0.4031861347)
(-0.14 0.1562222491 0.308679293)
(-0.14 0.03141537602 0.2924521985)
(0.1030327044 -0.1 0.4039045461)
(-0.06629581236 -0.1 0.1488559859)
(0.27223542 -0.1 0.1497184849)
(0.1036331687 -0.1 0.003866334503)
(0.266614338 -0.1 0.3325)
(-0.06061433799 -0.1 0.3325)
(0.202502068 -0.1 0.01177671808)
(0.145594768 -0.1 0.09499235318)
(0.0613899525 -0.1 0.09485988272)
(0.1089591958 -0.1 0.1629929202)
(0.004179257636 -0.1 0.01192762949)
(-0.06154697642 -0.1 0.2407815532)
(0.02341536727 -0.1 0.2823061277)
(0.2678246459 -0.1 0.240925303)
(0.1920559437 -0.1 0.282330086)
(0.02649640803 -0.1 0.1809111548)
(0.1905528035 -0.1 0.1814125778)
(0.1938760006 -0.1 0.3868656634)
(0.01431948599 -0.1 0.383001621)
(0.2767291502 -0.1 0.06132265108)
(-0.07092454052 -0.1 0.06050846744)
(0.1077028392 -0.1 0.3210466104)
(0.2794577417 -0.1 -0.0133492123)
(0.2783045785 -0.1 0.4039185761)
(-0.07230457852 -0.1 0.4039185761)
(-0.07529495091 -0.1 -0.01470072684)
(0.1081970929 -0.1 0.2351665795)
(-0.0108587642 -0.1 0.1014692489)
(0.2175228419 -0.1 0.09984455701)
(0.1030231482 -0.03416198329 0.47)
(-0.06583485112 0.2270558423 0.47)
(0.2689056175 0.2215921038 0.47)
(0.1034318922 0.376034198 0.47)
(0.2651709623 0.04 0.47)
(-0.05917096231 0.04 0.47)
(0.1996808718 0.3826273915 0.47)
(0.1551180383 0.3040563915 0.47)
(0.06290136876 0.2868355851 0.47)
(0.1252529886 0.2226376504 0.47)
(0.004567670432 0.3673239771 0.47)
(0.2656081821 0.1330251116 0.47)
(0.1905036553 0.08995738783 0.47)
(-0.06066147697 0.1333981959 0.47)
(0.02284914843 0.0883773309 0.47)
(0.1938824333 -0.01660534915 0.47)
(0.01444726534 -0.01266652213 0.47)
(0.02850856256 0.1960779748 0.47)
(0.2559742506 0.3121627851 0.47)
(0.1961359864 0.1753576965 0.47)
(-0.07062300562 0.317129646 0.47)
(0.1058299296 0.05442050573 0.47)
(0.1115133785 0.1378047577 0.47)
(0.2754774039 0.3905025154 0.47)
(0.2772728156 -0.03237230849 0.47)
(-0.07127281565 -0.03237230849 0.47)
(-0.07385907524 0.3932742717 0.47)
(-0.01085489234 0.2756683869 0.47)
(0.2006378227 0.2463610933 0.47)
(0.1030327044 0.46 0.4039045461)
(-0.06629581236 0.46 0.1488559859)
(0.27223542 0.46 0.1497184849)
(0.1036331687 0.46 0.003866334503)
(0.266614338 0.46 0.3325)
(-0.06061433799 0.46 0.3325)
(0.202502068 0.46 0.01177671808)
(0.145594768 0.46 0.09499235318)
(0.0613899525 0.46 0.09485988272)
(0.1089591958 0.46 0.1629929202)
(0.004179257636 0.46 0.01192762949)
(-0.06154697642 0.46 0.2407815532)
(0.02341536727 0.46 0.2823061277)
(0.2678246459 0.46 0.240925303)
(0.1920559437 0.46 0.282330086)
(0.02649640803 0.46 0.1809111548)
(0.1905528035 0.46 0.1814125778)
(0.1938760006 0.46 0.3868656634)
(0.01431948599 0.46 0.383001621)
(0.2767291502 0.46 0.06132265108)
(-0.07092454052 0.46 0.06050846744)
(0.1077028392 0.46 0.3210466104)
(0.2794577417 0.46 -0.0133492123)
(0.2783045785 0.46 0.4039185761)
(-0.07230457852 0.46 0.4039185761)
(-0.07529495091 0.46 -0.01470072684)
(0.1081970929 0.46 0.2351665795)
(-0.0108587642 0.46 0.1014692489)
(0.2175228419 0.46 0.09984455701)
(0.3004839357 0.4133333333 -0.08)
(0.3004839357 -0.05333333333 -0.08)
(-0.09448393574 0.4133333333 -0.08)
(-0.09448393574 -0.05333333333 -0.08)
(0.3045 0.1341666667 -0.08)
(-0.0985 0.1341666667 -0.08)
(0.3045 0.2258333333 -0.08)
(-0.0985 0.2258333333 -0.08)
(0.3045 0.0425 -0.08)
(-0.0985 0.0425 -0.08)
(0.3045 0.3175 -0.08)
(-0.0985 0.3175 -0.08)
(0.346 0.1438557267 0.3841884016)
(0.346 0.2257138563 0.0002701075496)
(0.346 -0.01697169877 0.1420000111)
(0.346 0.3704160728 0.2395917811)
(0.346 0.3756547888 0.06670075608)
(0.346 -0.02982953477 0.331280009)
(0.346 0.04064524321 -0.003128715894)
(0.346 0.3099018261 0.3870896284)
(0.346 0.133252645 -5.991842639e-05)
(0.346 0.1796345121 0.08107280513)
(0.346 0.2734960649 0.07832504306)
(0.346 0.2261487217 0.1612172851)
(0.346 0.1356556281 0.162876193)
(0.346 0.1837903901 0.2398645675)
(0.346 0.08685599118 0.2418482495)
(0.346 0.2712279859 0.2397789503)
(0.346 0.2277587685 0.3252459305)
(0.346 0.07204772682 0.08777069059)
(0.346 0.3188623195 0.155796747)
(0.346 -0.01076418339 0.2362083666)
(0.346 0.3179320273 -0.00464837134)
(0.346 0.03967458962 0.3811618607)
(0.346 -0.02272452289 0.05687353154)
(0.346 0.3830031224 0.3283625041)
(0.346 0.08805941466 0.322212344)
(0.346 0.2269699309 0.4073047921)
(0.346 0.3969866362 0.1520845235)
(0.346 0.05512088048 0.1699969634)
(0.346 0.3124615551 0.3040137589)
(0.346 -0.03139976983 -0.0118343111)
(0.346 0.3913997698 0.4018343111)
(0.346 0.3927274537 -0.01318613473)
(0.346 -0.03272745375 0.4031861347)
(0.346 0.1562222491 0.308679293)
(0.346 0.03141537602 0.2924521985)
(0.1779934924 0.02372951221 0.039)
(0.1779934924 0.02372951221 0.078)
(0.1779934924 0.02372951221 0.117)
(0.1779934924 0.02372951221 0.156)
(0.1779934924 0.02372951221 0.195)
(0.1779934924 0.02372951221 0.234)
(0.1779934924 0.02372951221 0.273)
(0.1779934924 0.02372951221 0.312)
(0.1779934924 0.02372951221 0.351)
(0.1688442222 0.0314066614 0.039)
(0.1688442222 0.0314066614 0.078)
(0.1688442222 0.0314066614 0.117)
(0.1688442222 0.0314066614 0.156)
(0.1688442222 0.0314066614 0.195)
(0.1688442222 0.0314066614 0.234)
(0.1688442222 0.0314066614 0.273)
(0.1688442222 0.0314066614 0.312)
(0.1688442222 0.0314066614 0.351)
(0.1667971111 0.02187560842 0.039)
(0.1667971111 0.02187560842 0.078)
(0.1667971111 0.02187560842 0.117)
(0.1667971111 0.02187560842 0.156)
(0.1667971111 0.02187560842 0.195)
(0.1667971111 0.02187560842 0.234)
(0.1667971111 0.02187560842 0.273)
(0.1667971111 0.02187560842 0.312)
(0.1667971111 0.02187560842 0.351)
(0.177875 0.03507772228 0.039)
(0.177875 0.03507772228 0.078)
(0.177875 0.03507772228 0.117)
(0.177875 0.03507772228 0.156)
(0.177875 0.03507772228 0.195)
(0.177875 0.03507772228 0.234)
(0.177875 0.03507772228 0.273)
(0.177875 0.03507772228 0.312)
(0.177875 0.03507772228 0.351)
(0.1320275709 0.02495227209 0.039)
(0.1320275709 0.02495227209 0.078)
(0.1320275709 0.02495227209 0.117)
(0.1320275709 0.02495227209 0.156)
(0.1320275709 0.02495227209 0.195)
(0.1320275709 0.02495227209 0.234)
(0.1320275709 0.02495227209 0.273)
(0.1320275709 0.02495227209 0.312)
(0.1320275709 0.02495227209 0.351)
(0.1215218526 0.03099280383 0.039)
(0.1215218526 0.03099280383 0.078)
(0.1215218526 0.03099280383 0.117)
(0.1215218526 0.03099280383 0.156)
(0.1215218526 0.03099280383 0.195)
(0.1215218526 0.03099280383 0.234)
(0.1215218526 0.03099280383 0.273)
(0.1215218526 0.03099280383 0.312)
(0.1215218526 0.03099280383 0.351)
(0.1307906741 0.03493057322 0.039)
(0.1307906741 0.03493057322 0.078)
(0.1307906741 0.03493057322 0.117)
(0.1307906741 0.03493057322 0.156)
(0.1307906741 0.03493057322 0.195)
(0.1307906741 0.03493057322 0.234)
(0.1307906741 0.03493057322 0.273)
(0.1307906741 0.03493057322 0.312)
(0.1307906741 0.03493057322 0.351)
(0.1223766677 0.02035724273 0.039)
(0.1223766677 0.02035724273 0.078)
(0.1223766677 0.02035724273 0.117)
(0.1223766677 0.02035724273 0.156)
(0.1223766677 0.02035724273 0.195)
(0.1223766677 0.02035724273 0.234)
(0.1223766677 0.02035724273 0.273)
(0.1223766677 0.02035724273 0.312)
(0.1223766677 0.02035724273 0.351)
(0.07795083041 0.02161399704 0.039)
(0.07795083041 0.02161399704 0.078)
(0.07795083041 0.02161399704 0.117)
(0.07795083041 0.02161399704 0.156)
(0.07795083041 0.02161399704 0.195)
(0.07795083041 0.02161399704 0.234)
(0.07795083041 0.02161399704 0.273)
(0.07795083041 0.02161399704 0.312)
(0.07795083041 0.02161399704 0.351)
(0.08207529407 0.03300903713 0.039)
(0.08207529407 0.03300903713 0.078)
(0.08207529407 0.03300903713 0.117)
(0.08207529407 0.03300903713 0.156)
(0.08207529407 0.03300903713 0.195)
(0.08207529407 0.03300903713 0.234)
(0.08207529407 0.03300903713 0.273)
(0.08207529407 0.03300903713 0.312)
(0.08207529407 0.03300903713 0.351)
(0.08756275385 0.02456481641 0.039)
(0.08756275385 0.02456481641 0.078)
(0.08756275385 0.02456481641 0.117)
(0.08756275385 0.02456481641 0.156)
(0.08756275385 0.02456481641 0.195)
(0.08756275385 0.02456481641 0.234)
(0.08756275385 0.02456481641 0.273)
(0.08756275385 0.02456481641 0.312)
(0.08756275385 0.02456481641 0.351)
(0.07174974812 0.03032036284 0.039)
(0.07174974812 0.03032036284 0.078)
(0.07174974812 0.03032036284 0.117)
(0.07174974812 0.03032036284 0.156)
(0.07174974812 0.03032036284 0.195)
(0.07174974812 0.03032036284 0.234)
(0.07174974812 0.03032036284 0.273)
(0.07174974812 0.03032036284 0.312)
(0.07174974812 0.03032036284 0.351)
(0.03144462086 0.02151464749 0.039)
(0.03144462086 0.02151464749 0.078)
(0.03144462086 0.02151464749 0.117)
(0.03144462086 0.02151464749 0.156)
(0.03144462086 0.02151464749 0.195)
(0.03144462086 0.02151464749 0.234)
(0.03144462086 0.02151464749 0.273)
(0.03144462086 0.02151464749 0.312)
(0.03144462086 0.02151464749 0.351)
(0.03351859203 0.03327672244 0.039)
(0.03351859203 0.03327672244 0.078)
(0.03351859203 0.03327672244 0.117)
(0.03351859203 0.03327672244 0.156)
(0.03351859203 0.03327672244 0.195)
(0.03351859203 0.03327672244 0.234)
(0.03351859203 0.03327672244 0.273)
(0.03351859203 0.03327672244 0.312)
(0.03351859203 0.03327672244 0.351)
(0.02375 0.0275 0.039)
(0.02375 0.0275 0.078)
(0.02375 0.0275 0.117)
(0.02375 0.0275 0.156)
(0.02375 0.0275 0.195)
(0.02375 0.0275 0.234)
(0.02375 0.0275 0.273)
(0.02375 0.0275 0.312)
(0.02375 0.0275 0.351)
(0.04072231043 0.02450732375 0.039)
(0.04072231043 0.02450732375 0.078)
(0.04072231043 0.02450732375 0.117)
(0.04072231043 0.02450732375 0.156)
(0.04072231043 0.02450732375 0.195)
(0.04072231043 0.02450732375 0.234)
(0.04072231043 0.02450732375 0.273)
(0.04072231043 0.02450732375 0.312)
(0.04072231043 0.02450732375 0.351)
(0.174518592 0.3382767224 0.039)
(0.174518592 0.3382767224 0.078)
(0.174518592 0.3382767224 0.117)
(0.174518592 0.3382767224 0.156)
(0.174518592 0.3382767224 0.195)
(0.174518592 0.3382767224 0.234)
(0.174518592 0.3382767224 0.273)
(0.174518592 0.3382767224 0.312)
(0.174518592 0.3382767224 0.351)
(0.1724446209 0.3265146475 0.039)
(0.1724446209 0.3265146475 0.078)
(0.1724446209 0.3265146475 0.117)
(0.1724446209 0.3265146475 0.156)
(0.1724446209 0.3265146475 0.195)
(0.1724446209 0.3265146475 0.234)
(0.1724446209 0.3265146475 0.273)
(0.1724446209 0.3265146475 0.312)
(0.1724446209 0.3265146475 0.351)
(0.16475 0.3325 0.039)
(0.16475 0.3325 0.078)
(0.16475 0.3325 0.117)
(0.16475 0.3325 0.156)
(0.16475 0.3325 0.195)
(0.16475 0.3325 0.234)
(0.16475 0.3325 0.273)
(0.16475 0.3325 0.312)
(0.16475 0.3325 0.351)
(0.1817223104 0.3295073237 0.039)
(0.1817223104 0.3295073237 0.078)
(0.1817223104 0.3295073237 0.117)
(0.1817223104 0.3295073237 0.156)
(0.1817223104 0.3295073237 0.195)
(0.1817223104 0.3295073237 0.234)
(0.1817223104 0.3295073237 0.273)
(0.1817223104 0.3295073237 0.312)
(0.1817223104 0.3295073237 0.351)
(0.127518592 0.3382767224 0.039)
(0.127518592 0.3382767224 0.078)
(0.127518592 0.3382767224 0.117)
(0.127518592 0.3382767224 0.156)
(0.127518592 0.3382767224 0.195)
(0.127518592 0.3382767224 0.234)
(0.127518592 0.3382767224 0.273)
(0.127518592 0.3382767224 0.312)
(0.127518592 0.3382767224 0.351)
(0.1254446209 0.3265146475 0.039)
(0.1254446209 0.3265146475 0.078)
(0.1254446209 0.3265146475 0.117)
(0.1254446209 0.3265146475 0.156)
(0.1254446209 0.3265146475 0.195)
(0.1254446209 0.3265146475 0.234)
(0.1254446209 0.3265146475 0.273)
(0.1254446209 0.3265146475 0.312)
(0.1254446209 0.3265146475 0.351)
(0.11775 0.3325 0.039)
(0.11775 0.3325 0.078)
(0.11775 0.3325 0.117)
(0.11775 0.3325 0.156)
(0.11775 0.3325 0.195)
(0.11775 0.3325 0.234)
(0.11775 0.3325 0.273)
(0.11775 0.3325 0.312)
(0.11775 0.3325 0.351)
(0.1347223104 0.3295073237 0.039)
(0.1347223104 0.3295073237 0.078)
(0.1347223104 0.3295073237 0.117)
(0.1347223104 0.3295073237 0.156)
(0.1347223104 0.3295073237 0.195)
(0.1347223104 0.3295073237 0.234)
(0.1347223104 0.3295073237 0.273)
(0.1347223104 0.3295073237 0.312)
(0.1347223104 0.3295073237 0.351)
(0.07484422225 0.3364066614 0.039)
(0.07484422225 0.3364066614 0.078)
(0.07484422225 0.3364066614 0.117)
(0.07484422225 0.3364066614 0.156)
(0.07484422225 0.3364066614 0.195)
(0.07484422225 0.3364066614 0.234)
(0.07484422225 0.3364066614 0.273)
(0.07484422225 0.3364066614 0.312)
(0.07484422225 0.3364066614 0.351)
(0.08399349237 0.3287295122 0.039)
(0.08399349237 0.3287295122 0.078)
(0.08399349237 0.3287295122 0.117)
(0.08399349237 0.3287295122 0.156)
(0.08399349237 0.3287295122 0.195)
(0.08399349237 0.3287295122 0.234)
(0.08399349237 0.3287295122 0.273)
(0.08399349237 0.3287295122 0.312)
(0.08399349237 0.3287295122 0.351)
(0.083875 0.3400777223 0.039)
(0.083875 0.3400777223 0.078)
(0.083875 0.3400777223 0.117)
(0.083875 0.3400777223 0.156)
(0.083875 0.3400777223 0.195)
(0.083875 0.3400777223 0.234)
(0.083875 0.3400777223 0.273)
(0.083875 0.3400777223 0.312)
(0.083875 0.3400777223 0.351)
(0.07279711112 0.3268756084 0.039)
(0.07279711112 0.3268756084 0.078)
(0.07279711112 0.3268756084 0.117)
(0.07279711112 0.3268756084 0.156)
(0.07279711112 0.3268756084 0.195)
(0.07279711112 0.3268756084 0.234)
(0.07279711112 0.3268756084 0.273)
(0.07279711112 0.3268756084 0.312)
(0.07279711112 0.3268756084 0.351)
(0.0281771567 0.3367846217 0.039)
(0.0281771567 0.3367846217 0.078)
(0.0281771567 0.3367846217 0.117)
(0.0281771567 0.3367846217 0.156)
(0.0281771567 0.3367846217 0.195)
(0.0281771567 0.3367846217 0.234)
(0.0281771567 0.3367846217 0.273)
(0.0281771567 0.3367846217 0.312)
(0.0281771567 0.3367846217 0.351)
(0.03598331907 0.3275152113 0.039)
(0.03598331907 0.3275152113 0.078)
(0.03598331907 0.3275152113 0.117)
(0.03598331907 0.3275152113 0.156)
(0.03598331907 0.3275152113 0.195)
(0.03598331907 0.3275152113 0.234)
(0.03598331907 0.3275152113 0.273)
(0.03598331907 0.3275152113 0.312)
(0.03598331907 0.3275152113 0.351)
(0.02592667952 0.3269850421 0.039)
(0.02592667952 0.3269850421 0.078)
(0.02592667952 0.3269850421 0.117)
(0.02592667952 0.3269850421 0.156)
(0.02592667952 0.3269850421 0.195)
(0.02592667952 0.3269850421 0.234)
(0.02592667952 0.3269850421 0.273)
(0.02592667952 0.3269850421 0.312)
(0.02592667952 0.3269850421 0.351)
(0.03881763181 0.3378017336 0.039)
(0.03881763181 0.3378017336 0.078)
(0.03881763181 0.3378017336 0.117)
(0.03881763181 0.3378017336 0.156)
(0.03881763181 0.3378017336 0.195)
(0.03881763181 0.3378017336 0.234)
(0.03881763181 0.3378017336 0.273)
(0.03881763181 0.3378017336 0.312)
(0.03881763181 0.3378017336 0.351)
(0.01 0.163311497 0.1641623474)
(0.02 0.163311497 0.1641623474)
(0.03 0.163311497 0.1641623474)
(0.04 0.163311497 0.1641623474)
(0.05 0.163311497 0.1641623474)
(0.06 0.163311497 0.1641623474)
(0.07 0.163311497 0.1641623474)
(0.08 0.163311497 0.1641623474)
(0.09 0.163311497 0.1641623474)
(0.01 0.1916888043 0.2291177697)
(0.02 0.1916888043 0.2291177697)
(0.03 0.1916888043 0.2291177697)
(0.04 0.1916888043 0.2291177697)
(0.05 0.1916888043 0.2291177697)
(0.06 0.1916888043 0.2291177697)
(0.07 0.1916888043 0.2291177697)
(0.08 0.1916888043 0.2291177697)
(0.09 0.1916888043 0.2291177697)
(0.01 0.2121464655 0.1818155084)
(0.02 0.2121464655 0.1818155084)
(0.03 0.2121464655 0.1818155084)
(0.04 0.2121464655 0.1818155084)
(0.05 0.2121464655 0.1818155084)
(0.06 0.2121464655 0.1818155084)
(0.07 0.2121464655 0.1818155084)
(0.08 0.2121464655 0.1818155084)
(0.09 0.2121464655 0.1818155084)
(0.01 0.1460091861 0.2036076431)
(0.02 0.1460091861 0.2036076431)
(0.03 0.1460091861 0.2036076431)
(0.04 0.1460091861 0.2036076431)
(0.05 0.1460091861 0.2036076431)
(0.06 0.1460091861 0.2036076431)
(0.07 0.1460091861 0.2036076431)
(0.08 0.1460091861 0.2036076431)
(0.09 0.1460091861 0.2036076431)
(0.01 0.1857713045 0.1604144684)
(0.02 0.1857713045 0.1604144684)
(0.03 0.1857713045 0.1604144684)
(0.04 0.1857713045 0.1604144684)
(0.05 0.1857713045 0.1604144684)
(0.06 0.1857713045 0.1604144684)
(0.07 0.1857713045 0.1604144684)
(0.08 0.1857713045 0.1604144684)
(0.09 0.1857713045 0.1604144684)
(0.01 0.1554276338 0.2255232603)
(0.02 0.1554276338 0.2255232603)
(0.03 0.1554276338 0.2255232603)
(0.04 0.1554276338 0.2255232603)
(0.05 0.1554276338 0.2255232603)
(0.06 0.1554276338 0.2255232603)
(0.07 0.1554276338 0.2255232603)
(0.08 0.1554276338 0.2255232603)
(0.09 0.1554276338 0.2255232603)
(0.01 0.2072573941 0.2124199732)
(0.02 0.2072573941 0.2124199732)
(0.03 0.2072573941 0.2124199732)
(0.04 0.2072573941 0.2124199732)
(0.05 0.2072573941 0.2124199732)
(0.06 0.2072573941 0.2124199732)
(0.07 0.2072573941 0.2124199732)
(0.08 0.2072573941 0.2124199732)
(0.09 0.2072573941 0.2124199732)
(0.01 0.147889548 0.1809150498)
(0.02 0.147889548 0.1809150498)
(0.03 0.147889548 0.1809150498)
(0.04 0.147889548 0.1809150498)
(0.05 0.147889548 0.1809150498)
(0.06 0.147889548 0.1809150498)
(0.07 0.147889548 0.1809150498)
(0.08 0.147889548 0.1809150498)
(0.09 0.147889548 0.1809150498)
(0.01 0.2089325321 0.1683657279)
(0.02 0.2089325321 0.1683657279)
(0.03 0.2089325321 0.1683657279)
(0.04 0.2089325321 0.1683657279)
(0.05 0.2089325321 0.1683657279)
(0.06 0.2089325321 0.1683657279)
(0.07 0.2089325321 0.1683657279)
(0.08 0.2089325321 0.1683657279)
(0.09 0.2089325321 0.1683657279)
(0.01 0.1962273222 0.1757645993)
(0.02 0.1962273222 0.1757645993)
(0.03 0.1962273222 0.1757645993)
(0.04 0.1962273222 0.1757645993)
(0.05 0.1962273222 0.1757645993)
(0.06 0.1962273222 0.1757645993)
(0.07 0.1962273222 0.1757645993)
(0.08 0.1962273222 0.1757645993)
(0.09 0.1962273222 0.1757645993)
(0.01 0.2012532855 0.1944658094)
(0.02 0.2012532855 0.1944658094)
(0.03 0.2012532855 0.1944658094)
(0.04 0.2012532855 0.1944658094)
(0.05 0.2012532855 0.1944658094)
(0.06 0.2012532855 0.1944658094)
(0.07 0.2012532855 0.1944658094)
(0.08 0.2012532855 0.1944658094)
(0.09 0.2012532855 0.1944658094)
(0.01 0.1855814702 0.1902543432)
(0.02 0.1855814702 0.1902543432)
(0.03 0.1855814702 0.1902543432)
(0.04 0.1855814702 0.1902543432)
(0.05 0.1855814702 0.1902543432)
(0.06 0.1855814702 0.1902543432)
(0.07 0.1855814702 0.1902543432)
(0.08 0.1855814702 0.1902543432)
(0.09 0.1855814702 0.1902543432)
(0.01 0.1910750705 0.2059561575)
(0.02 0.1910750705 0.2059561575)
(0.03 0.1910750705 0.2059561575)
(0.04 0.1910750705 0.2059561575)
(0.05 0.1910750705 0.2059561575)
(0.06 0.1910750705 0.2059561575)
(0.07 0.1910750705 0.2059561575)
(0.08 0.1910750705 0.2059561575)
(0.09 0.1910750705 0.2059561575)
(0.01 0.1753462107 0.2018193526)
(0.02 0.1753462107 0.2018193526)
(0.03 0.1753462107 0.2018193526)
(0.04 0.1753462107 0.2018193526)
(0.05 0.1753462107 0.2018193526)
(0.06 0.1753462107 0.2018193526)
(0.07 0.1753462107 0.2018193526)
(0.08 0.1753462107 0.2018193526)
(0.09 0.1753462107 0.2018193526)
(0.01 0.1725165229 0.1887381325)
(0.02 0.1725165229 0.1887381325)
(0.03 0.1725165229 0.1887381325)
(0.04 0.1725165229 0.1887381325)
(0.05 0.1725165229 0.1887381325)
(0.06 0.1725165229 0.1887381325)
(0.07 0.1725165229 0.1887381325)
(0.08 0.1725165229 0.1887381325)
(0.09 0.1725165229 0.1887381325)
(0.01 0.1768394104 0.1732479001)
(0.02 0.1768394104 0.1732479001)
(0.03 0.1768394104 0.1732479001)
(0.04 0.1768394104 0.1732479001)
(0.05 0.1768394104 0.1732479001)
(0.06 0.1768394104 0.1732479001)
(0.07 0.1768394104 0.1732479001)
(0.08 0.1768394104 0.1732479001)
(0.09 0.1768394104 0.1732479001)
(0.01 0.1803208091 0.2183334596)
(0.02 0.1803208091 0.2183334596)
(0.03 0.1803208091 0.2183334596)
(0.04 0.1803208091 0.2183334596)
(0.05 0.1803208091 0.2183334596)
(0.06 0.1803208091 0.2183334596)
(0.07 0.1803208091 0.2183334596)
(0.08 0.1803208091 0.2183334596)
(0.09 0.1803208091 0.2183334596)
(0.01 0.1583553972 0.1936164463)
(0.02 0.1583553972 0.1936164463)
(0.03 0.1583553972 0.1936164463)
(0.04 0.1583553972 0.1936164463)
(0.05 0.1583553972 0.1936164463)
(0.06 0.1583553972 0.1936164463)
(0.07 0.1583553972 0.1936164463)
(0.08 0.1583553972 0.1936164463)
(0.09 0.1583553972 0.1936164463)
(0.01 0.2150347539 0.200453546)
(0.02 0.2150347539 0.200453546)
(0.03 0.2150347539 0.200453546)
(0.04 0.2150347539 0.200453546)
(0.05 0.2150347539 0.200453546)
(0.06 0.2150347539 0.200453546)
(0.07 0.2150347539 0.200453546)
(0.08 0.2150347539 0.200453546)
(0.09 0.2150347539 0.200453546)
(0.01 0.1795352722 0.2336129879)
(0.02 0.1795352722 0.2336129879)
(0.03 0.1795352722 0.2336129879)
(0.04 0.1795352722 0.2336129879)
(0.05 0.1795352722 0.2336129879)
(0.06 0.1795352722 0.2336129879)
(0.07 0.1795352722 0.2336129879)
(0.08 0.1795352722 0.2336129879)
(0.09 0.1795352722 0.2336129879)
(0.01 0.1611720282 0.2130552312)
(0.02 0.1611720282 0.2130552312)
(0.03 0.1611720282 0.2130552312)
(0.04 0.1611720282 0.2130552312)
(0.05 0.1611720282 0.2130552312)
(0.06 0.1611720282 0.2130552312)
(0.07 0.1611720282 0.2130552312)
(0.08 0.1611720282 0.2130552312)
(0.09 0.1611720282 0.2130552312)
(0.01 0.1995753536 0.1615593816)
(0.02 0.1995753536 0.1615593816)
(0.03 0.1995753536 0.1615593816)
(0.04 0.1995753536 0.1615593816)
(0.05 0.1995753536 0.1615593816)
(0.06 0.1995753536 0.1615593816)
(0.07 0.1995753536 0.1615593816)
(0.08 0.1995753536 0.1615593816)
(0.09 0.1995753536 0.1615593816)
(0.01 0.1477414874 0.2170218198)
(0.02 0.1477414874 0.2170218198)
(0.03 0.1477414874 0.2170218198)
(0.04 0.1477414874 0.2170218198)
(0.05 0.1477414874 0.2170218198)
(0.06 0.1477414874 0.2170218198)
(0.07 0.1477414874 0.2170218198)
(0.08 0.1477414874 0.2170218198)
(0.09 0.1477414874 0.2170218198)
(0.01 0.1510674679 0.1683657279)
(0.02 0.1510674679 0.1683657279)
(0.03 0.1510674679 0.1683657279)
(0.04 0.1510674679 0.1683657279)
(0.05 0.1510674679 0.1683657279)
(0.06 0.1510674679 0.1683657279)
(0.07 0.1510674679 0.1683657279)
(0.08 0.1510674679 0.1683657279)
(0.09 0.1510674679 0.1683657279)
(0.01 0.1616633072 0.1781742673)
(0.02 0.1616633072 0.1781742673)
(0.03 0.1616633072 0.1781742673)
(0.04 0.1616633072 0.1781742673)
(0.05 0.1616633072 0.1781742673)
(0.06 0.1616633072 0.1781742673)
(0.07 0.1616633072 0.1781742673)
(0.08 0.1616633072 0.1781742673)
(0.09 0.1616633072 0.1781742673)
(0.01 0.1427909787 0.1919987664)
(0.02 0.1427909787 0.1919987664)
(0.03 0.1427909787 0.1919987664)
(0.04 0.1427909787 0.1919987664)
(0.05 0.1427909787 0.1919987664)
(0.06 0.1427909787 0.1919987664)
(0.07 0.1427909787 0.1919987664)
(0.08 0.1427909787 0.1919987664)
(0.09 0.1427909787 0.1919987664)
(0.01 0.2034173 0.2254905826)
(0.02 0.2034173 0.2254905826)
(0.03 0.2034173 0.2254905826)
(0.04 0.2034173 0.2254905826)
(0.05 0.2034173 0.2254905826)
(0.06 0.2034173 0.2254905826)
(0.07 0.2034173 0.2254905826)
(0.08 0.2034173 0.2254905826)
(0.09 0.2034173 0.2254905826)
(0.01 0.1739374477 0.1581067708)
(0.02 0.1739374477 0.1581067708)
(0.03 0.1739374477 0.1581067708)
(0.04 0.1739374477 0.1581067708)
(0.05 0.1739374477 0.1581067708)
(0.06 0.1739374477 0.1581067708)
(0.07 0.1739374477 0.1581067708)
(0.08 0.1739374477 0.1581067708)
(0.09 0.1739374477 0.1581067708)
(0.01 0.1954039481 0.217640898)
(0.02 0.1954039481 0.217640898)
(0.03 0.1954039481 0.217640898)
(0.04 0.1954039481 0.217640898)
(0.05 0.1954039481 0.217640898)
(0.06 0.1954039481 0.217640898)
(0.07 0.1954039481 0.217640898)
(0.08 0.1954039481 0.217640898)
(0.09 0.1954039481 0.217640898)
(0.01 0.167404774 0.2289694486)
(0.02 0.167404774 0.2289694486)
(0.03 0.167404774 0.2289694486)
(0.04 0.167404774 0.2289694486)
(0.05 0.167404774 0.2289694486)
(0.06 0.167404774 0.2289694486)
(0.07 0.167404774 0.2289694486)
(0.08 0.167404774 0.2289694486)
(0.09 0.167404774 0.2289694486)
(0.1497887893 0.3445120483 0.3725850581)
(0.09385086018 0.0560865946 0.2918545558)
(0.09756066565 0.3056638003 0.1321620302)
(0.1035269822 0.3375839995 0.2158988025)
(0.05645654372 0.3160195341 0.2539023456)
(0.05770749593 0.3406028308 0.13863285)
(0.05977794339 0.3118131783 0.1754330679)
(0.05799735163 0.3117306926 0.3352327478)
(0.05442725901 0.01340253009 0.2190721222)
(0.0529870523 0.03324471189 0.2535)
(0.0999870523 0.02175528811 0.2145)
(0.05391947869 0.05533677848 0.1824969968)
(0.09773154029 0.01295387886 0.2535)
(0.05870358609 0.0275 0.2925)
(0.05870358609 0.0275 0.3315)
(0.1482833536 0.0532706889 0.3418924575)
(0.1514688348 0.01814703995 0.2168042326)
(0.1501095383 0.02157456137 0.1751690795)
(0.144367049 0.05212635515 0.2541602838)
(0.1076650597 0.3098585567 0.2927892603)
(0.1486322285 0.3459375831 0.1704775883)
(0.1513011416 0.04119348868 0.05510451297)
(0.1044124063 0.04410127636 0.1327810471)
(0.153903719 0.01670347325 0.0975)
(0.1502939289 0.3402767445 0.2180882332)
(0.1028345951 0.3325 0.1755)
(0.05742753632 0.01402037317 0.1735504815)
(0.103323824 0.0201446753 0.09369500295)
(0.0999870523 0.03324471189 0.1755)
(0.1065236422 0.1517530473 0.2925)
(0.085 0.2196756002 0.3105710752)
(0.095 0.1202520092 0.08459538308)
(0.095 0.2397479908 0.08459538308)
(0.065 0.1151042854 0.2783780159)
(0.065 0.18 0.07800561643)
(0.065 0.2549025945 0.1260473043)
(0.065 0.1050974055 0.1260473043)
(0.04847070985 0.2762128095 0.2562531703)
(0.1541154751 0.2484802703 0.1217857085)
(0.1410822023 0.1074248122 0.1281898331)
(0.1610460743 0.144310915 0.1733317766)
(0.1589977196 0.2067517327 0.1615286616)
(0.1393915238 0.18 0.08178086396)
(0.055 0.18 0.295416771)
(0.1504281737 0.09931859655 0.2154313062)
(0.1536745202 0.1507826605 0.2325384385)
(0.1575824656 0.2088636109 0.2320839681)
(0.085 0.2707206248 0.2179735823)
(0.1425990618 0.2671411871 0.2474826705)
(0.085 0.2374806538 0.2688511455)
(0.055 0.08626859823 0.2187360146)
(0.085 0.08865146077 0.1874306442)
(0.095 0.2651938411 0.1576305165)
(0.055 0.2706818847 0.1874858848)
(0.1504813135 0.2597812629 0.1883891361)
(0.03369900776 0.08712859198 0.1566556666)
(0.09761107881 0.08808894313 0.2490216541)
(0.045 0.2217440477 0.117863756)
(0.1233690403 0.2097568111 0.2816786295)
(0.045 0.232436657 0.2623706183)
(0.1573240238 0.09853804708 0.2936350857)
(0.085 0.2216331018 0.118068766)
(0.045 0.1382559523 0.117863756)
(0.085 0.1383668982 0.118068766)
(0.035 0.2566958151 0.1613580963)
(0.035 0.2611870595 0.2155593557)
(0.1251099769 0.1286543181 0.2609689334)
(0.065 0.1936110838 0.1134332464)
(0.09877359143 0.1020814427 0.3285307459)
(0.075 0.1526473872 0.2746754392)
(0.045 0.1112118013 0.2399415732)
(0.035 0.1525014256 0.2751006107)
(0.1516695762 0.1035159339 0.06814952014)
(0.1526961502 0.2589935194 0.06424868464)
(0.095 0.18 0.2768802877)
(0.095 0.1023023423 0.1516768042)
(0.095 0.1726856552 0.1092688335)
(0.055 0.1002510749 0.1883918157)
(0.1424723081 0.1843669686 0.1994911927)
(0.05614621189 0.09454241714 0.05373844819)
(0.085 0.2592402053 0.1884339694)
(0.05726119513 0.2655870645 0.3055056267)
(0.075 0.2062316366 0.2714101471)
(0.095 0.2476325308 0.2391865377)
(0.1503636808 0.2617738552 0.3315)
(0.095 0.2375378778 0.1420326521)
(0.1178623896 0.2168759802 0.1268591569)
(0.085 0.1037898892 0.2142990211)
(0.05614621189 0.2654575829 0.05373844819)
(0.1351672925 0.1716244547 0.1663987422)
(0.1353119037 0.1680747294 0.1235357714)
(0.1070687691 0.08933119779 0.2885622732)
(0.0685810159 0.1407378175 0.3222404805)
(0.03449224587 0.1713755251 0.1021860134)
(0.1342331442 0.1502217096 0.196189336)
(0.1223184119 0.1000209858 0.1883727499)
(0.1369254756 0.2216936998 0.1915451615)
(0.1349684132 0.18 0.2421188188)
(0.085 0.1327429966 0.2557157992)
(0.065 0.2440825885 0.2368672446)
(0.035 0.1223926675 0.1419687146)
(0.1154347035 0.2697455851 0.2939450823)
(0.065 0.110912282 0.1646953172)
(0.1192838478 0.2559367415 0.2142297946)
(0.025 0.1071827543 0.213439831)
(0.06176904083 0.1645122835 0.1154750953)
(0.1290993711 0.2010271173 0.1693987062)
(0.1354795354 0.08544239888 0.2545853769)
(0.05069132167 0.08395216798 0.3457355737)
(0.065 0.2516654105 0.1635646364)
(0.075 0.1176268374 0.235750421)
(0.055 0.1332105507 0.2551150856)
(0.055 0.2350950022 0.1442814776)
(0.09431915854 0.2674607004 0.339763098)
(0.035 0.2535897166 0.1889021822)
(0.1025360338 0.2757934509 0.1153020564)
(0.025 0.2442568515 0.2369810963)
(0.1045196 0.2710203704 0.04806396456)
(0.065 0.2500219492 0.2127319657)
(0.1011216838 0.08089941025 0.03799697792)
(0.035 0.18 0.2704856258)
(0.045 0.2040689675 0.265110507)
(0.1254676039 0.2473992066 0.1654359669)
(0.075 0.1254708695 0.1448023992)
(0.1406212676 0.1386173647 0.3348127797)
(0.1020124188 0.08469569723 0.1110234136)
(0.1286827158 0.2027208 0.2181865466)
(0.065 0.2144693583 0.1313062047)
(0.025 0.1920020674 0.1230755535)
(0.1100269309 0.2270642429 0.2554681405)
(0.1625432266 0.27036105 0.2836461406)
(0.09330179976 0.2836788296 0.25658473)
(0.1265982782 0.1630729528 0.2214883659)
(0.06266372497 0.07946284578 0.2579858205)
(0.1573213381 0.08891170684 0.3432471009)
(0.1023522687 0.07015289159 0.3593641075)
(0.065 0.18 0.2699385701)
(0.1212354689 0.1866370022 0.3284080397)
(0.1269355023 0.1448982289 0.1626865434)
(0.0271167312 0.09868383664 0.1890223326)
(0.055 0.1101786034 0.2126811789)
(0.02727547683 0.2356677506 0.1437542255)
(0.025 0.135071005 0.2527247739)
(0.1165087215 0.2805019927 0.1851720919)
(0.095 0.2493444062 0.2125603886)
(0.05362948276 0.224031236 0.0729919867)
(0.05480053618 0.2747854498 0.3476586801)
(0.1038169504 0.1584061276 0.04794760455)
(0.09274443101 0.2073295368 0.04635136565)
(0.1150421471 0.1436517023 0.1278342287)
(0.05362948276 0.135968764 0.0729919867)
(0.1073525749 0.204535217 0.09236151014)
(0.05506203033 0.2838226428 0.0975)
(0.1049353701 0.07202035474 0.2145)
(0.095 0.1096653504 0.1891719048)
(0.1025937674 0.2896511965 0.3605761903)
(0.095 0.1568884251 0.2623217179)
(0.055 0.1568884251 0.2623217179)
(0.1633229393 0.08521697919 0.1735302391)
(0.05506203033 0.07617735721 0.0975)
(0.05354836504 0.08277271368 0.3022688706)
(0.075 0.2239366661 0.2514498298)
(0.025 0.1454868055 0.1312252025)
(0.07725495323 0.286709181 0.1366967501)
(0.025 0.2138150655 0.1325152319)
(0.065 0.2492658695 0.1892604664)
(0.095 0.1968191923 0.1212428633)
(0.1179122157 0.1062797755 0.2220771577)
(0.045 0.237408613 0.2325069189)
(0.1276662222 0.1338834945 0.2251294168)
(0.1262610154 0.2306127943 0.2280669889)
(0.1482607895 0.07276332391 0.03174255412)
(0.1527713109 0.1497314657 0.2915379321)
(0.095 0.2442076522 0.1668359125)
(0.05358656994 0.2915204425 0.2142262104)
(0.1108851713 0.2521795905 0.1890190286)
(0.065 0.146640661 0.1333573408)
(0.1222292172 0.1591038726 0.2558683395)
(0.081561865 0.288784567 0.1779794386)
(0.04235780236 0.2891517507 0.1765586569)
(0.03060845857 0.09639012852 0.2735497753)
(0.095 0.2027077999 0.2611455613)
(0.07541089087 0.3311948093 -0.04319700031)
(0.1241621841 0.3328046617 -0.04587980638)
(0.02374434172 0.3314657985 -0.04215854964)
(0.08093275276 0.3343722771 0.4437544875)
(0.0307555039 0.331034302 0.4400305138)
(0.1288010288 0.3319867082 0.4378601791)
(0.1758010288 0.3319867082 0.4365772162)
(0.1316790592 0.02715457167 -0.04476563706)
(0.1817609105 0.02758270875 -0.04553261361)
(0.08164157972 0.02672207105 -0.04567944355)
(0.1749327528 0.02937227714 0.4451988974)
(0.1025937674 0.2896511965 0.4384891765)
(0.1014760944 0.06672391588 -0.04245179694)
(0.02460042437 0.03677420077 0.4354404691)
(0.07862177029 0.02083459625 0.4347789085)
(0.1276379919 0.02947395837 0.4356583058)
(0.1025937674 0.2896511965 -0.04660568041)
(0.1668612109 0.3400777223 -0.04271140354)
(0.006395138322 0.03236936316 -0.04343789845)
(0.1500387893 0.3061982798 -0.03668246363)
(0.05483442109 0.0561448727 -0.03582163511)
(0.1500387893 0.3061982798 0.4243730015)
(0.1460297565 0.05179337908 -0.03179488442)
(0.1482607895 0.07276332391 0.4360236349)
(0.06740177101 0.0719632709 0.4349924768)
(0.05483442109 0.3038551273 -0.03566434722)
(0.06083754494 0.3023675507 0.4287821429)
(0.1150457233 0.06224370182 0.4249419557)
(-0.07429193926 0.009185729687 0.347453948)
(-0.07672248808 0.3576444118 0.3477130412)
(0.03480102884 0.02698670822 -0.02453871753)
)


// ************************************************************************* //
