/*--------------------------------*- C++ -*----------------------------------*\
| =========                 |                                                 |
| \\      /  F ield         | OpenFOAM: The Open Source CFD Toolbox           |
|  \\    /   O peration     | Version:  2412                                  |
|   \\  /    A nd           | Website:  www.openfoam.com                      |
|    \\/     M anipulation  |                                                 |
\*---------------------------------------------------------------------------*/
FoamFile
{
    version     2.0;
    format      ascii;
    arch        "LSB;label=32;scalar=64";
    class       labelList;
    location    "constant/heater_4/polyMesh";
    object      faceRegionAddressing;
}
// * * * * * * * * * * * * * * * * * * * * * * * * * * * * * * * * * * * * * //


1005
(
4021
4022
4023
4025
4026
4027
4028
4029
4030
4031
4032
4033
4034
4035
4036
4037
4038
4039
4040
4041
4042
4043
4044
4045
4046
4047
4048
4049
4050
4051
4052
4053
4054
4055
4056
4057
4058
4059
4060
4061
4062
4063
4064
4065
4066
4067
4068
4069
4070
4071
4072
4073
4074
4075
4076
4077
4078
4079
4080
4081
4082
4083
4084
4085
4086
4087
4088
4089
4090
4091
4092
4093
4094
4095
4096
4097
4098
4099
4100
4101
4102
4103
4104
4105
4106
4107
4108
4110
4111
4112
4113
4116
4117
4119
4120
4121
4123
4124
4126
4127
4128
4130
4131
4133
4134
4135
4137
4138
4140
4141
4142
4144
4145
4147
4148
4149
4151
4152
4154
4155
4156
4158
4159
4161
4162
4163
4165
4166
4168
4169
4170
4172
4173
4175
4176
4177
4179
4182
4183
4184
4185
4187
4188
4189
4190
4191
4192
4193
4194
4195
4196
4197
4198
4199
4200
4201
4202
4203
4204
4205
4206
4207
4208
4209
4210
4211
4212
4213
4214
4215
4216
4217
4218
4219
4220
4221
4222
4223
4224
4225
4226
4227
4228
4229
4230
4231
4232
4233
4234
4235
4236
4237
4238
4239
4240
4241
4242
4243
4244
4245
4246
4247
4248
4249
4250
4251
4252
4253
4254
4255
4256
4257
4258
4259
4260
4261
4262
4263
4264
4265
4266
4267
4268
4269
4270
4272
4273
4274
4277
4278
4279
4280
4282
4284
4285
4286
4287
4289
4291
4292
4293
4294
4296
4298
4299
4300
4301
4303
4305
4306
4307
4308
4310
4312
4313
4314
4315
4317
4319
4320
4321
4322
4324
4326
4327
4328
4329
4331
4333
4334
4335
4336
4338
4340
4341
4343
4345
4348
4349
4350
4351
4353
4355
4356
4357
4358
4360
4362
4363
4364
4365
4367
4369
4370
4371
4372
4374
4376
4377
4378
4379
4381
4383
4384
4385
4386
4388
4390
4391
4392
4393
4395
4397
4398
4399
4400
4402
4404
4405
4406
4407
4409
4411
4412
4414
4416
4417
4420
4421
4422
4423
4424
4426
4427
4429
4430
4431
4432
4433
4435
4436
4438
4439
4440
4441
4442
4444
4445
4447
4448
4449
4450
4451
4453
4454
4456
4457
4458
4459
4460
4462
4463
4465
4466
4467
4468
4469
4471
4472
4474
4475
4476
4477
4478
4480
4481
4483
4484
4485
4486
4487
4489
4490
4492
4493
4494
4495
4496
4498
4499
4501
4502
4503
4505
4507
4508
4510
4511
4512
4513
4514
4515
4516
4517
4518
4519
4520
4521
4522
4523
4524
4525
4526
4527
4528
4529
4530
4531
4532
4533
4534
4535
4536
4537
4538
4539
4540
4541
4542
4543
4544
4545
4546
4547
4548
4549
4550
4551
4552
4553
4554
4555
4556
4557
4558
4559
4560
4561
4562
4563
4564
4565
4566
4567
4568
4569
4570
4571
4572
4573
4574
4576
4577
4578
4579
4580
4582
4583
4584
4585
4586
4587
4588
4589
4590
4591
4592
4593
4594
4595
4596
4597
4598
4599
4600
4601
4602
4603
4604
4605
4606
4607
4608
4609
4610
4611
4612
4613
4614
4615
4616
4617
4618
4619
4620
4621
4622
4623
4624
4625
4626
4627
4628
4629
4630
4631
4632
4633
4634
4635
4636
4637
4638
4639
4640
4641
4642
4643
4644
4645
4646
4647
4648
4649
4650
4651
4652
4653
4654
4655
4656
4657
4658
4659
4660
4661
4662
4663
4664
4665
4667
4668
4669
4670
4673
4674
4675
4677
4678
4680
4681
4682
4684
4685
4687
4688
4689
4691
4692
4694
4695
4696
4698
4699
4701
4702
4703
4705
4706
4708
4709
4710
4712
4713
4715
4716
4717
4719
4720
4722
4723
4724
4726
4727
4729
4730
4731
4733
4734
4736
4737
4740
4743
4744
4746
4748
4749
4751
4753
4754
4756
4758
4759
4761
4763
4764
4766
4768
4769
4771
4773
4774
4776
4778
4779
4781
4783
4784
4786
4788
4791
4794
4795
4797
4799
4800
4802
4804
4805
4807
4809
4810
4812
4814
4815
4817
4819
4820
4822
4824
4825
4827
4829
4830
4832
4834
4835
4837
4839
4842
4843
4845
4846
4847
4848
4849
4850
4851
4852
4853
4854
4855
4856
4857
4858
4859
4860
4861
4862
4863
4864
4865
4866
4867
4868
4869
4870
4871
4872
4873
4874
4875
4876
4877
4878
4879
4880
4881
4882
4883
4884
4885
4886
4887
4888
4889
4890
4892
4893
4895
4896
4897
4898
4899
4900
4901
4902
4903
4904
4905
4906
4907
4908
4909
4910
4911
4912
4913
4914
4915
4916
4917
4918
4919
4920
4921
4922
4924
4927
4928
4930
4932
4933
4935
4937
4938
4940
4942
4943
4945
4947
4948
4950
4952
4953
4955
4957
4958
4960
4962
4963
4965
4967
4968
4970
4972
4975
4978
4979
4981
4983
4984
4986
4988
4989
4991
4993
4994
4996
4998
4999
5001
5003
5004
5006
5008
5009
5011
5013
5014
5016
5018
5019
5021
5023
4024
4109
4115
4181
4186
4271
4276
4342
4347
4413
4419
4504
4509
4575
4581
4666
4672
4738
4742
4789
4793
4841
4844
4891
4894
4923
4926
4973
4977
5024
4114
4118
4122
4125
4129
4132
4136
4139
4143
4146
4150
4153
4157
4160
4164
4167
4171
4174
4178
4180
4275
4281
4283
4288
4290
4295
4297
4302
4304
4309
4311
4316
4318
4323
4325
4330
4332
4337
4339
4344
4346
4352
4354
4359
4361
4366
4368
4373
4375
4380
4382
4387
4389
4394
4396
4401
4403
4408
4410
4415
4418
4425
4428
4434
4437
4443
4446
4452
4455
4461
4464
4470
4473
4479
4482
4488
4491
4497
4500
4506
4671
4676
4679
4683
4686
4690
4693
4697
4700
4704
4707
4711
4714
4718
4721
4725
4728
4732
4735
4739
4741
4745
4747
4750
4752
4755
4757
4760
4762
4765
4767
4770
4772
4775
4777
4780
4782
4785
4787
4790
4792
4796
4798
4801
4803
4806
4808
4811
4813
4816
4818
4821
4823
4826
4828
4831
4833
4836
4838
4840
4925
4929
4931
4934
4936
4939
4941
4944
4946
4949
4951
4954
4956
4959
4961
4964
4966
4969
4971
4974
4976
4980
4982
4985
4987
4990
4992
4995
4997
5000
5002
5005
5007
5010
5012
5015
5017
5020
5022
5025
)


// ************************************************************************* //
